300
60
97
105
97
105
102
99
103
100
95
105
99
103
98
102
95
103
101
100
99
105
95
102
104
101
96
100
105
98
98
102
95
103
96
102
98
102
102
102
105
95
105
100
99
99
100
99
97
101
97
98
105
98
96
103
102
98
99
104
99
104
100
98
99
100
100
95
97
96
104
101
99
99
99
102
96
100
105
102
103
102
98
97
103
98
98
97
103
104
95
97
98
101
100
103
101
96
101
98
95
100
103
103
100
104
103
104
98
99
105
98
96
101
100
105
100
96
99
97
100
104
100
96
98
100
105
104
103
105
100
97
102
97
98
100
105
104
105
97
101
99
105
98
98
97
95
100
103
97
101
96
101
105
98
100
99
105
101
95
104
98
96
98
101
98
95
101
96
96
97
96
95
98
95
98
95
101
95
104
104
103
101
104
100
98
96
98
96
101
105
97
103
104
105
103
102
98
99
97
99
100
101
102
96
99
96
95
99
97
100
104
104
100
104
105
95
98
104
100
103
103
95
103
95
99
99
100
104
104
103
102
97
96
97
99
100
96
105
98
101
96
95
101
95
97
100
95
99
100
100
96
95
95
101
96
96
101
104
97
104
100
97
105
95
102
103
97
104
95
99
100
96
103
100
105
104
100
97
104
100
96
96
99
103
102
103
100
103
100
95
97
105
103
101
98
99
104
102
104
104
103
