350
70
113
80
91
130
100
129
133
76
131
135
120
72
127
121
109
138
99
80
79
92
136
77
128
98
80
93
91
135
112
104
121
88
88
119
104
86
89
103
94
134
128
111
111
78
80
117
78
96
105
109
70
123
96
71
110
98
102
72
79
131
104
114
135
76
101
89
86
122
74
98
101
125
103
81
131
129
138
73
79
83
88
87
136
123
118
92
112
100
119
109
120
125
82
99
86
74
127
99
137
84
133
71
79
138
104
86
106
78
131
132
94
71
98
113
74
123
108
89
134
108
93
109
116
116
109
104
105
89
76
99
86
75
108
87
95
71
134
115
123
78
101
104
84
98
102
109
75
130
87
84
101
120
82
74
137
107
95
134
103
85
112
110
75
74
120
71
74
96
106
79
121
120
77
125
76
72
107
115
93
128
98
87
83
111
110
116
79
130
104
138
112
74
136
109
110
75
113
80
86
126
119
128
84
136
97
111
84
91
137
80
115
115
120
111
92
132
103
115
115
90
99
113
122
101
99
95
87
80
105
78
97
104
111
71
100
72
135
76
71
116
114
115
138
95
110
127
118
105
115
130
133
94
136
71
83
113
91
70
95
74
106
117
88
108
104
71
120
120
93
73
107
91
90
76
124
106
118
103
108
125
86
92
104
95
101
124
137
116
75
136
118
87
138
108
93
113
99
123
135
127
80
72
128
96
80
94
82
111
121
109
115
123
100
115
121
125
91
110
131
73
82
127
104
94
89
95
134
125
94
71
102
130
71
125
133
118
118
130
116
132
92
78
114
111
103
108
120
137
124
125
