250
50
66
62
28
69
81
16
63
5
71
97
96
74
41
37
60
90
81
70
37
1
3
81
19
100
7
70
52
7
7
42
81
85
93
38
2
75
43
22
6
78
69
60
38
85
11
16
32
85
81
52
91
12
30
32
33
98
54
100
62
59
95
71
97
16
20
30
76
68
74
85
51
4
34
72
51
61
87
100
20
90
33
19
30
88
52
44
75
48
98
23
10
40
15
31
86
47
24
67
82
79
43
99
20
86
97
93
77
43
32
96
81
3
30
50
53
31
52
38
84
93
15
21
94
90
42
23
25
85
18
15
81
82
52
79
67
13
31
73
11
3
6
31
86
99
6
3
32
17
24
66
41
21
7
31
29
39
42
6
74
38
85
23
49
84
14
52
97
82
62
17
94
29
31
28
96
60
42
48
3
23
67
47
42
9
26
33
61
14
53
38
88
20
72
33
6
89
9
7
84
47
4
46
17
80
37
68
34
30
39
16
63
29
2
3
43
79
90
68
53
17
98
31
66
94
50
34
33
23
86
43
59
2
37
71
39
52
48
86
40
90
76
91
99
54
94
33
70
40
57
90
