750
50
7457
5511
2638
2391
7240
5913
3094
2989
5821
5685
1183
5606
2629
7272
1459
7158
5414
3277
2965
2172
6162
3888
986
5461
2378
4202
5262
4944
115
1143
233
3033
4029
781
6702
1189
5041
6744
4388
693
5155
7316
4163
7013
6632
2921
2594
5532
1240
3991
1156
5837
6794
1185
2845
6082
504
5223
3597
4396
4248
463
2351
7040
6290
405
76
7266
4713
2447
4397
5705
157
2211
4964
5994
5118
1895
7273
6294
1718
3679
3704
6287
2349
3945
3663
522
6236
1826
6116
7381
6009
3565
3129
1773
7455
3378
6532
6956
162
2240
3570
4758
1095
6003
1526
198
7468
2068
2464
4305
1881
1109
6880
2094
2268
6127
1304
6727
2504
6179
5753
806
7134
5853
4889
4184
3893
2424
6639
4482
2778
6591
264
1821
5824
4097
2077
4517
652
1831
5387
979
3502
5712
4419
6863
362
516
4332
325
5118
2089
4001
5603
4027
3085
5543
3781
5863
6799
3743
4032
1375
78
6232
1670
3471
3028
3379
526
6998
649
2295
7288
454
52
5100
909
1797
5658
5430
899
2444
2957
4704
6669
2180
5823
4368
384
1445
319
2852
5490
1740
6440
3378
6289
126
1593
358
3165
5955
5554
3218
3862
6728
757
3478
2015
1760
728
3173
3725
2233
5097
1929
1775
4112
7458
52
4679
568
6553
4759
810
1053
881
3787
4967
5232
1848
3333
523
4530
1077
6143
4876
771
1707
2413
6271
5710
1331
2284
4559
905
647
4202
5829
2526
6064
5222
3044
148
1713
3759
2632
4661
2829
6995
1086
2069
2342
3145
1723
6026
5089
4263
5052
2105
195
5150
7479
1728
169
2705
4917
1975
1824
6562
273
2533
1439
1203
2466
5739
5237
1768
761
3940
4362
5121
4868
2815
7306
3144
741
2935
7077
3536
6697
1283
6458
1650
7108
6386
6240
6075
7457
827
4684
4001
2423
909
1214
641
5895
4835
7189
4979
2416
2747
176
6179
140
3136
3315
652
7172
1581
2201
7140
6814
6937
3040
4404
6742
4217
31
2482
3303
5923
2476
4602
3200
1414
6976
6024
5467
2619
6946
2198
1621
3535
784
5351
4581
7482
2431
2978
447
6300
1893
7173
4564
1447
5911
292
5003
1664
3203
2909
2422
572
4426
2504
4958
5177
3022
7095
6957
2879
3666
4938
3038
5735
3838
3517
7091
4498
4879
2467
6928
5358
5803
1418
6906
376
7258
1845
5529
4980
2465
4226
5468
3827
4666
6900
5705
3291
3652
2100
2150
4104
1983
3196
5326
7346
820
972
7484
538
1832
5121
5535
5975
5210
451
969
4616
4993
3001
1012
1971
4130
1204
1334
2028
3177
6588
2426
3272
4951
3947
7412
7178
4571
905
5116
4882
2618
726
2701
4665
4139
5812
5270
2355
2826
6051
5235
3619
3968
7176
781
6042
808
4234
6783
7106
1378
7028
2422
4406
3348
5929
5080
5705
4426
1642
987
6964
6309
2005
4687
6841
2984
1323
418
1497
97
688
3189
2629
2067
6458
5060
6217
5898
2426
5956
1561
6746
7390
5871
7259
3483
5716
6615
5715
3060
357
3965
3566
1537
5724
3384
572
6000
3108
1288
5523
6484
7440
759
5379
3781
6788
6960
2192
5154
6780
5318
6333
745
6915
5269
5992
7310
5575
6095
2586
1642
6808
1275
3048
3714
3034
6264
4447
3976
6332
1710
4988
5890
3025
5130
536
5206
4000
5041
325
4328
292
1962
7255
6239
2115
400
4076
6927
3678
5559
3666
1673
6975
1441
2017
4826
4960
4162
501
6113
1217
3284
4631
6581
7433
4036
3744
1769
6647
2939
346
3140
5495
3630
4174
1683
4886
7452
1165
4788
6691
4257
874
342
7022
4177
4685
942
4490
3195
3153
4110
7368
5324
3430
5180
2493
6084
2028
4218
620
5941
6957
4370
1888
5553
6529
258
4735
3233
1956
2935
3698
734
6118
3705
5914
4814
4455
2038
6931
3432
499
7264
1897
6851
1803
2062
4514
4869
2315
921
519
4495
4343
3241
1290
1592
4063
4123
6757
4727
4257
3223
3406
4117
7132
7166
5039
2528
380
5039
3128
3859
1985
30
298
7016
6526
5289
6350
3338
4102
417
3114
5693
215
2027
4923
817
876
6634
5132
3329
3258
338
2309
796
3573
3220
5017
2490
262
390
5667
2795
549
1231
4717
6242
2177
5645
4352
2403
4480
5746
4571
5641
18
4911
1132
4432
428
6067
4450
2865
4779
7296
5341
4962
5126
1148
4774
3601
4422
5297
2887
6518
4719
2608
395
1989
2144
7398
