141
70
118
123
90
75
80
99
132
135
115
123
83
83
76
81
71
77
91
97
105
74
112
136
131
135
116
82
99
120
119
120
127
87
72
80
116
77
131
134
113
92
125
134
105
108
78
91
110
91
87
117
103
123
96
95
88
139
87
84
112
104
132
86
96
71
85
89
83
96
84
106
88
120
89
94
117
97
120
133
100
130
73
125
105
97
96
139
126
85
131
118
106
116
70
131
101
100
114
115
126
94
104
121
105
102
95
113
73
122
94
70
134
80
73
81
82
79
85
90
132
94
71
79
88
83
123
75
70
138
97
104
126
119
130
71
110
128
135
128
112
99
136
