200
40
72
97
82
90
69
30
21
9
14
19
50
29
97
4
59
46
15
6
40
66
27
84
51
95
87
38
92
7
75
97
15
96
93
81
14
67
91
97
88
62
65
57
36
42
38
7
28
96
55
55
20
55
4
83
33
54
15
33
15
90
51
3
71
92
35
76
8
30
78
48
71
29
6
49
72
56
20
7
61
14
50
49
91
48
40
36
38
2
46
77
15
22
93
21
100
82
58
83
93
36
1
41
48
95
10
89
89
77
2
70
34
75
50
28
17
11
99
95
12
56
78
52
49
74
43
27
65
50
6
13
11
8
59
93
85
50
72
68
68
90
6
82
45
52
73
91
46
94
4
71
27
82
74
61
46
28
54
41
32
44
8
43
38
52
97
19
20
62
49
70
1
34
67
10
56
54
11
60
2
86
44
51
83
97
89
25
9
84
30
93
38
56
40
11
72
76
65
76
50
11
