700
70
2408
1779
1798
4551
6085
4839
2941
6802
5073
6473
1679
6543
6049
6374
2364
948
2465
2662
300
1381
2684
6050
3584
2936
4783
2974
4775
4336
836
4732
5345
3255
633
3490
6325
3413
5531
2168
5087
791
3772
782
6534
5053
2505
2386
406
1373
5476
6884
359
6646
4705
6191
588
6165
1938
1042
6330
1912
5991
6550
5279
902
6783
5221
6755
5152
5987
4665
4558
3906
1513
2501
1843
6122
4368
491
5909
2153
57
391
5341
5343
6126
1023
5690
4688
6123
6830
5951
3164
2201
3834
3191
5658
2810
4310
6843
3888
6882
2421
4837
1731
420
5238
858
2318
3416
6015
4441
6774
1956
5550
5856
5576
1523
4779
844
6746
6884
3081
3695
70
6551
1332
1709
4831
6857
134
1935
1568
3533
2819
2964
2648
253
407
3732
1031
4488
3474
4552
2937
1137
5847
2880
3305
6108
2056
6725
2438
4429
2880
5967
1856
5840
2394
3088
6104
1807
4503
3731
228
3753
177
69
534
4920
5270
5339
6916
3506
3651
3803
6927
4345
4718
4742
4406
6115
3215
282
730
4548
3832
812
5611
1849
2028
1957
1764
3053
4647
5286
6285
3206
4482
4547
117
4578
2363
4141
3456
2608
1884
1675
911
1508
2541
2378
5305
1916
142
6112
3633
5665
2791
6007
234
834
2238
3022
6140
529
685
5214
2890
970
783
5396
6339
3156
3302
3025
3585
5712
377
6493
3219
34
777
5864
2613
3477
2102
5787
3129
216
424
457
4106
912
2507
2417
1427
5575
3866
959
5959
4747
62
3737
883
3157
3493
3248
1459
6890
5784
1196
3581
4006
2360
5827
2527
6169
1704
5159
1691
4415
1693
4126
1647
3477
6009
1500
4409
4751
6477
5070
3745
5577
2225
348
5178
2995
3304
2604
6143
1282
6689
948
1318
2896
636
5701
6916
1190
35
4368
6383
2187
5495
3253
2457
3138
2337
5785
2090
5622
5091
4783
2103
975
3343
5198
3109
2301
2342
201
2379
4417
1963
1456
3234
6997
675
2558
5490
2629
2615
1075
5474
5502
283
861
3060
932
4368
1003
6141
4386
2776
6046
6482
335
2575
4287
5540
89
5985
1544
4361
3949
1934
5934
1423
6021
2190
2382
6695
5108
2250
3322
5170
3874
325
6148
479
5182
1159
466
1596
2412
1516
6575
2251
1432
3674
331
4882
3683
2081
3583
6066
3384
5574
5315
2691
2966
6383
3096
1473
2891
2825
5978
640
1992
4293
879
6783
5933
3436
4034
6647
6378
5075
6466
6187
782
3578
1922
2229
2832
5816
3927
5881
5506
2895
2407
6622
3145
823
1045
2084
2538
3946
2007
1647
1746
314
1812
5919
1371
1625
4394
5913
5200
2745
6665
1757
3274
4219
1581
1085
2234
6389
2594
2958
1494
1271
540
4550
6003
4831
3367
4630
938
468
2097
2679
1056
6199
4780
5107
4999
6030
279
1552
6816
382
6083
2941
6173
6015
4332
1645
3955
5094
6847
1530
6295
1344
5273
4928
4716
1166
3850
632
4455
938
4231
6637
847
1178
264
5305
517
1268
2749
5838
2860
4985
281
2870
1528
297
2266
1290
4344
6322
3450
6033
5163
5540
6629
521
3510
6884
5598
1560
180
1186
4479
3806
2210
2965
6543
4297
3074
29
5950
1532
1835
6161
1260
816
5474
453
5402
3513
5306
5277
5157
265
2417
4978
1793
5667
1058
2222
4642
4309
403
940
6097
6538
1280
4781
565
4557
1351
699
5470
2515
3104
6165
863
4076
4866
4788
1218
3538
3478
6898
5376
5833
452
1
4379
6283
1533
974
6936
4234
177
5676
1541
1994
4635
1577
1680
2618
2211
6190
3417
5341
2410
2394
3643
6667
5003
3510
200
5873
6668
4003
6676
442
6310
6504
3563
4419
5371
2889
3818
6399
6705
2040
3730
656
4803
260
5611
6632
3179
4270
2642
2334
5343
2189
594
1361
332
1197
5003
5927
5946
6301
2026
546
798
734
5019
1930
1272
1971
972
1632
3675
60
3199
4886
3018
5467
1846
4883
1490
2238
4201
3731
6076
2060
3807
3424
6466
1662
50
2281
1876
6740
458
368
6585
2909
3950
5814
944
6016
1594
4453
4303
3320
5705
5362
5331
2242
4556
6460
