200
20
84
6
52
20
43
13
19
44
92
57
38
33
78
75
30
90
48
36
6
49
32
67
15
64
38
58
70
10
35
46
45
89
18
32
50
63
28
16
78
79
30
58
24
93
95
41
18
11
22
60
84
57
86
41
6
87
84
78
20
49
23
14
38
96
28
11
8
8
48
47
50
74
42
91
4
83
53
43
14
5
71
51
46
82
67
3
22
3
52
42
92
87
35
94
18
18
45
27
48
46
21
46
49
47
11
77
79
35
5
34
90
73
90
56
57
73
5
73
56
43
50
10
41
87
41
86
20
34
85
63
77
7
79
53
2
13
42
1
44
2
73
99
83
26
68
52
19
71
45
80
69
57
5
85
96
1
5
86
80
83
46
68
37
47
12
14
8
29
35
74
79
58
13
25
25
33
5
14
94
8
7
13
62
47
72
29
41
65
72
44
79
86
91
93
11
26
59
36
22
88
