400
80
100
103
103
99
96
100
95
95
95
104
101
97
100
100
98
96
101
101
98
98
99
95
102
97
98
105
97
102
100
105
96
105
95
95
104
105
101
105
105
101
99
97
101
105
104
103
101
99
100
98
101
97
104
104
96
97
98
101
103
104
103
97
99
96
98
97
99
95
99
104
100
97
100
105
99
99
101
105
105
100
105
105
103
97
101
97
98
101
103
103
98
101
98
101
105
102
95
97
98
96
99
102
99
105
99
99
98
99
105
104
100
103
100
101
98
102
98
105
98
101
100
102
98
98
96
101
96
101
95
95
102
104
97
104
95
98
105
104
99
98
104
102
95
99
104
98
97
105
95
102
95
98
102
95
103
102
100
100
104
101
97
98
101
100
102
96
103
103
102
96
101
97
103
102
96
95
105
100
103
100
103
95
102
97
100
100
100
97
103
102
95
101
100
105
96
104
100
98
95
96
103
101
98
103
100
103
103
104
101
100
96
97
98
103
102
101
105
102
104
100
103
104
96
105
99
95
101
101
99
97
97
100
100
98
101
95
103
97
100
97
97
96
97
100
105
96
102
101
95
99
99
100
97
95
95
103
103
100
98
96
100
95
100
102
99
105
97
103
95
98
100
105
100
99
102
97
101
99
101
104
97
100
105
103
98
104
105
99
101
102
105
103
97
95
105
102
103
102
98
98
96
104
99
99
99
95
104
104
98
101
96
100
100
95
105
95
96
98
96
99
95
96
97
97
104
100
104
102
95
102
105
101
95
96
105
95
99
99
102
105
104
104
102
95
103
97
100
95
103
103
99
95
102
99
105
95
97
96
101
103
105
103
96
96
104
104
105
97
104
101
97
95
96
105
96
103
102
102
99
98
97
100
104
96
100
100
102
99
101
100
100
98
102
96
96
96
105
105
101
97
