1200
80
59
19
54
14
31
1
92
63
94
14
79
52
78
15
77
30
31
7
87
87
33
81
95
100
4
15
58
27
7
39
76
74
70
5
13
43
6
46
31
40
1
94
27
24
81
69
11
67
14
84
93
95
34
78
56
13
53
68
93
19
32
6
16
14
20
23
11
90
100
52
24
9
69
56
40
54
35
15
70
96
25
67
10
71
76
50
14
48
37
83
69
50
80
15
74
24
35
27
24
75
65
10
67
63
62
19
76
1
84
97
22
56
11
5
19
30
7
56
24
23
12
39
52
49
66
84
72
73
94
73
10
28
96
1
48
51
61
27
60
18
75
88
71
37
91
34
93
26
46
15
46
46
40
91
79
44
57
48
5
2
68
52
22
25
41
64
43
49
96
89
75
97
97
79
23
6
98
17
11
45
11
61
10
100
5
56
85
36
39
74
42
16
30
4
21
16
63
78
13
25
60
61
56
7
63
52
65
19
33
77
90
89
42
59
12
83
89
81
58
73
83
2
83
73
9
46
40
61
80
46
6
10
10
76
61
44
28
86
86
67
13
39
82
73
3
85
46
54
27
14
95
50
94
49
28
94
38
67
28
78
50
23
62
30
30
20
18
88
36
46
23
20
100
74
81
51
12
55
68
39
95
48
31
13
59
13
45
61
39
32
89
36
33
14
31
3
20
25
40
84
42
28
100
96
73
10
6
86
7
4
67
81
32
92
7
68
48
75
13
18
50
93
79
36
75
39
9
35
97
50
17
15
49
23
11
41
11
8
8
65
17
52
97
58
23
8
83
29
44
1
36
35
56
29
52
58
37
51
76
86
14
63
13
90
11
2
41
69
38
100
80
75
33
55
26
52
87
53
77
50
29
14
19
1
14
53
45
12
7
51
57
79
70
86
77
33
31
51
84
49
81
84
16
32
43
99
98
6
80
68
14
86
34
36
42
89
16
98
25
16
37
2
47
94
57
22
17
77
36
21
96
90
80
20
98
9
77
57
76
96
58
58
76
53
1
61
59
97
87
21
17
71
79
41
19
53
54
82
95
54
39
95
9
12
33
51
28
41
70
67
27
54
58
85
50
42
70
26
70
86
58
32
21
13
17
48
9
52
74
18
61
79
32
89
46
92
92
77
39
77
48
83
31
83
83
45
94
96
3
73
81
96
53
35
19
40
46
53
62
93
91
20
93
33
71
9
89
7
95
10
47
54
65
13
26
1
9
30
51
43
83
64
6
79
19
47
19
99
81
90
9
55
81
93
87
83
52
27
94
58
21
92
85
13
83
17
86
30
91
46
71
26
53
20
13
53
100
4
81
6
97
20
88
35
24
23
51
35
42
26
39
14
28
28
90
34
32
94
98
32
30
37
60
56
29
14
31
79
86
73
19
53
37
93
4
77
27
36
34
51
86
60
14
43
12
59
41
42
87
81
33
4
8
89
68
9
36
16
71
52
83
20
71
28
37
76
74
56
26
10
48
22
16
82
30
88
17
65
59
47
56
100
32
8
48
62
83
82
8
91
43
72
90
59
61
65
15
23
45
64
80
92
43
37
92
70
80
17
67
49
33
69
1
55
63
11
76
49
21
82
22
69
89
22
43
9
25
97
72
36
27
26
54
63
96
75
56
76
46
46
45
19
30
73
90
43
33
12
11
7
47
96
24
39
44
18
91
6
36
55
8
14
94
9
48
78
28
45
31
36
31
79
92
78
32
39
80
81
41
15
49
16
76
77
87
74
29
64
66
75
62
29
6
10
26
64
87
80
100
32
2
86
86
69
71
72
71
24
26
93
91
86
9
86
3
7
41
14
41
31
35
50
58
2
86
47
14
85
31
48
83
92
65
56
67
65
68
71
51
16
15
30
6
32
54
41
56
37
5
63
72
78
78
58
68
61
12
73
86
54
12
66
59
65
81
86
3
37
75
93
84
64
12
46
85
44
27
60
61
63
19
80
73
48
55
92
55
83
50
35
67
81
98
55
4
89
91
58
1
72
1
73
86
99
17
51
45
68
88
17
80
27
31
16
88
69
3
5
64
3
54
11
49
67
91
91
10
13
63
5
7
33
44
20
22
45
74
96
61
29
15
80
100
73
94
31
66
81
32
10
50
7
92
44
84
84
35
42
48
6
27
40
5
42
75
18
13
35
2
58
89
98
94
99
48
16
82
14
69
32
81
71
85
4
9
43
57
61
63
9
89
66
89
30
99
15
42
18
86
8
82
4
29
3
59
84
69
12
86
31
96
90
9
96
12
69
78
50
39
12
85
6
91
51
67
78
54
79
89
37
36
3
79
29
100
39
71
51
8
95
73
24
63
68
64
98
37
19
38
28
52
89
20
54
61
18
88
49
44
32
24
52
16
68
12
6
20
83
88
74
27
79
80
96
2
88
4
27
49
63
58
66
100
57
96
46
85
54
36
94
22
50
41
72
15
75
81
9
78
28
35
15
48
2
35
13
26
51
51
20
29
82
87
38
66
82
11
86
50
27
77
60
47
19
60
95
4
6
72
79
77
53
6
63
44
54
3
77
4
28
53
75
87
19
85
82
5
7
30
3
72
17
60
17
71
83
10
24
4
23
90
63
51
7
40
99
43
55
86
60
21
9
31
40
100
87
88
75
92
61
79
7
10
92
26
50
4
58
43
1
30
99
2
14
66
90
100
80
74
100
40
92
23
76
44
77
80
37
52
22
3
47
46
33
26
99
86
6
55
54
