201
100
111
174
75
176
64
10
75
66
182
51
95
22
45
40
106
151
8
59
56
176
45
141
55
66
19
183
194
25
131
173
96
142
139
156
105
182
199
174
40
95
77
161
35
118
110
110
25
11
97
19
185
29
118
167
37
96
181
160
111
128
190
72
178
110
74
168
44
168
94
12
101
179
147
11
38
109
15
114
69
162
138
48
79
107
21
44
94
150
113
113
67
147
181
165
25
77
46
141
154
49
46
142
119
68
118
37
43
117
77
191
31
125
147
73
106
56
195
180
108
191
32
89
120
64
83
190
157
124
32
36
179
33
4
56
5
160
27
58
3
104
111
81
82
27
140
78
164
69
179
21
188
66
67
71
43
170
189
37
104
176
2
129
23
85
110
6
164
63
180
36
114
109
172
129
186
40
150
184
58
110
130
120
12
92
159
113
85
83
36
109
167
165
36
164
158
135
55
33
110
20
95
