300
30
523
2226
2425
636
2391
1901
213
1064
2878
570
1863
2724
36
1076
2953
2129
2603
1578
2886
450
1484
198
1748
1975
2042
1316
1339
887
2867
1488
1701
2569
1973
2080
176
461
1491
1386
2279
769
1103
2023
2081
622
2782
2197
516
364
1915
1341
1531
106
896
2430
1576
955
303
1839
2579
877
2639
2533
1178
124
1526
1163
2331
568
2298
401
1551
1432
1659
519
1500
2910
1696
1898
1683
1486
1260
1603
126
1445
1805
2059
931
2852
2667
2615
898
2563
1738
352
1939
18
678
1814
1381
522
2482
1017
1555
1186
1296
2073
2717
2003
1998
2698
613
1895
987
2581
722
2704
835
1535
2543
1804
958
1893
119
1936
2520
43
1010
1603
1267
2202
974
2130
235
2094
2177
2524
1691
2141
355
714
2207
2005
2484
120
890
1643
415
1764
1807
811
1989
918
2630
146
516
868
1744
2371
1559
1254
1400
2655
460
1644
766
1080
201
2625
337
185
2698
2222
2115
571
110
1682
1614
1843
1622
1758
925
612
1961
2546
2698
1976
2165
2410
1389
2910
917
510
2491
30
1025
1220
1678
1486
61
147
2440
2178
1871
1012
1719
974
2749
2985
1370
83
1882
601
2813
2026
861
115
2940
1349
2593
2573
1580
998
2366
491
218
683
1745
1320
951
939
410
1815
1652
2815
318
2405
2753
1903
1583
2039
2626
1936
912
527
508
1975
94
1367
598
210
1587
2288
2832
2838
2768
2249
1211
1821
2938
1423
1274
1951
2435
2648
1744
989
2237
2798
2075
1917
711
459
2368
1155
922
489
97
2038
69
1806
2453
250
2775
745
2924
2870
2054
1061
1021
172
1748
42
1503
1487
2379
630
133
2518
858
2557
