300
100
121
186
156
116
157
169
183
189
152
116
142
180
137
168
167
112
111
173
180
117
157
197
129
182
124
144
118
173
131
157
139
102
135
179
192
148
165
143
161
147
142
102
154
188
159
186
123
133
186
117
167
186
196
115
181
119
145
156
181
131
155
151
159
122
164
100
178
132
103
171
161
158
198
139
102
190
175
140
110
159
196
152
196
195
156
160
116
158
136
148
102
166
141
129
131
138
142
141
172
136
184
195
143
186
194
194
162
182
102
143
182
174
133
106
120
186
162
124
140
149
112
186
156
109
147
100
129
182
174
161
127
161
121
109
179
198
100
167
132
120
101
173
110
100
178
189
135
107
151
127
166
115
189
127
137
191
193
172
161
154
180
133
117
131
163
122
134
190
180
129
175
127
131
193
153
131
110
118
116
128
123
125
104
170
164
130
106
126
147
103
132
179
193
173
143
129
172
189
144
190
122
192
122
133
134
156
142
145
158
110
118
155
186
186
191
131
157
125
150
137
137
127
147
118
136
142
103
142
143
193
141
171
171
194
152
173
174
144
191
153
114
109
128
135
127
152
119
104
137
149
144
147
168
199
155
134
135
138
198
111
136
108
133
190
196
137
151
102
125
180
186
179
102
113
184
176
189
124
175
123
139
126
110
151
185
196
115
140
129
121
132
167
170
121
121
162
197
120
139
156
