600
60
2758
4602
3659
2574
1287
2146
489
3160
2765
2404
641
3973
4364
77
3857
285
75
3117
3453
3413
3633
4491
475
1279
5826
3262
1825
4059
5558
1618
1350
376
3155
3450
425
4284
2638
2349
3494
2882
4424
5240
249
5595
3533
863
2055
5784
651
1066
1140
1828
4619
2723
4276
3917
2412
1709
5728
3339
296
1963
4468
3178
5619
1312
3269
5679
2658
5683
1567
4440
4763
4039
869
1328
5626
3393
5447
1372
467
101
1939
1716
2046
5928
5058
4805
4067
4408
5767
5184
3439
296
3532
2723
5231
1579
579
3968
3583
4489
3709
3822
5982
5627
308
2638
5361
2529
4404
1483
3482
4134
5033
1650
1174
5397
3995
3123
2484
4989
4631
4263
3056
4591
1859
3440
5724
1579
2940
1784
2533
3141
2417
1167
132
617
2488
323
3992
4407
542
3870
3090
3970
2130
2768
2960
3031
3743
204
1083
713
3361
3994
2037
5452
5114
2211
4845
4311
4532
3075
2061
4192
57
4880
2566
3649
2258
3823
2508
2037
4688
2734
650
4677
2110
4066
2728
1011
677
1565
5389
479
365
5213
1913
2294
1541
2321
5832
1543
620
341
1342
390
567
5292
3465
2980
4518
1140
2147
5911
3279
3695
2827
5525
452
366
4017
172
1503
2205
1625
2660
650
4711
3706
2534
3607
2655
4869
54
3699
4631
351
2438
5432
2162
5179
1766
3507
3874
63
4492
599
2213
3813
2194
3587
5872
1307
3239
4500
2061
1642
1106
652
2659
4173
1071
4131
2292
724
2160
1651
1626
5463
4467
302
5525
974
315
604
4521
3278
3645
2345
1825
5720
1477
2023
2465
2738
263
3738
1471
2567
930
3503
3997
3432
2891
1243
682
3085
1831
4584
3730
4192
4039
5361
2331
5905
3270
3538
4092
1675
2568
5269
5171
2722
3351
3067
663
3290
3093
2778
3750
5455
1153
739
2630
2492
1462
1846
261
1175
2223
1450
391
133
873
2192
3409
1203
4910
261
5518
4971
2603
736
5065
2136
4839
1073
1209
5978
959
5587
5778
4631
3147
3140
5203
2818
2647
2250
5725
1291
2796
2321
2328
1076
5574
2366
431
2641
4005
5270
445
1912
2670
3222
3090
2422
3313
3744
1150
5821
2008
4959
5831
457
5836
451
2359
1792
341
183
4695
4005
151
4139
3942
5734
1869
2840
2630
5157
1450
2979
1841
1000
3094
1526
105
839
4423
5766
4583
5309
1380
743
3498
3186
15
180
3816
5415
1149
5057
560
4363
5053
4749
1900
5250
3398
1734
4750
339
3095
5517
2064
3587
129
3761
777
937
3737
527
5808
3176
2972
628
678
3805
280
1100
5893
2780
1021
2129
1513
4800
5257
3312
2575
1951
1762
5601
2255
464
957
5763
5310
4089
2847
4850
2801
1997
3163
1567
4738
5324
2213
1594
5135
4975
541
4661
2662
3502
3202
5887
4332
2938
5657
3387
4560
1957
3414
5546
5286
4208
4688
2714
786
3996
4773
5282
2028
779
3663
226
3003
3148
2017
3677
959
1763
1608
4166
1703
1700
4681
4987
1834
4617
516
1826
3010
647
5511
1274
4164
5890
3475
1880
2351
2254
5511
1420
5641
3518
3636
1915
1635
92
2707
4589
1306
5702
4094
3320
2378
1112
4965
3987
3912
5794
146
5216
429
2489
2028
5218
63
563
5191
1305
2836
5490
1306
91
5348
2080
5109
3133
1107
4901
1265
393
5707
561
2531
5162
4572
272
1257
1067
4320
1399
2804
2780
2354
177
318
2086
5806
2394
3307
5859
5620
4709
1842
4351
2219
2340
3251
2734
2128
779
2206
958
3908
