240
80
100
101
103
98
105
101
103
104
105
100
100
101
98
104
96
101
101
102
95
101
101
96
102
100
97
104
98
97
100
99
97
97
97
96
99
95
98
99
101
102
105
98
96
103
98
99
99
104
97
98
100
102
98
102
104
100
99
95
101
97
104
96
96
99
104
105
104
105
102
103
95
97
99
102
105
103
102
99
98
102
101
105
95
96
95
105
105
103
97
99
97
99
96
104
103
99
100
99
102
104
104
98
95
95
100
105
103
104
104
102
95
105
98
102
95
102
96
100
99
100
105
100
102
102
101
105
95
100
97
96
98
96
95
100
102
95
95
102
100
101
95
98
100
100
100
105
104
105
102
100
99
97
100
98
97
97
101
100
96
102
105
99
100
96
96
100
99
101
95
104
102
103
100
100
104
96
96
95
104
99
100
104
98
104
99
95
104
99
100
95
102
103
100
103
97
97
97
98
96
100
103
102
97
98
104
97
102
96
103
101
103
100
101
103
100
101
101
97
98
97
97
104
101
96
101
100
102
105
95
101
98
96
104
99
104
105
101
97
97
102
