240
80
102
96
95
101
105
95
103
103
99
97
102
97
99
98
95
100
100
104
97
101
96
98
95
95
95
104
102
99
103
100
101
97
104
104
105
97
101
95
105
100
100
96
95
102
103
99
105
100
103
95
96
100
98
105
95
95
104
99
102
105
105
105
95
105
103
99
97
103
105
98
95
97
102
99
99
99
103
96
102
105
99
97
97
101
103
104
101
100
105
99
96
99
104
105
104
96
98
99
101
99
99
105
96
98
105
98
101
95
100
101
99
104
102
102
98
101
96
104
100
105
103
105
99
95
95
103
105
100
103
102
100
101
96
98
96
100
100
104
102
100
102
101
98
96
99
103
102
105
101
95
104
102
102
101
99
99
105
99
96
99
104
103
102
99
97
104
104
104
95
96
100
104
97
105
95
105
96
105
101
96
96
103
103
96
96
97
97
99
100
95
95
95
104
99
105
101
105
103
95
104
102
99
96
101
97
95
105
100
95
96
105
96
95
95
105
105
104
100
95
98
98
105
102
97
96
105
105
100
104
105
98
105
104
104
101
95
99
98
98
102
