1350
90
150
146
136
118
135
134
128
179
154
153
96
112
157
138
177
135
121
125
101
177
156
140
142
103
142
106
100
128
148
163
145
178
130
105
176
144
148
144
127
151
98
94
153
163
106
105
130
125
130
131
156
152
108
160
153
136
108
104
143
123
108
164
92
133
120
106
141
149
126
164
126
146
172
114
117
130
103
122
149
163
94
116
166
157
121
176
177
174
168
173
146
111
115
158
165
155
149
151
92
172
142
113
91
121
143
152
148
98
95
101
135
111
109
121
141
121
134
125
179
142
135
93
129
111
102
165
116
157
137
158
147
154
167
139
121
147
178
109
99
137
169
156
157
139
129
175
142
102
178
167
151
170
110
124
119
142
149
90
100
106
149
129
158
118
163
162
166
110
176
101
143
114
172
134
169
125
124
141
127
158
112
143
92
146
173
119
108
123
135
156
142
138
105
119
100
141
93
171
115
152
117
156
120
91
91
111
120
176
168
173
93
115
144
134
145
138
123
141
127
93
116
114
127
123
151
147
110
142
104
107
129
127
114
148
117
104
176
161
93
151
159
102
100
117
149
107
92
101
114
116
116
134
176
159
114
123
95
146
134
151
116
111
163
126
155
105
179
105
97
98
98
105
129
178
115
157
141
132
127
135
175
123
158
128
97
115
163
111
100
122
101
167
161
101
104
92
161
98
113
178
127
151
158
165
119
114
171
178
159
140
145
130
128
133
141
145
123
107
120
170
94
177
92
124
157
92
133
96
152
102
175
166
91
166
91
171
126
119
93
148
137
107
123
102
99
131
96
155
104
145
104
143
136
128
167
118
122
155
111
156
143
168
177
138
137
145
146
169
110
113
167
133
136
117
102
165
143
98
134
109
156
138
177
168
150
111
165
90
167
102
124
130
112
112
125
117
174
157
133
106
128
119
142
130
120
139
108
99
163
139
151
167
127
118
151
126
158
100
138
127
124
131
100
153
173
121
178
95
129
100
99
136
162
90
129
109
136
140
139
117
167
101
107
164
166
161
158
111
98
124
173
143
147
108
122
159
126
144
161
109
117
164
171
168
101
115
172
162
151
143
139
102
170
105
162
178
142
135
179
179
142
106
110
137
174
137
167
155
136
172
172
138
93
155
137
138
162
116
119
155
113
99
105
168
127
165
120
90
114
169
178
115
152
154
147
130
93
100
157
141
149
154
164
154
112
92
134
132
173
127
178
92
158
167
135
95
168
92
115
143
154
127
155
107
96
172
164
121
100
168
155
166
140
163
130
141
155
91
119
120
101
114
139
91
120
103
168
132
118
176
115
157
122
100
140
141
141
112
106
99
110
99
135
107
91
94
104
91
152
149
117
160
100
166
117
158
170
138
117
170
169
98
104
149
178
121
157
104
159
141
116
149
137
140
177
171
132
172
153
110
136
149
150
96
161
100
140
106
150
107
176
178
111
175
150
147
140
120
101
153
162
164
162
166
96
174
116
144
129
151
157
92
136
178
135
179
109
102
110
105
109
148
165
141
177
104
105
143
139
130
124
117
103
145
111
166
103
125
127
105
105
122
119
152
146
99
157
146
155
107
117
115
166
154
157
167
172
106
108
153
144
176
146
139
91
150
91
131
144
166
158
174
165
120
173
105
110
99
96
135
146
144
167
137
134
96
167
107
113
129
152
168
112
146
168
91
161
118
159
138
152
160
171
139
124
162
111
105
122
178
166
103
103
170
90
141
91
118
143
177
172
128
113
137
129
92
125
123
121
134
170
155
168
97
159
103
140
150
118
127
164
113
132
141
165
117
165
125
121
107
128
129
179
162
146
100
110
144
143
137
142
95
124
142
175
139
107
131
135
90
159
107
142
126
143
149
95
95
162
173
177
137
170
149
147
160
179
129
153
99
102
154
124
141
120
105
110
97
126
111
169
96
104
91
170
148
93
177
168
122
169
177
115
128
119
94
126
106
116
109
118
173
158
113
167
132
99
96
115
158
124
122
145
144
117
121
123
125
176
171
93
128
94
136
161
140
156
139
119
92
114
129
116
130
150
118
93
110
142
156
111
130
157
116
172
133
131
149
133
151
124
113
171
119
104
148
150
132
155
139
107
143
92
145
159
171
111
115
135
95
95
163
92
98
137
157
137
119
127
143
127
96
127
105
171
129
107
145
105
97
120
143
114
133
116
92
129
95
135
108
90
118
177
157
98
132
172
164
166
173
176
177
111
92
152
155
129
119
128
106
164
122
129
145
160
153
134
174
126
162
143
118
164
144
113
171
177
164
152
173
92
174
155
133
148
100
137
137
112
122
158
152
100
131
117
101
138
171
125
144
128
141
172
132
121
140
115
142
98
149
92
122
176
135
117
107
118
113
104
158
158
151
128
108
102
140
120
178
116
103
94
159
120
123
134
151
140
101
151
179
153
160
127
130
166
144
161
159
128
167
115
96
134
108
173
114
92
140
105
109
128
139
97
110
154
124
164
112
101
109
174
138
91
119
143
104
147
139
119
141
150
152
109
114
94
145
168
161
94
173
176
169
163
123
138
160
102
92
109
163
124
139
130
147
159
159
143
135
169
143
134
172
99
95
131
95
133
176
142
167
103
124
133
142
94
167
102
142
113
116
94
97
98
131
118
121
96
111
102
131
147
141
110
167
120
142
90
140
173
145
119
153
120
110
178
157
159
92
164
158
135
153
168
164
167
164
121
178
150
173
158
171
164
162
137
110
119
139
117
92
170
154
162
162
178
118
115
159
152
140
132
148
158
103
167
92
115
122
92
118
128
100
126
100
101
130
137
114
105
165
102
106
100
112
96
165
148
110
161
115
139
125
140
167
153
161
146
131
105
168
146
124
166
151
118
105
103
115
99
108
166
171
115
150
113
114
91
141
154
103
139
139
170
112
157
144
176
119
140
146
114
173
127
137
134
113
164
131
115
101
92
114
166
120
177
156
92
137
117
112
172
107
98
95
131
152
174
121
97
142
143
177
128
97
125
91
162
98
145
116
125
112
160
110
147
127
159
155
102
165
152
123
124
118
108
112
108
109
160
109
162
102
134
162
157
163
91
106
151
141
