240
80
1049
2146
1345
1143
820
61
2077
47
1846
500
1518
37
502
2316
1036
2361
1993
1421
1305
1042
2340
1242
851
234
617
485
818
2127
1189
1444
1900
862
392
2311
1206
480
769
1495
715
1749
222
1479
1132
1501
2290
2193
267
1999
745
1514
1259
1679
243
2238
315
655
680
1491
699
5
2039
459
797
2024
1874
1560
1873
522
1893
678
1073
1459
846
2400
1546
2228
1368
1889
1803
2389
1517
11
1597
1880
1445
1255
872
886
1136
967
1915
1242
1124
1432
2312
2276
1015
428
1200
2182
1357
1128
323
1165
1393
2194
2043
1034
688
1267
1660
849
1768
951
1594
1476
660
521
1693
1430
2314
308
477
998
1059
541
101
144
2396
875
419
627
1025
2132
862
1927
1994
956
813
2340
1992
2216
54
1042
2054
1908
1999
375
388
264
1779
2150
490
1391
1063
1520
1116
558
600
1447
1030
783
1449
246
246
1836
1928
2107
1380
615
1137
1958
403
2076
2188
776
467
2061
2331
453
1917
1115
2324
2315
259
1727
1315
782
1685
209
2147
459
598
932
768
1166
1278
664
1357
1183
1502
1537
1276
1975
1952
2287
767
68
361
1547
2278
58
52
1329
1051
573
551
1932
1095
1182
2109
122
1501
610
1266
1132
1061
1529
821
300
1432
1746
482
2325
1101
2056
166
1413
2066
2008
