270
90
1272
1639
1098
1927
645
1729
570
1095
299
1355
1020
1090
1490
2600
1273
1298
2016
1803
2682
1321
1599
2242
856
1137
2579
1516
768
1397
2488
2576
1675
216
1082
2009
1655
1532
2031
709
196
973
572
50
813
2542
2336
1188
1638
470
2220
1329
1433
2287
2220
1846
1786
455
1497
462
2329
348
581
478
572
2459
889
2368
1182
830
485
762
17
2074
80
1283
2616
59
54
153
21
617
1568
991
1883
863
631
2459
988
1357
1595
534
2028
2379
2533
480
723
685
843
337
2078
821
683
270
2464
2405
1201
1911
2231
142
1582
2002
885
1504
1179
1034
158
1070
2456
1859
217
585
1879
1348
881
1877
2496
2208
1719
2188
774
2232
1681
984
621
1530
2590
1488
2412
1880
270
1361
1289
2081
21
957
2244
247
2158
1618
870
162
2529
466
2534
934
362
2200
2647
1435
277
1979
799
2320
37
1141
1033
2451
2613
1587
770
1440
1936
1714
2507
2001
1998
2203
1138
2645
2565
170
1212
747
236
2355
107
592
721
716
683
127
1628
1753
1023
2691
1489
345
250
200
1339
1120
2597
584
1889
714
809
83
1387
1942
2181
1669
2067
1892
2164
2297
2591
1680
2152
210
874
553
773
2189
68
2492
408
1190
171
1694
1161
621
117
2342
1612
2341
3
2556
1770
481
202
1111
1433
1866
359
1338
2361
2161
2417
737
2492
185
1507
2583
1622
2495
2492
1259
84
2561
1501
2178
2615
836
110
209
1914
2036
2302
2045
894
42
