400
40
41
32
73
44
37
30
26
33
57
65
98
94
20
69
90
86
66
18
5
77
84
61
59
89
98
99
51
85
11
76
5
98
99
95
1
45
82
60
82
34
33
69
45
14
38
78
36
36
77
48
70
43
83
23
38
29
10
53
5
31
30
43
93
8
52
95
15
7
34
1
54
6
95
59
56
65
50
100
86
99
37
91
46
78
90
44
47
93
71
83
21
1
90
45
33
38
31
28
66
100
84
67
23
50
59
62
50
33
19
35
84
49
1
87
72
74
55
60
96
69
63
70
63
28
25
41
13
16
98
14
59
95
7
65
57
30
3
11
99
96
64
32
57
24
31
4
58
67
30
50
61
90
2
52
54
30
26
29
2
34
11
55
92
100
36
43
31
55
12
76
86
26
49
19
20
19
68
64
23
75
78
10
46
35
58
27
20
40
1
99
93
47
91
42
58
30
1
17
10
81
88
81
96
30
1
3
35
85
70
24
89
7
67
19
92
18
30
50
53
66
75
35
88
94
43
19
8
32
76
8
95
12
22
59
84
94
60
20
13
44
9
10
60
39
27
54
55
77
23
98
79
33
36
14
21
86
48
65
60
48
91
56
87
24
14
13
54
61
67
52
80
71
29
34
7
55
90
29
74
65
65
37
77
48
42
52
1
14
50
30
52
31
10
90
49
2
20
36
11
6
87
44
58
77
91
97
18
41
66
25
79
67
68
43
83
1
1
90
14
17
16
32
81
35
41
51
97
39
11
40
64
90
8
51
14
27
91
71
30
99
34
32
45
78
67
26
57
50
72
72
21
42
1
23
21
2
19
75
22
21
31
13
29
98
63
72
85
69
63
75
23
12
41
75
94
32
9
88
51
38
9
21
87
20
62
19
33
76
34
7
47
1
1
60
46
47
84
94
72
32
