1200
80
84
65
22
62
64
29
2
66
20
14
69
85
25
40
64
92
42
36
78
80
19
30
29
74
33
66
82
78
22
62
91
1
68
32
22
100
64
66
95
52
72
56
92
23
25
26
51
46
100
88
51
21
13
6
72
47
66
56
65
65
67
31
56
35
91
46
96
52
55
43
2
98
64
54
68
4
31
80
13
7
77
79
57
43
4
54
29
17
42
68
50
32
28
54
45
53
55
30
69
85
69
44
4
28
41
45
20
77
37
25
15
91
70
38
13
42
65
26
75
100
83
60
22
14
13
16
89
96
75
33
83
85
15
7
11
36
89
39
4
59
71
91
71
92
89
64
82
40
66
53
87
10
78
85
48
35
77
23
64
42
24
72
51
67
87
80
3
24
72
32
60
56
16
16
15
89
93
78
91
57
85
30
92
12
47
18
14
25
99
60
89
83
82
12
39
95
28
22
33
28
2
76
49
93
58
35
82
17
94
74
84
100
100
33
35
5
11
98
49
9
9
76
90
34
8
81
91
3
77
2
22
16
69
65
45
10
75
98
12
53
56
23
87
59
1
36
32
67
40
93
24
73
50
58
86
100
81
10
52
13
41
64
67
1
83
46
36
49
54
68
99
45
47
97
85
66
98
89
33
30
78
24
93
74
10
51
78
84
93
81
3
95
64
21
60
97
17
47
90
82
45
28
59
77
44
34
14
42
73
48
91
20
27
37
75
40
40
69
55
62
100
75
99
38
20
24
26
82
48
72
39
53
50
82
32
69
19
43
49
2
16
38
40
80
14
40
71
31
50
74
42
2
36
53
62
9
11
64
45
36
69
62
94
54
75
22
61
23
84
58
72
68
45
72
71
69
25
51
38
34
34
7
17
17
49
80
67
57
36
80
37
89
15
31
29
71
85
92
34
38
69
41
32
50
87
12
41
43
92
4
37
28
77
69
79
56
65
87
65
92
14
65
91
67
95
1
47
78
10
95
23
57
47
2
17
98
91
70
78
71
60
60
28
63
70
6
3
21
86
91
33
95
41
84
37
71
48
45
81
76
12
89
90
13
26
67
98
3
54
91
28
30
37
81
72
66
48
41
77
49
13
80
9
81
74
97
75
8
86
88
87
87
83
98
12
76
14
26
53
23
54
42
100
10
31
16
64
33
7
11
34
95
26
99
5
51
58
20
34
76
84
61
37
98
9
62
89
99
70
11
29
84
47
4
30
2
8
90
28
27
68
11
96
93
53
61
85
72
62
96
68
93
32
14
38
9
92
84
7
67
45
34
77
54
49
27
54
2
68
19
68
100
61
97
14
16
61
38
68
46
42
70
53
64
15
37
10
24
25
1
83
10
86
59
86
35
14
76
49
63
47
3
56
81
53
55
24
19
9
12
44
58
40
39
90
79
17
62
25
77
52
74
63
18
35
89
25
40
25
59
66
83
20
26
61
70
34
90
53
89
4
63
96
9
47
18
1
7
5
53
93
85
83
52
12
51
30
2
46
45
45
96
41
5
79
70
14
48
53
14
34
89
86
62
88
72
74
47
86
53
87
69
36
22
53
44
49
65
27
3
6
86
47
51
29
66
33
39
88
4
78
55
45
50
51
15
2
46
8
1
31
59
88
25
80
88
16
88
54
39
61
64
50
7
33
34
81
49
65
75
16
64
15
13
52
90
20
24
94
56
81
11
7
21
32
15
26
15
82
26
80
20
17
49
54
51
28
48
97
29
8
39
32
36
93
100
95
20
40
65
83
71
17
86
60
20
87
95
5
36
40
56
7
73
41
73
100
5
96
45
2
71
19
70
29
66
30
52
14
30
46
18
93
93
73
63
43
90
38
66
50
27
36
5
22
92
93
24
49
24
49
50
24
3
45
86
15
76
96
27
100
31
90
99
41
84
62
76
95
35
49
93
8
32
41
97
82
28
18
10
17
19
38
54
75
26
100
94
32
3
100
54
45
47
51
7
32
66
88
66
83
46
74
86
26
43
84
37
44
13
55
14
42
98
76
43
44
18
10
41
54
1
76
63
87
48
43
7
61
59
35
95
21
51
94
23
38
82
16
3
59
70
32
60
94
68
42
14
47
22
48
79
73
56
77
32
29
53
76
70
54
51
2
90
92
83
90
65
8
27
78
49
50
35
43
2
29
89
69
93
36
38
41
88
82
21
32
70
58
32
4
50
97
36
34
37
24
70
1
1
42
47
36
68
52
53
96
41
23
90
7
98
81
3
77
3
69
40
58
13
30
68
95
1
49
33
97
92
44
51
90
4
79
54
65
42
44
30
20
18
7
56
80
56
53
84
97
74
2
88
24
26
23
62
50
97
76
71
16
37
86
90
7
88
34
99
93
20
67
44
15
56
9
4
40
65
58
59
21
27
60
39
73
64
71
5
51
20
85
68
51
16
34
68
3
24
16
64
67
75
16
20
70
68
59
6
98
7
2
28
39
97
8
18
31
35
88
41
8
63
68
40
10
95
73
43
98
30
40
12
40
95
40
88
25
26
31
59
22
49
73
87
56
49
2
17
67
72
9
4
75
71
89
80
44
92
31
62
37
60
63
96
22
38
18
13
62
29
42
82
53
17
21
34
49
4
46
93
86
39
45
50
39
82
61
61
76
45
85
50
22
93
79
60
59
41
33
35
64
93
56
99
66
9
11
40
66
40
21
22
94
85
47
38
20
36
3
65
28
39
92
52
19
8
86
63
72
52
100
29
