200
40
115
78
701
1402
303
409
1966
1350
676
1545
1161
357
959
621
678
1695
187
1065
1913
312
1235
1513
294
1908
1191
525
934
1139
1270
1904
247
1489
2
1661
289
674
1974
1899
234
1944
1686
123
1367
1416
1099
1559
1924
410
1434
1892
464
1090
564
180
842
1040
1251
1158
803
627
1999
1449
1846
779
25
1142
680
1877
808
1577
1745
684
1856
1493
1674
528
263
83
34
1871
849
1815
1774
870
1782
1801
1074
53
1726
1539
451
1225
1054
713
849
903
482
1248
1969
1227
176
1765
1326
750
1770
1178
1219
531
607
659
1729
977
1609
1268
22
85
335
1268
992
848
1866
746
29
1502
125
657
133
956
1485
1522
1024
594
1885
275
105
1011
396
1320
1904
1945
1416
814
1756
244
1862
328
1150
549
547
1852
1631
1671
1565
1085
1398
1640
288
252
1569
808
456
428
426
1207
1952
481
935
915
1146
248
903
1525
1968
1871
732
1091
775
190
1709
1626
1711
1197
1771
1383
1451
807
1183
1522
1274
1903
1133
1501
773
1072
1023
1854
1548
664
852
187
