1500
100
96
22
24
29
88
59
35
82
69
62
97
95
28
22
13
100
13
1
68
35
14
7
22
11
73
28
2
41
68
86
91
46
54
46
1
7
32
7
93
2
94
64
20
24
21
36
84
96
58
51
95
48
31
88
23
93
100
91
22
4
84
43
98
76
4
41
47
98
98
35
99
54
41
48
37
26
50
22
50
3
47
100
1
80
74
9
25
80
82
93
87
12
93
12
68
12
16
1
52
14
18
94
78
55
26
25
51
5
8
81
81
74
19
48
42
41
98
94
92
89
32
50
5
41
79
48
42
51
52
59
89
32
27
85
12
82
69
88
37
83
99
5
89
71
36
93
83
34
8
54
41
81
71
54
46
42
84
35
99
27
59
96
22
38
61
95
17
2
8
14
49
55
65
35
52
53
30
27
56
44
68
60
12
61
49
77
4
24
48
45
39
92
34
27
20
9
93
36
85
91
94
90
56
95
71
67
59
80
8
35
49
25
57
83
8
90
10
97
17
26
38
74
85
56
64
10
93
94
85
17
99
17
31
78
93
20
15
4
18
38
80
33
41
67
32
36
88
95
26
99
34
48
37
51
19
22
21
63
78
74
82
66
43
32
94
28
81
81
79
56
69
44
62
25
40
7
60
21
100
31
54
70
10
97
40
89
45
81
89
64
58
1
74
68
38
27
37
31
63
61
50
6
11
72
56
40
60
35
22
79
64
19
96
55
42
23
92
6
60
32
81
96
36
62
31
73
33
58
40
79
45
99
69
11
19
55
72
13
100
65
65
3
3
71
69
82
52
25
59
75
25
97
95
47
14
7
83
52
50
74
46
84
83
18
54
83
32
24
15
77
50
27
37
11
5
26
60
55
98
38
14
1
69
74
90
75
76
69
94
95
36
40
58
77
89
49
15
4
39
81
36
37
39
30
82
51
75
23
47
93
54
46
52
54
53
72
73
28
34
21
98
90
76
94
57
4
29
35
4
64
72
69
29
29
79
2
10
31
68
51
88
94
46
42
24
35
90
29
62
86
35
74
3
22
87
6
50
19
64
50
2
57
22
91
26
30
33
87
94
95
56
66
69
27
37
16
18
78
44
4
67
72
22
30
34
29
13
39
95
83
2
100
29
40
80
21
48
62
73
61
36
55
12
48
21
15
87
54
33
76
29
18
69
97
80
70
27
83
41
63
62
89
56
47
86
14
74
26
71
78
80
84
64
33
80
88
9
94
82
5
39
71
56
59
35
73
75
6
92
61
66
55
30
86
83
46
80
78
99
18
58
31
81
92
92
59
89
71
14
60
59
6
66
25
40
75
35
26
54
31
78
97
92
86
61
99
20
9
94
6
54
74
77
60
36
33
72
68
78
87
70
86
59
46
30
83
38
89
57
95
94
58
52
97
55
24
75
31
77
17
90
6
94
57
36
82
55
9
37
20
12
18
5
50
49
68
49
12
11
4
13
16
50
88
62
52
48
92
95
17
75
32
7
22
34
40
89
84
38
48
83
27
27
36
35
3
32
12
9
34
49
59
81
27
11
53
3
66
57
85
15
84
56
26
47
18
58
14
22
66
61
24
79
84
12
82
74
57
89
76
14
19
12
25
8
92
7
55
40
26
32
39
68
53
36
85
12
2
78
48
62
65
19
2
58
39
28
97
10
3
20
77
68
19
13
92
2
83
17
46
61
39
42
52
13
29
77
39
70
48
61
7
67
100
40
82
85
11
50
99
50
93
61
29
1
72
38
30
91
98
9
88
59
45
31
82
85
86
30
86
94
77
63
40
10
20
49
62
61
10
94
28
70
88
8
30
94
34
31
47
77
22
33
76
11
83
77
62
3
41
24
3
63
59
34
21
30
13
82
79
15
27
55
2
75
36
4
74
11
28
13
86
72
32
16
78
49
53
87
14
22
20
40
41
42
54
99
13
69
68
87
77
72
7
43
44
36
82
45
52
22
63
35
18
25
84
86
34
84
17
82
10
15
94
87
61
85
12
84
47
76
69
16
30
65
36
60
26
19
74
94
11
10
83
88
74
14
10
48
71
20
63
65
96
7
96
70
21
55
70
63
21
55
34
75
51
15
46
100
50
5
7
68
60
59
57
99
55
13
94
42
51
84
77
43
60
21
37
98
84
40
63
5
76
49
82
56
45
80
7
88
13
23
12
76
51
24
46
72
40
7
86
63
11
51
46
72
26
78
61
75
56
62
13
76
17
81
5
74
57
28
91
65
89
10
46
39
25
24
61
6
97
37
29
13
28
10
58
46
27
51
40
45
71
64
47
21
64
95
80
43
88
34
42
26
86
44
36
8
10
6
48
5
63
64
51
12
15
26
59
80
50
27
41
41
83
10
84
8
41
29
63
56
12
53
19
63
78
45
23
58
94
32
81
47
55
93
23
92
54
99
82
41
15
88
13
67
95
3
75
92
83
23
62
46
38
40
73
52
27
4
2
35
39
81
54
9
39
15
42
25
86
7
15
28
6
82
34
43
66
33
30
13
93
96
7
3
68
78
91
71
50
44
46
12
64
29
55
90
56
12
100
42
51
25
30
51
68
33
30
87
19
56
23
17
61
65
37
71
81
55
7
27
96
14
60
58
19
57
8
21
37
12
62
87
46
89
86
99
30
53
47
93
48
88
67
65
41
85
77
31
57
89
98
23
2
12
65
61
51
100
18
97
84
3
33
83
32
17
14
2
99
24
82
71
78
19
54
20
58
10
2
83
6
25
10
88
82
12
22
90
22
85
74
47
69
50
62
36
70
67
57
79
35
91
44
64
77
54
73
90
88
65
73
15
86
54
18
35
28
99
23
44
17
65
68
64
18
38
33
50
23
75
33
48
67
46
69
36
76
87
24
7
42
34
83
17
78
53
10
41
65
14
66
34
98
87
58
41
76
35
88
3
35
64
73
86
61
11
47
28
93
49
27
1
54
83
34
32
19
75
30
98
88
99
4
38
6
66
56
1
42
65
48
43
4
69
87
64
62
78
94
87
50
68
40
27
84
94
98
48
99
11
89
93
54
77
69
43
24
33
50
26
28
24
81
31
78
86
74
47
59
95
44
77
81
33
50
82
96
35
80
83
9
58
13
76
66
76
26
69
52
91
63
70
42
44
56
92
85
88
47
50
13
77
68
18
67
87
78
93
66
26
67
85
14
52
13
26
51
88
49
30
69
23
8
80
76
35
37
91
16
44
83
59
3
95
10
20
55
69
87
19
33
45
28
10
95
81
29
27
23
99
45
48
6
2
90
33
2
85
86
19
49
84
59
78
6
37
96
28
55
64
80
86
18
75
43
30
53
82
60
93
9
66
24
73
84
65
73
18
74
11
19
84
48
51
97
1
72
56
100
12
65
96
64
3
24
31
56
13
84
30
70
24
22
43
9
11
29
