250
50
2040
2430
983
2343
1910
645
964
1563
2327
167
785
1133
617
365
482
869
1783
1795
2249
811
168
166
64
2190
36
211
1470
1097
1283
26
2208
2088
2066
1935
2006
1778
754
2333
380
752
1416
482
2141
1803
1613
2421
1189
1197
1545
1668
727
808
1637
838
198
2396
2229
294
1203
2446
2261
1126
967
674
2421
1110
2139
861
1548
542
477
1165
20
1819
1377
1386
813
784
1162
570
998
1900
2287
919
1666
1216
536
2328
1664
2147
689
397
1420
144
923
502
2002
2024
518
151
492
124
1997
16
724
956
1867
385
1375
846
1896
257
1356
2241
1431
68
846
963
1137
2230
1371
301
541
1845
2028
614
761
1505
830
2267
741
1500
35
1853
2253
893
2377
1425
1714
2354
1411
1612
1832
580
610
1618
1712
54
1669
2244
679
486
2154
1773
1218
937
906
565
1747
1550
244
1608
1830
1206
1024
178
694
122
431
1801
1893
1084
298
1854
1166
425
403
1945
1581
220
2183
1208
1672
464
2115
2131
1419
1249
749
1452
1256
791
2052
1764
1219
1409
1871
816
1397
345
1329
1046
1770
1152
738
1927
1657
1261
388
1563
846
2377
767
1168
1100
68
69
1252
1657
1332
644
1784
195
2237
798
1626
1391
21
1895
1161
790
790
210
2500
331
1598
1314
1724
461
1242
49
495
1697
861
459
1054
1542
735
553
2376
