1050
70
46
110
16
70
85
82
72
122
15
38
3
52
95
89
107
79
69
139
31
77
41
2
9
46
70
94
48
106
63
12
85
138
56
69
41
7
119
109
47
80
87
38
119
89
65
86
124
70
56
28
70
65
78
132
117
83
89
14
83
78
125
84
105
103
36
5
10
103
49
20
48
32
68
30
128
67
58
20
67
88
114
39
88
49
106
12
76
69
15
5
95
25
87
50
79
6
42
35
87
19
47
63
21
109
79
46
124
80
114
139
75
96
104
34
90
82
2
8
41
131
113
136
133
134
123
12
71
82
120
73
20
132
39
114
107
72
28
51
45
91
114
131
80
2
115
77
109
29
124
68
76
31
127
57
51
128
26
50
6
89
116
41
29
13
26
80
84
14
35
14
76
73
57
27
135
74
71
54
26
93
15
4
56
31
138
29
61
45
52
102
12
11
70
80
29
16
31
110
106
47
52
47
119
114
8
115
59
81
59
25
59
40
71
68
138
47
122
112
49
116
34
45
43
49
126
113
122
107
108
70
65
86
80
78
87
50
20
104
126
130
110
65
127
69
133
87
71
53
72
42
18
22
90
31
137
105
8
29
106
5
59
64
77
4
26
99
81
30
121
20
110
121
131
4
4
15
71
51
48
95
101
119
66
83
9
49
22
78
7
109
127
4
87
91
22
131
81
92
50
135
14
58
126
92
130
52
110
84
29
100
2
85
86
135
80
138
127
72
81
8
118
82
110
5
57
98
136
17
45
61
122
19
109
15
82
27
68
26
107
137
30
92
44
104
110
104
103
49
58
5
78
43
131
88
124
1
120
34
112
51
129
65
57
94
61
109
135
76
59
17
7
72
70
91
18
27
86
7
127
112
79
46
4
97
9
88
131
29
43
65
89
23
104
23
101
39
103
80
50
107
100
95
6
37
129
52
118
120
74
1
117
51
50
104
63
116
120
87
49
84
1
108
82
131
95
45
115
45
73
72
58
25
133
38
70
103
9
54
126
128
55
129
50
120
60
117
89
40
83
106
58
67
92
6
72
92
92
93
80
81
103
106
99
109
105
53
120
100
72
90
110
110
88
37
111
52
116
42
55
59
104
22
64
18
74
42
79
40
81
32
112
15
66
44
94
9
106
59
91
7
85
12
20
15
31
88
102
10
55
134
6
103
64
110
68
112
27
27
46
51
113
119
20
84
91
132
14
82
16
4
109
139
11
135
102
96
84
105
55
9
43
33
11
46
54
28
14
65
127
3
36
58
39
109
78
38
69
138
93
43
76
23
91
18
68
76
74
22
117
114
45
102
108
96
129
40
78
28
74
69
102
96
14
43
21
103
14
123
83
25
72
65
81
82
24
94
106
136
6
138
57
80
135
48
32
36
45
73
57
129
20
25
64
72
122
127
24
66
56
41
49
96
85
132
83
83
139
11
126
120
95
22
65
106
120
17
65
39
19
25
91
130
45
77
12
105
13
101
22
56
96
135
75
120
139
76
39
108
96
61
47
27
12
59
131
43
97
122
12
17
68
99
139
21
13
40
121
8
51
128
122
135
112
12
42
50
86
118
52
91
139
107
104
51
67
91
132
60
6
93
87
85
13
20
74
33
75
42
30
130
109
27
89
97
121
23
86
71
134
117
84
84
1
75
73
18
23
8
29
46
114
80
124
23
106
66
108
62
75
33
103
114
45
20
45
23
136
136
89
28
87
18
17
97
97
94
130
81
9
37
18
44
110
5
132
76
101
109
7
104
60
20
25
82
35
79
47
98
64
58
121
45
122
29
91
28
46
69
110
25
119
65
7
95
52
25
33
99
98
96
45
21
69
47
45
88
108
101
115
8
45
44
136
38
16
125
20
90
33
81
64
41
51
21
19
133
80
79
79
95
92
129
66
107
118
126
55
100
118
49
19
138
117
74
109
117
139
27
139
32
98
121
64
111
133
45
84
94
105
83
113
43
13
79
40
136
124
53
81
121
61
76
39
67
31
99
73
86
91
15
107
28
46
29
56
62
102
79
110
51
130
28
19
80
11
2
46
117
123
122
3
132
85
138
60
104
1
57
8
77
80
109
1
59
35
3
66
125
121
12
125
37
43
125
88
73
90
137
118
2
30
12
76
46
18
95
102
110
102
101
74
4
113
21
114
11
122
115
40
43
75
47
113
5
28
136
127
94
76
16
63
26
16
123
4
53
87
70
137
60
16
8
50
119
90
88
92
110
32
88
34
107
89
12
21
74
11
130
66
58
84
67
134
46
92
116
8
30
24
26
54
78
88
45
89
39
44
27
19
53
68
46
2
119
88
139
65
11
19
128
56
89
104
29
124
88
16
115
47
117
82
49
54
102
126
9
28
106
124
83
95
20
23
98
50
86
51
88
88
102
