200
20
19
3
39
37
30
9
26
14
22
14
23
32
13
1
32
1
16
28
1
15
19
27
24
11
26
2
35
30
16
13
2
35
17
7
23
22
1
36
29
39
36
24
17
38
39
20
37
28
4
7
4
10
27
38
26
18
11
22
35
39
37
9
5
21
12
7
39
35
29
25
24
13
5
28
33
17
13
7
27
34
38
35
24
8
1
1
13
3
8
25
39
38
17
21
9
15
2
37
26
35
18
6
19
3
3
32
24
16
14
17
12
7
9
19
21
3
22
20
25
31
14
10
30
9
34
27
14
33
22
21
3
34
12
39
8
29
26
11
28
10
4
33
20
10
10
27
15
37
1
13
16
26
26
26
12
34
9
19
8
10
18
28
36
9
34
18
20
15
4
3
36
1
28
25
11
34
34
29
9
24
14
1
11
20
27
38
36
29
15
38
36
7
34
5
10
31
28
30
7
22
