500
100
64
8
99
96
86
22
59
15
43
92
31
68
23
5
15
48
29
57
72
33
4
39
85
22
92
97
4
76
91
25
27
73
42
57
44
6
14
72
26
71
71
2
95
17
61
8
89
94
82
78
16
58
38
64
66
78
54
47
81
88
87
67
100
44
14
26
42
65
11
84
57
51
27
50
67
25
38
35
83
61
39
49
77
70
8
38
53
8
38
7
18
32
60
90
33
50
66
50
59
5
82
7
67
25
50
7
99
92
88
3
30
52
61
100
76
42
67
47
69
41
70
82
88
19
18
73
18
11
55
51
29
29
51
27
18
79
46
29
42
56
14
53
99
1
63
19
20
45
90
94
51
86
2
10
57
2
24
60
22
44
64
47
82
45
67
46
9
34
92
6
85
75
27
38
49
82
38
99
72
46
23
58
26
44
31
11
98
37
56
64
12
46
96
81
64
89
17
1
32
95
55
95
3
86
39
65
83
80
25
48
51
100
26
92
84
59
97
55
14
84
48
85
9
26
48
14
21
85
4
39
71
76
55
47
45
36
12
61
35
50
52
18
98
83
26
6
84
66
30
1
78
17
97
33
46
23
18
82
51
29
4
90
74
95
65
24
77
88
95
56
26
82
47
73
97
93
89
88
53
71
66
92
11
74
32
57
5
68
83
85
33
47
1
23
48
29
45
56
60
60
47
77
52
89
34
75
69
49
19
71
13
28
11
93
16
79
23
4
20
77
5
53
65
79
100
23
40
79
13
17
55
80
43
77
94
71
24
69
70
11
22
4
56
70
32
39
98
5
10
95
31
8
35
34
38
98
91
65
48
76
77
74
85
71
74
81
34
78
25
76
23
30
25
26
43
6
79
51
78
49
70
51
22
31
2
46
38
64
70
42
28
63
38
23
48
87
13
9
93
84
36
93
16
55
13
85
2
89
46
59
91
41
36
78
43
99
7
8
2
97
19
87
16
29
21
76
34
5
10
86
61
8
15
81
85
32
81
65
10
93
92
57
38
38
27
91
46
93
57
42
38
85
60
86
64
50
25
75
73
77
24
29
5
82
71
7
59
12
17
74
6
56
71
89
3
76
20
95
64
94
43
83
16
63
51
48
41
36
88
67
15
81
4
98
57
13
50
64
87
53
