900
60
375
6186
6387
7461
675
792
1058
3180
3412
5397
4981
5414
5270
8463
7955
3928
6194
8938
1685
5280
2516
1722
3408
2984
8081
7881
8316
7435
3642
8818
2513
8254
8869
2063
3506
3955
1358
579
210
4375
7637
2686
2480
2030
7130
2740
5195
7333
7684
2893
4311
4964
5934
4743
7214
2896
4214
5230
5785
8590
2780
5823
3252
4318
1208
8683
4510
9000
5197
5450
1368
8346
2876
5864
7634
5602
6894
247
3091
5798
309
2688
265
6492
8084
8429
7633
8874
2115
5301
8522
2108
5734
7023
201
592
5477
5891
5827
1081
1268
7435
7672
6827
5710
1503
6011
2968
4459
6148
8402
5225
1021
8673
6833
8927
1756
5698
7255
5979
8647
8400
3701
2556
630
5181
5826
320
7253
2980
2113
8365
177
3061
8386
3190
699
2456
4603
4467
738
7989
5878
8501
4100
4640
3027
8830
8702
524
6164
3289
3630
4773
8179
1564
8889
1279
8725
8785
8533
8945
3622
2880
2032
2725
2374
2321
2332
1435
7930
1711
1360
8491
2033
8444
8687
517
437
2165
4944
2051
4278
256
5640
3423
7534
8230
3049
6726
5689
2007
1445
2797
3733
4650
6453
2672
4663
3484
8491
2834
4457
1287
2298
719
4789
7773
8685
2435
5632
2019
2198
1121
6425
2944
4133
3470
3457
4978
6247
2052
777
3232
8793
5133
4717
510
6214
2296
7880
2826
2679
8519
5499
3022
4460
7954
8216
8220
3666
3137
1617
6558
3487
889
743
4628
8321
5270
6457
5139
5161
255
954
4965
5280
6336
2815
6492
6555
5196
6295
434
3111
1763
5598
3219
3837
7286
4443
8848
260
7151
3662
4181
957
5481
4475
1160
669
983
1030
7851
923
8080
2569
5022
3676
5512
7938
3127
621
5767
1030
248
4163
8610
4714
3808
7285
6159
1514
5404
1426
7949
4160
5319
4738
2704
6006
5409
6024
13
3776
497
4166
6810
5594
2557
7631
5644
8255
7622
8627
5700
4528
3752
2265
2129
634
4762
5717
2623
7518
7436
4775
1861
3718
6421
3922
5141
4780
5521
2487
1603
3400
4740
3769
6663
8903
7498
7205
709
931
3479
7635
6796
2038
1455
2449
740
3585
1791
7674
1728
3735
1529
3596
1638
8941
745
1253
1762
7247
3525
8337
4128
6567
2190
5629
1061
5004
895
5651
35
8732
5094
4561
5681
5619
5031
6039
6726
197
845
5756
6033
5698
5824
3903
6538
1254
1255
5687
2874
5550
5573
3833
5750
7038
5271
5108
7596
3079
6847
8315
863
7199
3876
8370
1290
5152
3383
4082
6391
6688
8519
4089
5795
7901
2474
8013
1562
7004
968
3400
7164
2664
2129
1702
5709
761
6278
920
3882
3304
1021
3908
316
800
6729
1154
7884
1107
7737
1421
6855
6925
5036
5892
8802
2590
7481
1502
827
7796
4680
1532
8725
3271
3093
8034
8818
7017
68
7803
453
1628
6107
1632
8801
3407
5450
8290
2461
7807
3460
3169
1354
4044
1588
3186
2110
5797
7586
4279
1341
4130
5690
3826
1676
2188
2370
6295
8297
8240
630
2501
3280
7282
3493
7820
8871
4805
1579
823
311
8839
3084
1283
2442
6394
6743
3106
3377
6274
3895
8244
781
6524
8401
1522
734
8516
650
3413
6827
7556
761
10
1096
3177
4236
60
375
1515
5676
1581
4318
4556
1168
4361
5498
3443
7218
1712
3688
4879
3229
5258
213
1174
2313
5016
7495
5607
4788
8122
7993
7580
1386
7754
7380
1569
4945
5151
4982
6400
4367
5003
704
6864
2667
8059
7499
6025
2651
705
3506
2836
2620
3393
8552
5430
5987
8744
4703
2437
8549
5772
3061
3456
3570
15
823
8158
3431
5096
4628
6293
5398
3667
639
3776
2895
7870
7425
5943
5266
5331
4371
1322
7605
8199
7805
3998
4344
311
1420
6535
5490
3829
2590
1361
3899
7320
6982
8775
683
390
4837
4314
4006
3033
3163
7597
2337
6530
6942
7436
3670
1614
3093
7718
5083
7366
5586
1561
2806
6877
6220
6934
5452
1047
7906
7860
1295
3200
5995
5295
6976
4802
161
2949
504
6793
6626
5320
1279
4974
4034
3406
4796
3047
2634
3896
8469
8564
7745
1429
2290
4025
8942
2694
2041
3360
8977
5995
8054
4255
3345
2877
6871
2921
8724
5640
8079
8491
1024
1037
1604
6023
720
1042
3669
7655
2226
8432
8623
3805
132
6570
7012
8871
5559
2654
8334
8287
4190
5877
7203
6198
1607
4634
5490
6727
8863
2365
5790
8423
8233
1964
2758
4535
2045
7196
938
6272
4789
2050
7698
7509
1186
2210
4550
305
6383
982
8530
5786
3904
6393
388
679
3520
4703
5463
7345
2953
1573
3460
5801
2868
5882
3522
8884
1386
2982
6745
2445
2060
8419
5862
1686
796
4582
8324
2753
3347
3868
7647
3788
406
3769
6054
7701
2831
5371
343
6683
611
7544
4833
6752
8901
5763
1602
3071
1636
7970
1077
4836
343
354
6421
1686
6080
911
933
5306
2843
227
6980
8552
880
7646
3853
5014
2967
7416
1790
6050
5541
6230
152
6407
364
591
1546
1875
8917
8162
3038
2922
744
2609
4497
8726
6470
695
621
4656
1726
1690
2502
2178
4782
4773
1976
8386
2135
3687
3296
2053
1326
7973
2890
8907
5983
5332
8544
1508
8697
6582
6310
1121
7821
3686
2425
3191
7655
7484
5606
7513
4610
6974
4035
3721
1570
1114
7396
8042
7388
6426
5351
4190
6479
5911
3918
