500
50
55
74
58
95
66
35
76
13
5
16
69
96
26
94
59
35
98
13
83
7
38
96
92
90
60
3
84
8
5
53
79
79
16
77
71
72
83
93
17
78
89
50
70
15
15
41
86
20
18
26
16
37
21
81
42
81
89
30
14
51
78
2
14
52
80
6
42
12
9
53
32
85
41
65
4
55
18
8
38
70
66
70
81
59
11
39
39
45
7
26
72
89
56
56
23
89
31
49
100
93
59
27
47
52
22
12
84
30
7
87
34
41
84
45
20
54
46
59
26
5
55
10
28
50
100
29
23
100
40
45
12
36
100
78
79
95
76
97
82
22
57
38
15
91
4
8
67
21
94
26
84
79
86
40
34
98
56
22
24
38
13
31
50
26
39
44
93
31
17
19
66
99
92
5
35
25
1
74
67
48
34
62
90
54
22
100
29
42
87
26
10
55
65
35
53
24
94
9
8
43
20
8
76
42
77
64
93
65
73
80
95
42
71
24
40
71
44
39
79
64
75
70
8
64
84
79
41
41
18
82
100
35
39
55
39
62
50
14
24
49
69
39
99
83
84
78
46
69
3
91
10
68
4
46
61
22
48
46
92
85
11
70
44
68
80
86
13
40
97
73
78
95
89
40
29
82
44
21
63
94
83
62
74
37
46
43
52
100
76
84
83
34
64
2
43
14
23
28
49
22
42
33
6
49
17
32
86
51
71
64
33
85
2
35
15
45
26
13
10
73
22
19
21
63
50
43
74
95
29
21
69
83
89
63
18
4
7
51
44
26
57
16
53
30
30
97
75
21
71
46
95
78
88
58
93
99
100
46
83
10
47
87
3
86
96
51
94
73
98
19
85
28
74
87
33
96
98
1
97
89
78
46
90
64
32
79
11
87
96
95
26
98
96
96
27
90
74
13
51
12
51
76
68
85
52
70
17
3
53
73
36
84
25
21
96
9
1
31
84
18
63
34
76
60
4
73
93
46
8
23
55
21
43
23
55
86
64
27
22
58
99
12
17
18
60
88
87
33
66
89
22
72
38
88
71
33
75
52
4
54
15
61
87
32
16
8
18
12
21
71
79
96
100
77
9
67
13
10
100
65
21
70
5
55
57
20
73
99
92
100
85
87
96
68
5
9
38
61
16
93
