240
80
9
6
9
2
8
5
5
6
9
9
5
3
4
7
10
8
9
8
6
1
5
6
6
2
10
2
4
4
2
2
10
6
2
10
10
2
3
10
10
9
6
3
3
7
3
10
3
3
7
7
8
3
3
9
1
2
9
7
7
7
4
4
7
7
3
6
9
4
2
6
3
8
3
8
8
10
4
9
10
8
1
9
9
3
7
10
1
8
1
3
5
6
10
7
7
1
4
1
2
7
2
3
6
1
8
7
2
1
2
4
3
3
7
3
6
4
7
6
8
2
5
1
7
2
3
3
1
9
2
3
10
8
2
7
8
3
1
9
1
10
1
5
6
8
8
8
8
6
6
5
9
10
9
1
8
1
8
10
4
8
2
10
5
6
9
1
8
8
7
8
4
2
1
5
7
2
6
5
1
3
1
6
6
2
4
3
8
8
4
7
2
3
9
7
3
7
2
7
10
9
10
10
10
2
6
8
8
6
5
4
7
5
3
3
4
10
5
5
3
5
8
3
10
3
6
5
1
4
8
2
4
4
5
1
4
6
5
3
3
10
