700
70
5979
773
2705
5296
3383
3515
4183
2104
2544
1690
1128
130
4481
4193
4872
3627
6612
1211
288
1052
5744
4437
380
5109
400
2058
5009
3917
3400
656
2235
6245
6232
4687
6355
2156
6825
6707
5921
2976
3690
4281
852
6969
4108
6457
2634
1724
2551
390
3262
1483
1747
6083
4236
5614
3339
2819
6140
3410
805
3737
3038
3640
1078
6357
3931
3066
3815
2571
4461
3901
5638
245
3140
5502
2360
4921
4773
5957
4393
6001
3405
4789
4465
3280
6601
1061
1061
2267
5477
1848
3842
6109
6136
2461
5307
2540
806
4094
1173
4531
6377
1621
2647
2426
2581
178
2902
2583
2151
1893
3356
4036
5513
1067
69
1847
2819
3119
4310
4303
3615
793
3565
5292
2509
2902
6386
5638
3402
2442
2986
628
6314
5783
605
1192
1044
4729
6419
4938
2377
6175
1974
4873
6740
2542
5600
4379
2169
328
5238
2131
180
11
4089
6228
5063
1867
5145
5611
1165
677
4793
4930
3205
3749
4401
4693
5373
4685
5779
6853
249
5270
6854
2974
4232
6810
6420
295
2756
4602
3085
4864
5152
1834
1803
3809
2427
694
3693
597
2266
4161
3628
5651
2614
4857
3680
2167
993
6277
5899
3654
3600
3340
6748
1340
4101
6779
2670
3922
298
6790
1455
1174
320
170
4462
6668
648
2194
4156
4901
3305
504
3161
5058
2556
5806
3486
2743
2459
4478
4597
1441
4456
3970
1321
5126
6430
5318
3060
3089
2014
3481
2807
4732
377
3506
1941
5554
5696
837
3686
4473
1451
5914
5203
6230
4322
5617
1920
6411
6301
5657
4491
4298
5355
1011
4896
4612
849
6072
6584
908
6219
6529
225
2299
1193
3035
5838
515
4643
6928
1324
6992
5727
6156
4284
6610
4125
5131
2980
4892
509
5515
3803
5541
3408
2690
3297
5772
1708
2743
114
3322
5117
1664
1371
5305
2462
4589
6328
4507
6920
5775
6877
4144
5913
1088
6803
1877
2312
1991
4591
5214
4830
1172
11
4766
828
2083
3806
4025
1025
6861
144
5608
6995
4748
1737
4259
45
1201
3250
4567
4420
5821
1208
178
3670
3784
1974
5160
772
474
6032
6585
2662
4768
6476
5019
439
2505
6442
2414
1062
5246
5020
3747
178
3385
2411
6885
112
2332
2105
6084
2547
726
2126
936
5414
2721
4565
1786
5497
4777
5294
5233
2836
1044
3776
2508
2796
4082
2759
4757
1037
3779
6815
3042
6583
6629
6883
731
349
3749
3128
6676
3751
937
6656
2917
5050
6377
1588
2496
2046
718
6515
1109
2925
413
4555
1937
3458
2724
5452
4937
6926
2532
3702
5598
6929
250
5367
2933
2719
6139
817
4686
5166
3934
5912
971
2756
477
516
4603
538
5622
6800
6446
6162
1963
4392
6788
4378
4884
4557
5323
443
6485
4659
2553
6283
2205
4358
5884
1337
4149
1077
426
717
4311
5789
5757
3546
2586
5106
4555
4394
987
3861
1800
2089
5651
6809
2475
4391
1034
400
1679
5888
2950
2199
95
6756
5505
4226
6392
3237
1354
5199
4342
6263
6437
6373
4601
1993
3604
138
1877
1332
2279
6260
1767
105
1107
2948
4549
6912
6384
6987
5770
6505
6845
6285
3959
2727
4428
3262
1067
6453
4022
6514
926
820
4013
2467
5692
935
4631
723
2817
311
2913
6696
185
1291
4981
2227
6359
4782
6319
482
1105
3006
784
5584
2210
4994
3088
6079
220
6413
3412
1238
1097
5608
113
721
5287
3917
4370
6411
6382
5852
1974
4006
4577
32
513
1469
5536
1918
6122
868
3159
5839
5821
4566
4806
889
1426
2909
4299
1020
5977
1176
2415
3399
6163
6520
1600
4444
4554
2293
4926
5444
4519
4192
1886
6291
1000
1201
3849
2873
4023
3935
5176
268
5785
2381
5490
5258
6007
1243
4215
1290
712
5722
5
4685
5476
1252
1966
2310
6609
101
149
6223
1767
4921
4621
1761
2812
241
3847
6080
697
4228
3491
4985
6850
3525
738
3251
6259
2325
5589
6480
635
3563
258
5395
2725
5867
6444
649
5146
6680
3150
2739
2758
810
5436
723
2169
2622
4877
15
6544
5855
6240
5738
5504
235
4742
4905
4298
4419
4289
6159
6290
