450
30
43
16
16
28
44
58
55
17
23
14
36
35
27
29
18
47
16
52
39
57
11
37
57
43
33
27
7
3
36
5
33
20
11
28
36
37
56
13
48
12
10
45
6
31
7
51
34
19
24
57
3
20
51
40
39
16
3
57
26
36
33
31
53
29
22
28
37
45
25
19
59
16
15
20
27
27
21
45
27
58
40
54
34
11
23
47
53
37
48
34
5
47
3
57
21
49
49
31
52
30
45
29
49
49
44
32
10
2
52
47
33
43
31
50
19
51
16
53
50
27
35
43
52
6
7
44
1
28
53
26
52
19
9
17
2
18
27
35
10
4
42
57
47
45
19
56
8
23
44
11
11
39
20
7
6
17
36
52
8
19
42
16
12
37
16
25
3
54
59
14
18
35
10
53
54
43
46
21
22
47
28
9
4
25
13
4
38
14
59
58
6
47
4
2
27
36
33
18
26
6
19
46
24
18
6
30
34
14
17
34
14
45
22
8
49
26
21
57
56
13
11
18
18
47
54
9
46
54
47
45
7
17
56
32
29
7
46
52
28
38
5
27
34
46
30
32
19
39
7
28
53
44
46
11
52
31
40
3
37
53
50
16
27
33
33
59
45
59
45
44
13
55
48
19
4
22
36
21
19
6
26
47
30
33
26
7
2
21
57
35
58
5
59
39
15
9
54
37
4
13
51
4
40
47
29
49
36
5
20
20
28
17
32
8
45
54
47
32
26
10
4
56
54
41
36
6
58
24
24
39
56
50
51
44
16
17
18
10
24
34
53
53
28
50
54
57
50
51
17
45
18
6
30
57
4
37
26
25
54
39
22
58
42
41
21
30
28
35
33
33
10
55
7
34
57
19
23
35
34
53
15
34
19
24
4
37
57
45
36
50
43
49
14
36
22
56
39
44
29
55
39
55
12
40
32
54
54
49
35
9
40
59
46
13
24
18
8
10
1
7
4
54
9
39
51
52
23
6
42
29
46
56
8
25
57
36
29
25
22
58
59
28
41
14
1
53
46
35
35
11
