180
60
823
1261
101
1411
1150
1170
1269
1016
1562
1680
524
345
1296
928
619
1584
708
461
268
1153
1573
1222
433
472
1699
1756
1021
869
205
247
744
644
1247
1018
97
1671
486
849
158
1621
19
582
395
638
76
213
1757
271
51
1621
166
1272
939
1043
1520
482
420
918
1691
1443
775
361
1738
626
221
766
787
199
1714
438
1127
676
484
1489
1254
917
1054
258
824
14
833
1771
518
1658
1595
1080
1112
35
248
1043
1435
1283
1650
1242
248
1423
966
637
1392
192
1372
984
1045
593
165
121
958
1556
1650
780
1626
22
107
208
868
1028
1280
1072
1507
348
1185
1278
1595
1176
1490
1015
818
1114
859
920
879
1783
308
1559
662
260
1160
390
1099
967
1536
375
1058
391
55
735
1545
455
429
586
619
1117
310
472
435
408
1300
1439
162
1061
1397
815
1643
290
473
1657
1556
1032
592
445
108
892
1193
897
1566
662
704
1639
665
1644
