1350
90
23
43
106
60
24
118
46
83
166
11
96
66
66
113
81
109
153
124
11
51
50
65
52
66
154
170
135
22
10
112
73
154
24
78
62
109
121
20
117
172
103
145
118
177
55
89
45
177
125
159
91
114
91
173
85
46
80
16
5
87
103
149
3
167
24
16
101
38
136
83
126
26
101
13
24
129
16
85
151
118
144
50
85
130
10
141
14
129
122
179
62
37
125
2
37
155
176
132
107
153
162
116
161
87
27
44
89
35
20
179
140
110
119
168
36
8
136
55
135
147
29
85
32
76
18
6
38
64
172
21
148
42
82
99
82
81
162
52
16
53
155
34
91
154
115
62
77
127
84
51
12
130
4
126
157
150
47
21
87
54
152
91
89
48
97
76
2
43
106
110
24
137
62
69
36
113
95
141
15
40
124
155
115
27
50
22
158
43
87
93
115
28
89
34
11
119
118
24
155
154
110
138
82
12
122
141
32
147
76
162
165
111
59
37
135
136
38
121
150
20
140
74
142
163
49
79
124
175
115
162
52
53
178
108
161
94
116
135
88
147
132
149
106
150
153
21
127
93
134
159
92
128
167
111
80
174
159
126
45
81
168
112
34
134
27
164
56
47
85
33
167
111
76
45
13
179
30
121
162
8
6
9
120
83
95
116
55
110
165
58
75
118
63
119
156
145
98
117
120
78
163
156
127
111
36
176
47
107
154
42
15
161
175
118
8
103
27
67
78
154
36
89
156
151
144
147
96
2
34
149
58
147
69
121
172
65
56
170
111
50
42
172
19
93
157
103
141
152
130
3
100
163
116
134
173
143
70
106
8
161
25
59
174
56
109
156
91
170
63
20
1
28
166
125
135
85
32
142
1
125
97
155
106
96
134
75
113
78
17
102
119
106
65
135
150
109
38
34
136
8
1
136
64
166
60
155
123
20
95
139
83
23
113
168
8
61
47
3
154
175
37
164
48
172
171
149
96
102
136
101
108
140
55
41
84
135
137
77
97
132
50
13
33
162
138
129
121
12
128
150
26
90
63
75
109
129
158
103
164
27
62
35
59
178
45
143
66
169
9
121
170
150
31
139
17
60
43
67
83
131
87
22
11
77
100
20
63
59
116
169
35
16
100
6
9
141
41
100
157
132
51
47
37
62
174
29
141
39
108
63
60
49
147
4
55
63
175
50
89
2
33
68
16
106
160
125
25
154
11
106
68
141
157
68
18
34
12
35
128
126
49
2
115
46
132
141
130
4
107
24
147
152
116
15
152
121
40
167
97
160
78
170
132
166
132
137
10
5
148
133
148
105
63
77
83
166
168
93
150
138
39
145
160
57
107
71
172
111
145
10
4
149
3
176
49
142
60
1
1
43
85
117
157
4
172
120
165
27
1
14
16
119
87
123
90
24
115
35
93
100
62
53
168
35
171
170
116
170
133
169
170
90
60
59
64
93
141
135
38
14
160
170
173
70
69
76
21
145
6
20
153
9
170
167
165
97
111
153
10
74
56
52
28
124
136
23
31
73
67
33
111
85
61
164
38
58
16
68
74
5
149
172
37
123
13
16
82
128
20
20
174
133
149
22
15
104
51
108
42
1
120
33
56
48
53
167
31
19
171
48
118
79
134
30
141
40
71
44
178
93
109
97
9
154
154
177
26
134
143
114
95
107
38
46
156
172
149
132
162
78
105
77
18
56
49
86
111
98
8
91
32
169
121
111
175
111
38
176
156
101
120
166
123
173
68
178
85
163
45
148
161
93
46
80
138
147
107
137
47
3
117
91
61
97
95
94
22
19
34
148
15
179
60
40
89
123
141
98
157
93
14
65
7
4
145
169
44
109
71
156
56
91
141
94
46
151
134
5
172
19
110
97
179
27
98
6
132
23
13
5
127
152
114
24
99
21
125
52
177
18
22
59
113
131
62
24
131
138
10
138
166
6
40
116
1
111
66
78
148
72
60
93
142
105
34
50
155
106
61
90
62
129
130
51
9
44
140
159
100
91
11
78
145
27
28
33
17
72
35
61
166
4
118
122
9
81
33
143
139
32
26
40
150
149
83
96
104
157
89
4
6
28
25
31
76
16
67
50
23
38
155
22
118
45
137
68
143
77
178
153
20
171
86
110
143
136
82
160
129
16
175
110
115
127
130
136
37
104
47
33
74
90
51
112
168
135
23
79
41
18
36
59
111
133
57
132
179
53
8
148
103
177
149
88
128
74
135
167
45
107
32
126
27
123
154
11
28
92
129
64
69
16
174
29
55
148
25
142
82
34
13
115
57
7
33
87
26
175
47
150
101
107
92
162
164
11
4
39
15
51
165
124
74
132
51
138
56
134
179
60
152
155
179
164
83
141
67
147
16
153
165
172
74
170
50
163
85
80
37
103
25
169
6
91
25
22
109
35
27
31
49
122
156
115
76
159
15
60
154
64
172
143
166
119
71
20
85
24
167
166
36
141
150
56
146
117
28
4
42
112
39
176
89
85
151
28
156
135
25
84
17
32
120
6
87
83
169
36
159
134
1
28
3
45
1
4
73
173
78
164
94
171
73
130
165
109
124
115
41
154
52
169
83
52
95
34
68
16
129
24
51
108
125
139
42
36
95
111
152
29
145
151
92
167
13
108
65
26
122
121
177
75
49
22
14
87
72
35
77
33
169
122
47
78
134
77
39
135
82
20
120
149
66
14
127
65
86
96
56
122
86
115
15
150
65
168
20
95
4
143
172
38
27
30
71
109
79
174
94
13
21
64
35
84
36
49
1
94
104
90
1
168
65
149
151
19
64
140
53
37
84
170
50
5
119
35
156
65
149
111
77
45
9
47
62
127
161
175
56
136
152
98
140
101
93
146
139
89
55
12
145
3
146
72
38
135
85
40
124
113
30
30
176
75
80
126
14
68
108
152
169
25
168
123
45
135
115
20
106
152
104
158
145
147
43
150
85
56
44
173
85
95
67
30
70
49
129
56
8
89
103
35
16
109
153
40
8
178
68
66
32
89
79
134
148
58
41
119
122
44
132
10
156
178
82
123
72
158
96
56
92
167
24
75
71
123
27
12
86
13
