201
100
1565
1181
967
1884
1331
1241
729
966
402
1365
1074
965
321
1189
311
984
193
150
484
896
25
857
652
1267
1484
251
530
1334
935
627
772
364
76
1021
983
593
411
1377
1368
1173
1931
1073
1523
1057
650
1960
897
240
742
1892
202
718
1464
42
1512
2007
520
1259
1590
468
826
1797
1947
1897
1267
1311
811
1478
701
1916
1453
1313
108
2008
1680
1770
377
1766
973
1628
903
1317
582
1697
988
1916
1715
1032
1591
416
1525
1305
1519
1452
616
1410
754
44
1449
1428
1132
1789
254
678
250
1643
1076
974
1025
1342
1208
153
1889
1466
142
792
56
944
345
578
432
1058
200
38
510
1065
277
992
1916
1312
1149
975
1460
1301
1704
348
1652
1706
715
1458
531
465
1246
1910
1940
1598
298
681
1112
958
1919
848
243
974
1549
26
1540
578
66
1829
112
1476
733
660
149
1059
1007
1618
1729
494
399
1262
198
151
1566
675
1667
360
746
307
1592
1649
391
482
662
1919
1651
744
1336
805
1424
1159
21
1043
418
711
519
1192
648
406
1195
