200
20
72
15
70
9
17
19
47
51
83
2
37
4
96
81
12
21
70
36
41
63
56
9
64
66
12
3
14
100
57
56
32
75
96
85
63
31
14
64
20
58
84
82
35
20
10
70
78
61
46
27
63
20
43
87
95
16
98
41
22
19
24
1
82
41
52
53
86
83
32
64
25
79
77
6
73
65
6
61
79
17
17
77
74
20
78
70
65
70
97
13
80
81
16
67
10
14
74
91
20
83
51
94
1
78
34
43
31
85
16
19
87
87
18
10
100
30
65
74
14
7
33
77
57
43
77
40
59
21
71
41
56
35
47
7
10
25
76
89
79
77
54
64
19
13
84
86
20
97
68
52
1
7
38
45
87
69
21
69
91
72
46
75
53
68
40
46
20
83
29
15
99
57
61
79
60
24
82
74
17
15
98
81
13
6
42
82
90
33
33
63
48
26
4
50
64
52
28
17
8
86
