500
100
48
94
4
41
15
30
61
78
51
21
64
67
67
36
15
53
7
32
74
85
52
31
24
29
12
5
6
98
63
97
67
67
14
37
83
20
32
33
73
91
98
11
52
70
22
16
47
77
28
81
57
68
74
7
9
38
49
55
67
39
56
74
22
86
32
36
7
98
43
55
25
78
58
73
4
72
10
69
50
77
22
33
99
7
83
32
16
79
62
54
11
60
23
52
53
57
70
59
100
74
17
24
57
21
92
98
75
83
43
78
14
65
36
73
63
5
1
1
82
63
97
26
43
3
16
51
40
3
43
86
56
21
23
60
95
56
53
1
77
1
97
11
26
69
27
88
67
41
63
61
61
88
34
35
90
62
22
62
80
6
78
43
20
16
62
16
8
1
13
73
74
4
53
59
86
66
93
10
20
82
66
83
41
93
38
93
69
71
24
2
18
9
99
88
57
98
49
6
55
92
68
41
49
70
91
53
17
78
88
77
96
7
22
98
12
48
28
19
79
19
16
34
88
62
34
62
38
57
15
76
4
16
15
74
64
56
85
87
38
32
22
18
60
50
87
90
35
90
77
28
89
73
69
100
88
81
10
27
28
11
32
8
2
3
30
79
16
13
31
61
89
93
87
54
76
81
60
62
28
51
38
98
74
49
52
13
41
85
44
34
86
62
11
36
10
51
9
38
97
22
31
12
83
22
2
80
85
27
57
27
94
93
52
6
75
27
80
84
98
34
9
51
94
43
99
33
6
76
95
21
25
21
89
3
82
39
62
39
50
91
27
73
40
44
46
63
61
25
69
5
45
65
30
41
74
80
51
11
62
47
27
12
41
8
20
76
24
42
16
91
1
65
57
18
6
61
25
30
48
17
62
64
69
49
63
47
64
11
96
17
34
61
87
44
58
7
75
42
89
21
68
87
30
42
18
26
53
73
74
68
9
79
70
92
66
58
19
100
67
60
100
20
20
62
74
69
44
98
69
76
98
67
94
45
73
6
67
25
76
4
43
28
55
73
53
49
89
46
97
43
56
15
37
34
92
33
33
83
24
89
74
6
50
61
93
78
96
16
21
75
23
19
6
44
50
68
63
7
48
37
70
27
29
62
58
93
78
71
90
69
29
26
50
73
74
93
14
43
49
42
