400
40
5
9
4
9
8
1
9
9
3
1
8
5
4
5
1
4
3
4
10
7
2
2
10
2
3
8
10
10
2
10
5
8
6
2
8
4
9
8
9
3
10
9
1
4
8
4
3
8
4
10
7
10
4
9
10
1
5
4
7
6
4
4
1
3
4
4
8
10
5
5
8
3
1
7
8
3
1
8
2
6
7
3
9
5
5
2
7
7
1
1
2
2
6
3
6
3
10
9
1
9
2
2
8
4
5
8
4
8
6
4
3
1
2
8
7
8
7
3
1
6
10
10
9
3
9
10
6
7
1
9
2
10
9
6
10
1
5
8
5
6
3
8
10
4
4
1
3
7
1
3
6
9
3
9
6
5
2
10
10
6
10
5
4
8
4
9
9
8
3
3
8
7
2
10
8
5
2
2
9
9
7
4
3
6
1
2
5
4
1
6
6
6
7
5
8
1
9
5
10
10
10
10
10
3
4
1
9
9
3
2
2
3
1
9
7
2
4
9
5
10
9
4
3
7
10
1
7
2
8
3
9
4
2
2
1
3
8
9
9
4
6
2
1
5
1
8
7
10
4
2
8
8
4
5
8
4
8
2
8
7
5
8
10
5
2
4
5
9
4
8
10
5
6
6
3
7
4
1
4
1
6
2
7
7
3
9
10
7
3
3
7
1
7
4
7
9
2
7
10
8
8
4
5
1
5
8
1
3
7
1
5
3
4
3
5
6
2
3
8
3
1
6
1
7
7
6
9
4
4
3
5
4
2
3
6
7
2
6
8
4
4
7
8
1
9
1
5
4
7
10
3
2
4
1
10
5
5
7
7
9
7
6
6
1
1
5
5
10
3
4
5
9
5
4
1
1
5
2
6
6
9
3
6
2
2
5
10
5
10
8
6
4
4
5
6
4
6
8
1
7
