201
100
995
1368
995
1814
1603
475
276
1561
1826
1057
1364
1336
635
816
635
606
1702
89
1851
1953
476
1736
1291
1257
1185
1976
506
1524
1749
1825
1191
186
1000
887
1519
722
1084
1388
228
1140
1347
1121
753
1376
326
563
336
1948
1188
1575
1795
94
269
291
1653
1561
1854
56
1353
1099
1523
1738
39
315
1758
1318
187
496
144
1185
1229
1012
1110
1987
1286
893
1803
1908
1126
1879
631
1823
1233
1907
1278
1809
1604
831
1651
825
1314
1847
1107
1826
1050
935
425
1615
107
101
1068
1759
1347
1218
841
1873
76
1470
1204
1854
878
572
459
557
1754
1692
1063
1908
150
566
1022
1467
400
1202
1836
940
19
1842
452
1608
1506
1670
95
1097
1327
265
315
184
884
942
70
481
1544
857
13
759
1401
374
1658
1682
786
83
991
534
1082
343
470
1376
357
1509
429
596
228
318
1606
1300
251
412
134
342
778
1952
727
1096
1404
576
367
1295
1515
1970
1241
1891
1410
750
772
293
1917
1886
1386
1674
748
1894
672
274
142
1862
1765
1534
236
1240
1056
