300
60
58
99
29
67
43
1
2
112
7
66
94
8
73
38
36
116
33
71
98
18
94
2
101
31
98
72
33
17
111
71
3
46
78
92
13
29
67
64
12
7
56
95
71
26
45
102
78
52
45
29
34
99
97
95
69
31
62
54
21
35
101
2
113
96
52
38
17
31
34
12
90
52
105
86
57
3
46
89
18
51
21
111
28
71
19
63
73
68
44
88
82
59
71
36
103
94
32
5
3
51
39
43
67
70
115
92
3
62
115
3
116
97
114
75
83
62
5
68
113
41
61
54
15
95
31
108
3
48
42
85
58
18
85
12
95
5
78
89
18
13
8
47
91
35
20
10
55
80
104
87
42
55
75
117
47
61
69
16
78
42
52
48
25
78
44
44
116
71
5
17
43
19
103
96
70
13
89
64
66
22
38
92
19
3
75
85
40
27
29
77
50
81
87
112
96
65
112
47
17
61
108
89
92
72
28
63
24
59
118
27
44
43
36
91
1
54
54
56
16
4
107
8
42
96
14
112
76
90
25
80
44
99
82
80
14
55
60
100
27
57
66
82
52
20
39
117
83
69
52
119
9
114
24
32
45
113
85
46
53
13
26
43
78
82
92
81
70
57
113
21
23
70
7
46
87
20
95
104
119
85
91
72
19
42
82
60
63
108
34
7
30
110
95
63
16
117
11
100
30
24
