350
70
73
121
127
76
130
79
83
73
75
121
108
114
87
98
114
128
92
133
74
107
87
71
107
111
138
126
112
77
91
91
108
131
79
121
134
98
115
93
75
71
128
119
79
72
80
82
113
121
91
92
101
112
91
100
84
113
138
118
79
111
110
137
106
133
128
106
98
91
81
104
127
86
115
112
82
79
77
122
77
134
89
75
100
84
109
98
95
117
138
106
97
88
93
129
126
70
84
111
126
100
72
135
116
127
121
72
100
114
126
100
131
119
121
101
114
96
81
120
131
132
72
79
104
86
80
72
134
80
90
110
119
76
133
108
88
74
102
93
133
122
110
88
93
96
97
113
85
119
130
82
113
114
73
98
84
136
73
111
129
120
129
85
96
127
122
132
82
136
88
75
95
116
136
99
85
103
129
77
83
128
103
105
125
125
71
125
139
70
92
132
91
91
120
94
107
139
129
115
112
124
126
120
138
110
115
74
82
97
131
116
97
133
90
136
99
76
78
79
102
93
90
137
94
139
124
118
106
106
137
71
82
117
117
107
119
78
130
137
101
122
99
70
127
103
116
122
84
92
106
79
71
137
109
110
102
87
89
114
80
86
82
70
107
120
128
139
93
81
135
115
139
105
108
105
116
97
138
101
136
93
112
103
92
99
92
131
116
135
117
121
97
135
73
79
78
78
77
128
102
120
124
134
72
115
96
84
73
91
79
113
111
76
89
108
131
136
130
112
109
105
83
114
83
108
126
122
85
70
70
111
130
136
95
116
107
73
125
116
101
114
105
138
85
99
118
74
127
78
81
82
