750
50
27
62
78
77
64
89
100
91
56
50
47
11
16
18
61
3
24
13
23
3
8
27
90
23
20
100
18
90
42
6
44
10
23
27
75
24
34
24
99
88
62
70
29
97
74
46
87
31
16
75
76
21
51
84
25
75
85
11
50
73
91
63
64
96
71
75
18
27
18
82
5
51
4
27
93
71
18
14
40
69
4
24
98
10
9
31
63
76
97
84
80
95
79
30
82
2
42
51
88
78
34
82
24
60
93
35
73
72
16
82
56
53
56
4
94
25
44
33
26
57
64
26
36
30
93
100
2
13
41
8
29
40
34
72
7
56
100
20
30
88
31
79
44
11
74
68
92
40
45
18
35
44
80
25
32
36
11
70
78
53
13
78
14
67
68
59
54
61
52
50
76
99
17
92
18
7
20
9
5
30
97
18
73
59
13
36
23
67
20
55
85
75
57
82
13
70
16
65
17
59
10
20
40
78
21
100
58
37
3
63
6
93
44
47
15
36
40
5
25
98
88
94
45
72
78
14
98
34
14
51
24
74
7
97
58
78
9
63
52
70
47
67
24
29
76
69
56
15
86
93
13
81
1
47
81
6
87
84
66
22
3
49
79
77
66
43
4
50
21
60
7
40
70
19
22
52
75
24
1
18
22
20
89
46
61
56
87
52
54
1
59
52
24
87
76
53
57
89
25
38
66
35
71
14
40
11
93
92
72
8
23
100
40
57
20
43
79
5
69
19
19
1
94
13
85
40
5
11
69
92
87
63
87
71
84
60
20
31
70
81
27
94
92
100
70
40
30
81
42
47
21
64
58
27
96
6
64
57
46
67
61
47
60
93
59
59
34
57
4
77
14
81
95
93
73
37
50
77
56
18
95
9
60
48
73
80
13
16
35
4
28
92
98
71
77
55
32
61
24
51
7
45
41
4
87
17
49
57
18
37
22
93
41
63
59
7
90
35
80
40
67
97
51
89
72
14
7
6
90
87
90
75
49
89
65
72
62
28
9
57
100
15
66
1
32
12
47
86
44
99
80
54
4
58
95
45
19
32
58
28
52
42
32
79
40
26
72
100
61
90
87
30
7
89
67
82
43
99
15
84
24
78
82
76
51
71
31
50
40
94
66
18
24
92
10
34
4
74
17
3
55
10
4
15
40
33
49
85
11
11
31
27
88
65
81
35
33
38
57
93
74
18
81
75
92
71
87
16
15
10
9
94
87
37
41
36
80
67
58
85
58
9
8
47
53
64
36
71
97
57
22
60
18
47
45
98
79
37
89
32
39
33
1
8
54
32
83
20
66
85
47
25
68
28
16
30
46
50
13
83
77
57
35
85
19
19
98
89
22
84
71
1
66
14
8
97
32
40
35
23
52
94
18
76
57
49
48
94
18
68
42
30
59
57
3
38
34
38
28
100
22
30
49
84
66
89
3
23
11
32
15
15
53
84
26
24
29
74
43
73
84
44
25
85
20
2
44
11
64
83
48
91
73
32
67
97
30
38
25
47
59
63
18
78
79
26
84
51
27
82
7
70
9
87
3
85
33
18
100
50
99
39
82
36
18
12
5
9
65
59
7
74
15
58
38
65
18
52
35
30
26
6
16
80
1
44
28
1
79
63
86
74
69
20
76
19
53
12
34
75
43
55
28
92
27
3
46
20
6
35
95
45
28
47
76
59
37
74
62
4
26
65
80
69
19
59
44
92
89
16
