300
30
102
101
96
105
95
96
100
105
103
98
96
99
105
95
97
104
105
95
98
98
100
97
95
105
102
104
102
100
95
100
95
104
101
101
104
103
96
98
97
96
102
104
101
104
103
100
105
99
103
105
103
105
104
105
104
104
99
99
103
100
99
98
101
103
100
99
102
98
95
104
99
105
102
105
105
96
97
103
103
102
99
96
100
101
97
104
100
100
100
99
96
104
104
97
103
97
103
103
105
100
95
104
105
102
105
95
101
95
103
97
103
103
97
100
96
101
101
102
99
97
101
99
95
103
101
104
100
100
101
95
99
95
96
99
102
98
97
98
96
96
104
96
98
96
104
105
102
98
101
99
102
98
95
97
102
96
100
102
101
103
101
95
101
95
99
105
99
99
103
103
99
103
99
99
104
100
97
101
98
100
97
97
96
97
103
102
97
104
100
99
101
102
102
98
101
101
96
102
101
97
95
103
102
100
95
102
98
95
97
98
97
102
95
101
96
101
98
97
103
96
100
98
100
103
99
102
96
97
103
99
105
104
102
98
101
97
104
105
97
103
96
97
100
102
103
105
99
105
98
98
101
105
104
96
99
104
102
102
98
103
101
95
104
97
97
105
98
97
104
103
97
98
98
99
95
99
103
101
101
105
99
101
101
96
101
98
98
102
99
102
105
98
97
100
100
97
104
95
105
96
