201
100
24
40
35
60
55
190
107
141
56
81
181
48
35
131
139
124
14
126
142
148
136
29
99
65
150
165
1
122
14
132
38
18
171
47
85
139
30
137
107
66
56
106
71
72
115
14
190
157
70
76
90
183
189
162
69
145
104
192
183
142
182
96
132
162
115
87
133
23
54
139
167
166
13
129
156
144
161
181
126
93
90
127
39
90
129
142
99
125
20
56
39
81
148
27
119
75
152
162
80
139
195
63
144
6
190
152
47
188
68
119
110
150
27
56
119
84
54
161
167
92
16
151
101
67
106
135
61
52
59
145
127
47
190
12
106
197
177
140
86
192
101
115
174
63
73
23
198
33
92
82
145
165
139
17
20
78
137
128
120
61
192
62
35
99
157
79
19
147
190
83
49
96
34
28
95
130
159
21
129
14
105
96
37
136
93
84
67
78
13
144
184
170
149
193
29
98
81
96
29
69
157
