300
60
3
2
5
6
7
3
2
1
1
1
8
8
2
4
10
9
9
5
7
4
5
10
5
8
3
8
9
7
6
1
8
10
6
5
9
8
9
3
2
1
2
1
9
10
9
9
6
6
9
10
1
2
7
9
3
9
9
5
5
3
1
3
10
9
5
2
2
5
8
6
1
9
7
10
3
2
4
2
9
3
2
10
9
7
2
6
2
10
8
9
5
4
5
5
6
3
9
1
7
7
5
2
2
4
1
3
8
7
4
8
3
10
4
1
10
1
2
5
5
7
3
1
5
10
4
5
10
2
8
7
7
6
7
9
2
9
7
3
4
2
6
9
1
10
3
4
10
9
3
8
6
3
9
8
7
3
9
9
10
6
10
7
2
8
7
9
8
6
10
2
1
10
7
5
1
7
3
8
5
9
6
5
1
7
8
10
7
9
6
1
4
6
4
8
10
8
8
10
10
10
1
3
3
1
8
1
3
9
10
10
1
4
10
1
4
10
2
3
8
2
7
1
4
6
10
8
6
6
5
1
8
9
6
8
10
4
2
8
10
9
9
5
10
3
8
5
7
10
8
2
3
6
10
7
7
2
9
9
5
3
4
4
3
5
9
8
4
10
8
4
6
9
4
1
10
2
9
10
6
4
4
10
10
9
5
1
9
10
8
8
3
6
4
4
6
2
4
8
3
5
