700
70
135
139
100
96
96
106
71
102
80
72
86
117
131
133
105
74
137
80
118
73
100
120
88
74
137
117
138
106
122
112
135
89
120
134
113
94
80
123
76
86
123
91
121
106
99
73
107
93
106
111
139
130
127
102
119
108
92
92
85
98
107
75
87
81
70
92
98
120
83
114
72
133
130
115
110
91
89
70
123
103
99
137
104
88
122
78
97
70
98
94
123
107
79
91
97
105
131
121
114
71
83
113
102
90
118
93
86
104
123
86
101
78
72
117
111
88
74
84
80
106
112
130
78
110
89
134
100
100
91
78
102
80
98
136
138
130
102
114
124
105
109
128
78
95
118
118
133
113
76
79
131
97
88
76
82
85
83
113
88
95
112
79
73
126
130
72
70
84
83
90
124
124
119
101
75
121
124
95
137
127
86
82
116
121
102
87
137
76
74
139
92
112
117
128
114
90
95
129
132
80
105
106
118
133
135
80
97
105
101
128
114
82
76
109
138
132
102
131
137
116
120
112
121
101
73
70
76
79
134
135
121
118
129
122
79
84
109
111
117
83
84
70
109
119
118
125
76
87
118
116
99
91
111
121
73
76
112
73
93
127
106
131
93
119
73
116
110
110
111
112
74
135
116
123
123
70
114
125
123
96
119
76
103
130
99
84
124
94
126
118
137
113
124
85
77
127
121
135
114
134
113
75
100
73
121
90
138
139
134
100
112
84
72
138
117
124
95
137
135
126
94
71
124
71
85
112
109
110
70
82
119
136
108
90
118
71
83
130
70
134
125
130
116
83
80
108
138
93
95
115
121
84
84
76
75
75
77
88
109
110
115
86
116
107
125
77
119
123
101
101
91
113
71
130
88
76
75
88
75
129
83
124
133
124
126
125
107
127
110
131
116
113
138
92
100
83
108
92
106
112
81
128
132
128
99
83
134
111
108
80
86
95
120
108
118
100
87
106
98
125
100
85
102
105
112
129
79
109
99
112
132
108
93
78
94
82
116
127
85
78
133
131
94
108
108
137
98
132
126
88
107
91
84
99
119
75
91
89
121
126
137
112
129
120
104
122
74
70
94
82
122
71
113
73
121
132
139
104
92
88
96
93
85
94
98
101
110
129
94
129
88
89
110
120
112
119
89
70
138
135
130
98
117
109
88
94
129
102
134
137
129
93
101
110
106
139
123
113
86
128
127
102
84
77
129
125
109
81
78
101
123
72
97
106
88
136
106
93
89
89
128
128
115
124
124
116
85
70
136
101
90
120
132
120
107
75
97
106
119
94
109
137
78
85
77
135
98
112
93
132
77
70
129
115
86
103
80
120
130
118
129
84
96
123
73
76
113
124
106
108
79
70
122
127
116
130
81
133
89
86
125
139
124
106
79
71
135
105
92
96
94
114
109
78
129
136
122
100
92
78
138
133
118
83
139
103
138
80
71
120
107
77
123
84
135
120
89
110
111
134
84
91
75
100
95
101
122
134
138
111
70
134
116
132
123
83
131
77
134
96
76
120
77
121
138
79
112
105
130
103
117
124
126
124
135
122
80
134
89
122
105
138
86
118
130
117
95
122
110
124
74
106
78
106
88
107
131
91
111
97
