200
40
8
23
75
25
28
49
50
9
58
70
1
46
8
37
28
66
29
14
42
15
31
25
54
37
62
47
8
58
37
4
70
5
58
62
43
12
79
33
29
70
53
48
52
29
57
44
69
6
23
74
51
70
34
28
31
72
38
22
29
22
6
59
46
71
25
33
41
44
19
36
6
68
59
49
22
53
38
37
31
20
35
5
72
22
1
23
15
13
62
5
59
27
8
22
39
68
15
77
79
65
71
69
70
35
77
36
16
64
5
10
38
64
25
20
43
46
49
8
65
2
11
19
55
63
37
60
9
13
10
41
70
62
18
76
58
76
6
30
20
39
3
43
27
16
12
78
77
28
43
44
16
77
15
27
75
47
38
24
12
37
16
34
19
5
42
9
74
69
64
66
76
7
24
37
20
24
24
23
68
57
61
79
37
22
25
46
63
74
31
15
15
66
54
35
29
49
63
59
8
14
