1200
80
78
52
25
7
99
77
99
7
15
4
52
67
33
93
7
18
56
49
28
24
65
50
96
67
22
54
30
4
100
100
93
3
49
76
32
78
54
27
56
54
37
45
61
48
96
85
57
9
65
1
97
34
65
11
23
94
68
1
14
41
84
97
76
78
37
78
51
16
32
6
52
38
74
94
98
95
93
34
49
63
54
34
58
13
100
47
40
31
97
74
59
30
25
39
36
95
84
25
37
98
85
12
27
18
17
95
46
63
19
33
53
9
25
71
60
42
85
17
60
12
70
85
11
56
78
83
40
4
15
90
3
77
21
32
19
77
29
74
48
61
13
65
61
38
46
34
100
7
11
33
84
83
78
47
21
89
46
75
62
92
86
70
47
92
53
94
69
55
70
97
100
6
69
55
9
76
27
30
79
69
89
18
98
41
61
55
28
6
12
87
72
17
98
47
74
14
84
30
48
47
42
53
82
66
37
67
43
46
92
27
62
74
88
12
40
70
54
87
35
11
73
86
98
28
64
79
32
7
4
48
14
94
85
24
85
47
16
8
77
47
74
45
74
29
22
65
39
54
63
26
100
60
5
34
30
61
38
7
85
88
84
23
39
55
30
12
76
14
43
89
78
11
78
88
73
60
2
48
75
49
41
49
18
10
14
14
55
66
95
78
36
99
42
49
57
90
26
93
43
42
81
79
90
98
57
30
19
45
56
16
36
79
19
27
90
18
19
42
89
5
95
7
8
31
28
85
87
26
64
32
18
20
63
40
22
99
39
54
75
60
5
100
23
1
65
52
42
8
1
9
30
11
84
42
83
80
49
98
63
59
72
54
1
73
19
97
86
35
31
61
89
75
10
66
95
22
17
25
92
55
67
73
77
90
76
42
6
86
98
58
74
99
60
18
27
77
96
92
62
13
69
13
40
22
48
75
1
98
97
4
96
23
9
82
44
61
89
47
99
5
2
75
87
84
22
19
7
49
4
34
56
26
10
23
98
29
30
40
74
55
98
12
69
92
99
1
66
59
97
85
59
26
73
20
48
16
43
4
21
61
64
77
45
25
97
77
51
78
44
32
13
47
13
91
18
95
1
56
95
42
98
14
54
95
34
74
58
9
63
41
79
90
14
25
24
5
67
4
3
45
94
79
26
56
83
72
62
68
92
83
16
85
1
3
51
69
56
92
85
97
54
19
23
20
1
97
45
27
56
97
33
81
58
22
98
50
81
47
15
36
91
28
21
8
13
44
41
93
36
18
33
96
79
87
23
31
81
11
55
88
93
62
25
100
63
50
35
14
39
70
69
64
71
7
87
6
40
45
62
18
59
91
54
54
75
43
34
19
87
70
29
84
64
86
33
42
62
60
53
4
8
29
28
100
83
65
50
44
57
6
47
49
47
41
60
64
44
86
17
99
81
26
16
17
20
15
50
18
43
54
46
2
94
93
4
66
47
57
44
10
32
53
53
55
77
17
63
70
17
45
6
98
43
53
32
100
69
22
19
19
74
48
60
51
21
63
79
11
55
61
59
41
99
61
41
24
86
10
79
54
5
6
22
16
70
44
82
87
75
81
99
74
69
72
4
41
83
87
41
32
78
4
82
97
29
40
86
13
51
30
28
6
48
51
25
59
28
46
14
74
100
48
73
5
44
81
1
63
82
52
38
22
88
57
53
77
2
46
19
70
44
47
29
96
17
70
39
59
91
99
76
55
44
44
86
30
61
90
3
52
8
18
63
89
5
91
48
2
50
97
30
90
71
92
95
27
80
10
39
62
78
1
32
78
15
87
38
66
99
89
85
64
35
4
81
68
57
87
61
54
35
80
27
13
98
7
44
21
6
33
69
24
30
11
22
49
42
42
19
94
17
84
55
45
58
91
52
55
99
94
86
92
59
61
52
53
52
12
20
79
63
5
8
54
70
21
31
69
44
11
58
13
28
83
94
92
86
44
81
1
25
66
55
70
10
7
65
51
69
40
13
70
1
7
37
71
3
79
64
91
39
91
17
96
46
34
55
71
85
34
10
44
11
8
26
28
80
83
83
54
64
100
51
34
49
49
8
81
39
57
64
35
5
84
30
32
22
93
22
33
72
9
47
51
99
37
46
16
95
75
12
12
94
65
90
46
20
47
19
98
54
26
85
42
67
72
11
44
37
8
50
63
66
35
73
80
86
98
66
24
33
81
44
16
32
96
42
14
91
56
35
83
97
62
46
95
43
13
44
86
61
99
85
13
46
89
36
96
53
38
77
10
14
46
82
49
40
82
25
27
53
46
17
76
81
32
59
97
1
6
11
20
74
22
36
54
86
34
30
70
60
74
49
49
9
1
7
34
98
27
5
45
52
17
58
8
6
8
96
79
72
27
73
59
79
35
62
51
79
79
43
28
24
20
8
88
78
86
100
81
25
56
18
99
23
14
17
61
39
18
34
27
2
54
66
51
25
90
52
43
83
72
64
13
13
75
18
37
12
75
25
32
51
63
40
14
34
48
22
70
27
49
1
71
59
51
89
5
16
39
97
84
66
86
69
16
30
40
24
63
98
99
60
63
35
87
8
60
83
19
34
1
94
6
56
15
16
70
22
79
1
13
48
42
45
83
75
29
86
87
61
60
15
75
15
85
49
14
84
29
20
78
27
57
66
44
6
11
85
57
17
35
23
25
58
67
49
33
40
49
7
96
7
46
62
91
61
9
3
21
20
95
66
9
40
20
1
87
6
1
