500
50
70
48
67
49
5
55
54
20
93
72
15
54
14
80
24
88
85
52
35
53
59
60
15
64
97
40
73
87
27
11
69
59
1
81
35
90
73
98
17
32
57
93
44
10
11
20
55
2
1
92
18
55
81
50
93
51
95
42
9
22
34
2
96
27
92
19
28
94
41
70
41
12
29
25
87
72
12
4
18
58
84
55
95
18
50
62
29
86
35
35
58
24
92
16
97
2
20
19
46
95
39
49
41
52
11
5
42
71
30
67
4
9
90
10
85
78
24
36
82
47
24
29
28
28
48
18
65
57
79
63
63
90
39
58
91
19
73
97
93
61
35
36
24
88
74
87
41
11
19
84
16
19
92
78
42
81
71
18
2
74
5
98
35
74
40
21
91
48
98
6
66
2
72
28
74
83
75
1
8
93
72
80
6
54
4
4
70
1
75
74
87
12
23
45
73
14
39
19
95
94
36
15
58
10
47
97
25
43
84
95
50
68
21
60
98
63
20
49
75
28
19
57
74
96
6
88
28
98
16
87
66
17
6
96
43
26
87
61
4
83
66
67
66
19
27
19
37
98
6
21
69
61
37
60
6
21
73
66
25
23
64
15
47
10
77
52
94
48
35
20
11
47
29
72
5
7
41
64
78
87
75
70
52
60
44
78
26
30
31
57
15
65
52
99
2
33
9
33
80
71
51
32
90
62
61
95
21
38
61
56
33
71
3
3
49
23
75
74
26
54
82
19
63
78
20
5
7
45
36
74
16
2
34
60
15
24
73
82
42
10
8
65
79
77
39
49
60
57
81
59
85
17
88
83
42
82
8
69
38
40
71
91
41
82
13
54
60
59
72
41
53
19
7
55
22
25
42
50
33
85
4
10
35
54
95
66
46
31
85
8
86
85
73
23
60
35
95
56
86
39
15
44
1
45
59
74
25
86
88
6
36
64
61
27
59
59
61
31
47
6
11
82
30
41
89
94
67
76
31
61
85
21
90
85
92
97
32
84
56
78
34
73
34
91
94
31
56
14
25
61
41
42
42
31
41
50
97
54
36
67
43
69
69
53
99
46
40
11
13
85
49
48
54
47
33
33
90
5
37
95
3
19
79
79
88
47
35
53
2
18
25
28
49
6
93
2
8
72
35
46
