700
70
1166
2608
5174
6856
6159
6613
3579
6600
6730
1675
2859
2485
2893
3672
5664
1486
2449
1742
4281
218
6976
371
5943
6854
6453
3324
805
6413
1177
5979
5131
5355
6449
5428
5725
6191
2736
18
1777
709
2232
1839
794
25
5104
4580
4866
6709
6842
6407
6167
4738
1089
6505
2854
4103
965
455
4397
468
4478
6692
3029
855
2641
842
3322
1420
4956
2004
1840
5152
4430
2490
5500
4557
4081
1595
148
4812
4686
3199
1345
6270
4949
5230
3142
4535
3168
4120
4329
3304
1924
4331
6480
3760
96
2426
6756
2279
6928
933
4425
5729
5733
5243
5185
458
3159
5899
5126
199
2026
1568
2276
5913
4255
4740
2595
6088
128
6390
5699
1125
3993
1163
1953
4284
2406
4150
6880
3307
1423
4909
5769
4772
1956
1308
1099
6054
1818
2328
5724
5640
6043
3412
2144
5871
6821
4841
3877
240
5484
6303
4965
6594
3131
6526
6358
4748
6593
6686
581
6664
916
282
194
3606
6240
2177
1681
5206
3108
2525
5589
3321
1275
2776
4432
6050
6470
1933
692
4561
4194
6099
3977
2783
2753
2391
1504
1395
1023
408
2018
168
4421
6757
4354
5044
2296
2978
5734
5854
3111
4218
907
1893
4036
5195
650
6976
425
1881
4415
5189
1367
2557
1252
2376
2646
3852
3507
3623
1352
5837
4282
4030
41
6588
5320
976
2742
6384
64
3365
1628
2574
4515
4343
1846
6856
4325
6262
6636
6857
1393
4393
3304
5519
6230
4471
6587
6481
1709
4613
1188
4723
5635
6499
2779
5759
3006
5087
1317
77
4634
4571
1487
963
2464
6666
900
5146
2015
6393
2662
1069
4768
2374
6240
3364
2017
103
6651
5219
4814
5702
33
174
254
5401
2557
4754
6434
6768
80
243
2351
4757
592
4663
2037
5682
5153
1573
1011
1015
2789
4291
2748
1066
2853
989
2385
3873
3000
2251
1603
2415
6613
1659
6571
3325
3129
1695
4360
6125
4160
5722
4857
6509
1417
5901
5160
383
5493
4404
6702
4573
2141
2261
4422
3322
1347
6817
1636
6658
2782
3577
6940
6440
3877
1387
918
1703
540
2245
6799
2709
6096
4863
4067
4542
1765
1048
415
830
6943
1330
2807
1505
3388
1756
2875
2671
4247
1875
4083
3219
6503
5043
2010
2337
1441
5270
6885
1863
1493
5252
5988
3632
4817
514
2221
4212
1131
3288
6484
2048
1285
5408
4095
6288
2391
3951
4419
1824
5628
6518
2611
3481
1303
2270
1789
6748
2631
4465
6028
2273
5578
4574
3654
127
1474
469
188
6891
1235
2862
6169
3725
6753
5453
1763
2968
368
5930
6548
1523
2323
6844
2005
3371
5476
396
1345
6656
4928
4268
6342
880
1283
6414
2415
5020
4332
480
6204
2119
3135
1936
1157
3015
1862
1456
3048
572
25
5311
6782
2592
5935
5850
6254
598
2190
4470
4256
6787
2300
3053
6268
3485
3538
78
4304
1526
278
5354
468
4118
2024
1928
3290
6211
2655
153
3077
6749
3509
3409
3532
1883
1636
3066
2636
6890
3164
1899
5388
5621
2405
6783
1609
4434
6888
6686
6224
3685
1171
3257
4021
3826
329
4871
3935
4249
3081
676
6592
1404
600
1723
2952
3358
5086
5158
4244
6549
3017
4988
63
3917
3786
6534
4343
4919
4269
3925
6172
3066
5147
3219
4178
5155
2121
4158
3253
1293
5092
3210
873
3009
4585
662
6176
6031
2660
6147
724
6631
5859
1237
2469
3057
2432
550
4249
2938
5818
2691
6722
3609
2786
3306
6350
3845
186
6670
3241
4295
638
4666
3408
4196
782
1261
4611
6539
1344
4204
3311
4064
615
1466
4862
6170
3426
439
6517
1386
2923
4555
1262
822
167
2079
3433
752
892
2579
5799
5930
2090
2306
2908
6682
2627
4398
476
4563
2156
6855
6725
6236
6502
1543
5379
4632
6649
5544
2860
1069
6834
2081
6300
5346
2437
5248
4659
652
6990
537
1715
158
6786
5837
2887
238
810
2054
4261
2642
2692
62
5292
2725
5773
2974
6061
422
5888
6996
2420
1218
4559
4564
2592
144
4483
2969
2860
3228
1763
1624
5584
5910
2394
2707
705
1803
6501
1702
6398
6832
77
5941
5906
406
