240
80
1044
1177
651
1059
1188
716
91
1264
2288
1479
1684
788
918
1471
100
16
1226
886
2239
1777
682
105
703
904
1787
520
1525
2025
418
1302
1360
1897
2372
922
2056
576
2191
2190
792
1650
2313
189
660
1216
956
661
420
1269
1263
1948
245
58
152
2240
1142
2397
1702
245
2315
1906
1163
345
1622
2283
1915
1755
1138
2110
1658
1377
1572
1072
352
768
1148
822
2329
1035
1894
2360
1227
318
160
1106
634
1656
1533
544
1416
1529
526
509
2025
578
367
1965
752
1653
1799
906
196
1581
1162
685
2094
887
1686
563
287
1625
636
243
891
1480
2393
267
2233
1417
349
358
158
2298
1198
1283
1583
1778
2183
862
2150
190
361
2131
1663
24
1802
256
1722
1295
739
891
2374
375
899
1873
339
168
311
282
1931
378
142
1100
794
1328
528
1815
2181
389
1310
674
277
1747
353
712
1378
1967
1712
1051
1177
903
2243
2265
667
1787
1534
798
1201
730
1513
1823
1774
1886
774
397
355
1938
204
218
279
1620
1484
1105
1254
1651
1548
1947
1389
1281
855
119
1728
883
776
44
1075
932
553
2209
2098
750
807
2087
1916
945
733
1608
81
2232
65
1217
1940
817
1762
1121
94
1196
1721
1987
476
1565
367
937
849
2123
1068
1874
1322
1551
2233
12
