450
30
50
38
7
37
40
37
53
31
7
3
58
21
40
13
7
38
22
41
58
56
17
26
29
50
23
25
12
49
3
5
45
53
25
49
1
13
22
10
49
8
32
34
22
45
36
41
52
43
37
38
40
14
20
32
7
45
16
5
5
4
10
8
4
15
9
6
48
43
57
29
48
7
21
31
54
40
27
5
35
44
12
5
33
36
22
45
23
38
34
45
51
38
38
56
1
34
56
35
23
58
32
52
46
32
49
49
33
24
35
42
41
14
59
55
9
24
3
24
55
11
20
50
40
9
59
29
20
23
39
29
11
56
23
12
50
46
24
45
46
6
12
2
34
5
20
21
48
48
53
19
37
12
39
20
43
7
19
29
37
11
16
39
23
30
7
23
34
24
38
8
43
23
23
56
11
27
9
52
48
9
48
48
51
16
54
11
2
39
53
29
22
31
45
48
54
33
3
15
27
51
56
35
54
49
13
55
26
27
15
12
5
33
47
27
52
26
42
7
46
47
53
39
12
36
54
25
46
36
43
17
54
21
49
9
51
50
59
8
49
35
31
47
44
7
41
23
8
49
19
18
6
52
19
51
44
13
18
32
10
21
50
53
23
25
27
21
17
30
34
23
43
45
13
27
19
40
19
16
30
31
8
10
52
39
53
39
5
45
52
19
47
11
7
54
23
15
47
54
30
54
19
2
55
57
3
34
27
14
42
28
26
31
51
58
59
20
23
58
10
47
24
17
58
10
27
30
51
20
18
31
17
19
44
52
28
21
14
7
12
4
18
34
14
40
19
29
43
32
51
50
30
15
14
22
40
17
55
33
9
52
19
12
58
31
35
44
6
24
3
39
16
4
50
35
40
43
54
20
41
30
24
22
42
21
26
53
4
48
29
58
9
19
19
29
3
59
34
11
39
1
44
39
10
49
4
44
29
54
4
11
4
59
49
50
1
39
15
32
17
48
10
33
51
26
31
18
26
41
29
48
2
43
29
7
34
37
6
10
23
18
20
33
16
32
8
44
5
46
33
50
