350
70
99
95
105
104
96
99
104
97
96
95
96
102
98
95
95
96
98
101
103
96
98
102
105
96
96
98
103
97
102
105
97
96
102
105
105
98
103
96
97
100
100
99
104
100
95
99
102
100
100
103
103
105
105
99
95
100
105
100
104
98
95
101
101
102
95
96
104
103
98
101
104
100
99
103
100
99
100
102
102
96
98
102
99
97
103
102
99
96
103
96
96
97
104
101
103
105
101
96
96
96
95
100
101
104
103
99
95
96
97
104
105
101
105
105
95
97
97
105
98
100
96
96
97
101
98
99
104
96
104
100
98
102
100
103
105
98
99
105
100
100
103
103
104
105
98
104
105
100
99
103
102
101
103
95
95
99
96
98
103
102
99
99
98
98
95
95
98
104
105
99
102
105
95
95
97
96
103
95
96
105
102
103
98
100
98
96
102
105
100
105
97
102
97
95
103
97
105
100
97
103
96
104
104
103
99
104
103
95
96
105
96
103
100
104
104
98
95
102
100
98
104
95
97
97
105
105
99
104
102
96
104
95
105
99
102
99
101
101
105
100
95
103
98
101
101
101
95
101
101
98
103
104
105
101
102
101
105
95
99
95
101
101
98
105
105
104
96
100
99
96
97
104
105
98
97
104
101
101
95
96
96
97
102
98
103
95
101
104
102
103
103
96
101
95
96
98
97
104
96
95
101
98
104
99
101
100
102
98
101
97
102
98
104
105
100
97
97
99
96
100
103
96
102
103
97
105
98
96
99
102
105
95
105
95
104
100
95
101
100
99
99
99
101
95
102
97
105
100
96
103
