300
60
59
4
87
49
70
77
96
8
87
10
79
84
28
24
44
27
45
3
54
11
93
85
6
6
72
85
95
9
2
39
90
6
15
58
53
98
67
49
99
100
46
78
83
22
20
92
5
44
21
40
7
10
72
86
13
45
72
83
48
55
39
72
63
48
35
80
90
33
44
29
76
61
60
65
82
36
17
90
91
40
84
64
87
83
17
41
76
49
54
78
20
92
71
31
3
31
33
83
81
28
66
87
80
6
95
55
14
84
19
34
44
64
66
6
49
37
65
78
73
91
4
36
86
74
53
98
86
55
21
4
20
91
4
17
18
51
72
81
6
46
52
72
1
77
78
40
34
58
29
64
1
90
84
50
61
100
93
82
27
85
76
76
35
28
19
90
60
72
58
73
85
11
49
40
85
10
98
36
97
2
75
97
36
25
32
17
17
86
39
79
18
86
95
41
84
20
28
76
22
18
48
36
1
15
5
87
16
79
37
5
56
60
57
49
44
33
85
72
80
78
45
87
8
49
65
68
18
88
1
17
7
70
69
36
47
39
94
3
83
62
40
78
5
88
54
74
24
15
78
44
59
81
99
16
86
91
76
59
9
16
9
59
48
71
31
60
39
96
5
97
19
40
6
31
71
20
15
54
48
66
13
98
86
52
45
19
97
56
26
66
19
43
42
15
93
70
42
20
30
9
