600
60
13
75
96
4
47
46
21
71
1
67
13
70
5
34
85
9
19
70
2
78
14
66
69
69
94
91
5
32
90
88
36
39
66
50
47
73
58
61
20
34
53
48
75
20
39
77
57
7
90
73
31
84
21
56
34
47
85
2
83
40
40
52
19
33
70
3
14
58
91
66
92
88
54
53
82
100
2
13
10
64
48
52
40
16
79
50
86
98
26
7
36
83
57
88
70
57
29
97
18
6
56
1
82
30
20
40
37
88
48
8
11
72
71
38
27
5
3
52
69
32
89
11
14
9
50
100
85
36
96
56
6
17
89
37
2
65
79
89
92
61
17
16
72
55
36
63
46
57
49
95
7
7
56
72
61
55
97
40
19
40
48
75
52
18
19
67
24
51
23
29
9
50
13
31
14
63
16
39
47
29
87
9
15
59
20
58
57
15
8
27
40
13
50
50
81
35
85
92
75
21
48
64
94
10
28
11
83
93
1
33
44
68
24
14
4
43
17
89
72
92
58
64
3
38
41
59
27
35
34
28
70
88
56
67
8
11
56
12
85
56
15
73
29
73
68
34
36
59
34
42
24
58
89
63
3
4
73
31
87
27
70
9
27
61
71
60
25
35
82
52
72
94
69
93
88
88
87
99
32
81
39
83
82
17
52
71
74
62
67
47
33
38
67
53
27
19
80
71
97
60
66
92
45
4
19
89
44
65
38
25
38
98
97
81
82
38
83
34
76
25
52
7
21
75
19
91
39
10
36
80
4
18
98
5
33
62
77
3
20
29
13
62
14
56
41
99
26
13
77
98
31
79
5
67
13
23
87
89
83
71
36
48
27
31
93
58
32
2
20
52
43
20
90
45
44
23
92
19
26
9
43
59
4
89
16
35
16
52
89
36
6
52
21
77
86
87
53
56
50
96
10
70
91
80
60
10
2
65
70
27
77
71
53
66
88
73
97
31
74
33
36
42
88
80
28
98
21
3
88
96
3
64
80
15
59
46
15
72
29
98
14
26
10
18
23
4
95
92
65
7
82
30
76
23
58
44
46
66
24
5
42
4
97
6
38
93
20
96
31
63
60
92
79
4
59
65
78
21
18
100
37
56
74
30
98
26
12
25
73
65
89
12
34
43
26
22
18
39
13
93
89
85
7
34
37
14
83
73
4
41
58
26
18
15
10
98
67
69
8
10
40
97
74
29
17
79
36
20
49
79
93
74
81
3
79
1
21
61
76
18
55
8
7
8
59
14
36
95
24
6
59
2
9
34
86
13
23
28
56
17
60
96
97
79
25
62
86
92
78
61
78
83
31
85
4
35
9
14
63
29
60
92
100
43
58
7
79
92
54
99
6
60
2
72
90
54
45
66
40
37
