750
50
66
61
65
92
54
99
56
54
81
53
94
68
91
95
98
61
91
75
68
61
68
56
91
71
98
72
56
61
51
66
79
55
81
70
84
84
94
65
66
80
99
77
74
75
99
56
95
67
95
84
77
81
84
75
87
77
94
83
71
89
96
76
96
77
67
94
97
67
60
67
63
78
92
81
90
99
80
90
94
66
78
75
55
53
87
91
57
58
89
94
55
51
51
65
71
81
68
70
51
52
97
69
72
86
97
53
80
70
81
76
91
84
94
86
92
71
83
57
52
96
51
56
54
54
94
80
85
62
97
95
95
79
87
61
98
86
77
70
82
78
68
94
85
54
93
81
61
71
85
94
51
86
69
89
95
90
51
53
76
62
79
76
82
59
68
87
69
68
54
75
87
94
89
52
63
51
90
69
57
73
68
89
90
75
98
95
50
51
66
63
68
61
64
55
79
52
75
72
94
60
66
82
56
68
71
77
57
83
72
60
91
91
85
76
60
55
52
83
71
68
80
94
84
68
99
51
84
67
64
72
92
74
81
60
63
82
92
74
96
54
63
72
91
93
63
97
70
76
71
71
89
80
52
95
99
65
50
65
64
69
89
67
73
97
97
70
83
72
86
89
90
59
60
81
93
68
71
71
69
87
59
58
74
82
71
76
84
83
54
78
64
77
55
92
70
82
55
56
98
72
63
77
99
79
69
68
56
93
71
96
91
51
72
87
68
90
98
72
64
67
91
55
72
96
51
69
65
99
62
97
82
85
98
76
50
85
77
81
71
69
81
76
87
78
88
83
87
92
73
82
89
96
69
95
77
55
73
66
56
81
56
54
91
59
99
92
80
85
62
58
69
51
87
74
90
98
90
92
56
84
78
90
71
82
78
78
70
54
66
98
64
54
57
88
96
53
99
71
60
56
87
82
75
82
76
62
50
55
79
53
82
63
92
69
65
94
95
96
92
98
77
82
55
77
67
63
88
56
58
71
72
53
85
56
64
83
73
56
85
65
98
71
57
78
56
93
88
67
80
90
91
69
91
85
58
97
87
51
69
62
87
62
62
96
93
81
61
98
71
68
64
60
55
51
89
66
93
97
94
62
70
98
92
75
90
67
61
58
85
62
88
68
87
95
54
69
59
90
94
98
81
72
54
69
86
75
66
56
91
77
91
85
52
55
80
87
66
63
96
74
70
87
52
77
71
67
71
94
73
54
80
86
99
90
53
75
61
60
94
52
50
98
79
89
99
82
54
81
92
90
54
59
78
69
59
55
56
53
81
65
64
67
86
89
65
83
69
54
72
97
72
82
77
67
94
95
89
63
78
74
79
72
98
58
92
64
97
98
60
73
79
59
83
66
82
51
65
65
60
92
94
65
51
51
75
98
77
68
75
78
95
94
56
91
80
71
70
84
79
79
63
76
57
67
83
60
72
56
50
82
65
87
61
92
70
87
57
65
57
92
53
57
87
83
71
51
74
88
51
52
61
91
50
72
56
65
66
81
81
88
54
68
79
67
78
66
67
61
92
57
94
98
96
50
86
62
61
71
51
51
56
99
52
57
93
55
92
65
65
69
80
55
58
63
79
84
68
83
97
69
96
78
77
58
98
71
95
83
88
87
94
52
92
95
85
68
92
97
54
57
98
69
54
99
77
68
94
53
60
56
76
95
95
67
82
59
62
88
62
84
62
85
60
52
63
66
53
52
61
94
