750
50
96
88
30
47
1
19
44
88
38
66
59
54
23
73
31
55
85
90
19
58
42
41
76
95
32
15
44
16
62
40
60
23
67
59
92
79
21
79
65
21
72
23
55
23
76
19
59
43
69
14
90
36
7
19
93
52
16
81
49
52
83
31
75
6
89
72
29
9
78
25
60
40
6
7
42
75
47
8
58
5
92
92
37
24
54
57
83
85
66
50
98
64
2
85
95
21
43
34
3
93
48
32
72
62
69
35
99
86
68
89
53
2
9
48
62
69
25
94
22
4
94
25
33
63
27
36
1
66
30
82
14
46
11
66
91
77
77
24
70
46
36
64
77
52
30
9
49
57
27
5
9
86
58
61
81
82
60
26
5
83
67
15
54
80
48
17
85
93
46
17
98
77
98
99
8
53
12
94
19
53
45
21
59
12
86
47
7
90
26
89
72
69
59
40
21
32
46
77
2
42
17
80
80
79
8
72
54
35
56
93
91
19
83
97
39
80
35
63
72
2
27
86
86
73
50
21
72
61
4
97
53
71
52
72
46
75
17
29
5
10
37
76
78
36
87
4
10
11
45
42
27
58
56
7
61
72
12
55
69
41
5
16
93
34
79
58
56
77
21
96
88
67
31
3
89
51
14
54
22
51
57
76
33
37
41
31
52
52
67
49
68
6
40
15
27
62
56
29
1
31
35
35
51
5
22
56
11
91
24
70
27
93
89
72
20
87
12
89
28
84
88
12
11
3
84
73
25
77
17
12
71
35
26
80
15
77
93
43
3
85
81
11
70
41
85
45
15
65
65
55
84
12
74
8
46
98
31
45
40
17
13
8
89
48
71
44
33
96
52
96
7
29
21
29
17
95
35
67
96
18
13
27
39
58
67
3
64
63
68
95
58
89
21
48
68
72
91
67
69
29
68
72
92
35
70
67
11
83
50
31
26
9
33
6
6
20
55
85
8
29
52
18
59
94
61
35
35
54
15
48
86
88
17
35
85
13
92
85
20
67
52
17
73
33
96
4
13
41
32
77
50
90
97
11
63
74
28
64
85
59
70
67
56
6
75
3
28
30
8
5
55
83
34
31
9
81
55
32
3
39
16
11
91
88
5
14
26
75
37
71
78
28
2
22
70
20
9
83
10
69
84
86
23
97
60
56
92
82
75
11
32
42
32
63
98
75
83
12
23
85
72
18
95
72
98
93
5
39
17
40
9
59
38
35
46
80
75
63
77
75
67
81
60
72
7
90
98
57
73
61
25
7
30
24
47
78
89
69
43
56
3
63
17
14
1
52
95
25
75
18
96
14
37
58
98
6
72
95
67
98
10
79
36
63
26
30
89
97
91
34
14
50
12
65
15
37
61
72
86
79
16
76
15
63
40
40
85
12
30
66
61
59
10
5
59
99
46
19
22
61
35
91
44
40
15
83
31
50
82
93
94
76
62
48
89
39
75
63
74
78
69
1
83
29
60
68
23
60
8
99
73
20
94
85
23
32
71
52
19
21
85
69
15
45
53
23
56
92
22
3
8
56
16
62
75
16
96
82
70
22
98
49
66
57
11
64
7
82
69
28
15
10
72
80
91
56
82
6
33
49
60
28
28
86
96
32
56
93
96
45
59
69
40
15
25
86
35
96
5
27
1
73
28
46
68
21
30
29
18
90
27
68
88
64
21
49
77
34
41
44
20
29
80
62
62
63
58
11
60
48
