800
80
2397
4282
5937
2118
5157
5458
828
5759
3842
2383
7886
4464
4731
6056
709
2519
2581
136
1125
6706
2520
7799
4271
1119
6926
121
1836
6031
4286
4563
939
7233
4203
6638
2402
6393
4071
5395
6081
5871
2967
1724
6985
4310
1606
7333
6553
4963
2251
830
4054
3780
172
1545
5160
1988
3563
6275
1170
4327
3647
5036
552
533
3456
2020
1042
4577
7116
2711
7674
3722
1914
5552
859
1939
6900
5211
2906
885
4141
679
1409
4392
3360
2899
1228
158
998
4384
1386
6268
1116
4822
2505
5201
3518
2880
5202
767
7553
3007
5183
7622
2744
5553
2369
4054
5874
7241
5047
5800
725
2539
7399
7892
6221
7921
1549
1232
2717
2340
378
7562
4219
561
760
6614
337
1399
4976
1886
1605
3166
6271
1442
4441
1247
7851
3956
6947
1976
1909
2841
1787
4376
4240
1219
4966
2883
3833
1627
6987
2213
7835
3289
696
4119
1612
1264
2871
6337
4593
6096
6071
7046
6961
1618
2088
7660
1611
5915
7663
3150
6896
5570
5054
3659
4454
3052
2795
7397
1065
2054
4527
5403
7953
6663
1475
3584
4008
3871
2106
4961
5788
3329
901
5284
6563
6843
5088
5305
517
2951
144
2985
963
4269
395
1447
2473
5431
7398
2764
3740
7169
7176
2735
959
5974
1500
6788
7634
5385
307
2185
7467
6826
465
5818
7641
2593
6352
5982
5021
2991
976
5905
3374
7575
5872
6459
7641
1269
6894
1500
340
1801
3081
4439
2181
1303
1962
7278
7561
7414
4870
718
7212
2258
4986
6903
2507
6886
1704
6273
6378
5767
1385
5554
821
1989
592
3059
5979
807
4747
1285
1249
530
6329
7963
1840
4051
1861
4281
5628
3455
7319
6206
4023
1563
794
6219
1334
66
6040
7362
4614
5898
6869
5610
2114
6967
5683
1893
3351
1042
5960
3792
1368
2927
3849
120
1268
3169
3101
268
1449
6879
5031
6319
3843
2356
6454
5745
722
1360
285
3033
6710
4117
4483
3228
4374
1299
5728
3771
4090
2678
3197
6256
4821
2129
2274
6960
1292
2838
3567
4487
928
7170
6500
1678
1661
1036
900
5584
2168
487
3502
1727
3476
653
7972
4189
7955
4437
5098
6243
1128
4865
1293
1305
6979
5595
3152
3887
7759
2712
4813
3437
5705
3966
3352
2968
1667
429
5642
2150
5420
6155
6877
69
7543
5980
804
3877
6880
689
2775
1930
7723
3701
6019
1302
770
5305
2183
3423
7677
2718
3307
6340
7400
289
7401
2695
3629
7409
3776
5880
1392
3710
1472
5008
3544
4442
6208
1277
4636
6709
5480
6798
22
3730
6400
2595
1829
7793
6034
355
3842
5382
4250
5047
6435
521
91
4299
5760
7738
6704
1787
4999
1641
4752
1792
5451
5408
1541
5777
605
2430
1038
5250
656
1249
804
1563
1836
4642
1644
1281
3104
1218
4785
4422
507
4587
5281
1787
5548
843
5071
7880
5824
3330
7939
7817
7306
1540
7258
2108
5410
4266
7909
6365
3512
5168
7839
3751
5974
3730
3478
527
6381
2215
189
7018
803
1450
4888
4650
6920
1696
3356
3723
6930
7286
7059
5876
6612
3928
217
2639
3148
5891
4149
1364
3210
903
4943
257
2819
7357
454
1962
5989
6996
2064
1108
2079
2089
4233
3173
7689
5326
6123
1773
3606
5821
620
2360
3329
1637
1023
308
2499
502
3811
3076
2887
2456
7723
7045
2020
109
448
1116
2675
817
6718
6568
1192
4343
7954
353
6054
7491
5730
763
5141
4065
423
300
6942
3343
4050
256
2593
6506
7783
5158
7481
7785
2081
4946
697
4744
6283
5317
4035
7765
6778
7639
2238
3366
2833
4536
7835
6922
7683
4537
6093
7710
3709
2053
7658
2116
6857
1357
2456
7460
1148
2615
436
7062
2895
1086
4431
3694
1494
7299
440
2274
875
37
7473
2733
6115
6883
2518
3897
6445
3226
7539
4184
7694
5355
128
4539
2138
1381
5264
3537
7144
3675
961
4879
6364
7274
1542
7553
6959
6488
4670
5475
7078
5166
2148
1799
7377
4219
7032
6215
7488
3771
5380
6105
2757
599
1597
1593
6843
3892
3307
2094
7820
1064
3578
406
3179
259
792
3353
491
7257
1368
5541
6981
2200
6493
3481
2121
4557
129
5530
6990
1536
7093
3973
3429
895
6993
2720
5793
4064
2082
6836
5403
3444
3760
204
4836
7112
1501
6862
7732
2681
5820
2728
1833
4653
6730
1028
7357
6286
4220
2933
1626
2847
7572
293
5765
2060
5250
2960
6911
3956
5300
5107
741
2713
5070
3433
4815
5094
2656
5132
102
2227
7256
3621
1490
1408
7787
1680
964
1982
879
5252
5118
1421
7775
4466
3417
3211
6843
570
3180
2223
5365
4951
7164
2230
5073
5718
1051
5366
7108
6107
1405
7537
6844
6802
2112
4925
939
2307
