400
40
506
2868
2297
453
1256
1485
3559
2102
1829
2567
2638
626
436
1064
3297
1994
964
1769
2920
967
3587
1919
1140
3379
718
1170
185
1909
1120
3722
1345
1070
833
1801
2500
1553
1703
1203
956
3212
1317
2078
1270
3721
2332
1928
2256
812
1674
3879
1078
6
1283
1018
725
3218
2375
3076
351
832
2400
3025
1297
3615
3517
652
2893
1937
1584
401
1591
3109
211
2611
3951
2920
3171
881
3683
3458
2086
2860
429
2985
3649
2624
1414
459
2470
2683
3740
1425
240
1933
2409
2124
3411
53
3900
2676
2417
3429
2849
2210
819
2225
1898
509
676
1823
1648
3237
3332
3422
69
1518
2562
602
3395
3197
1888
347
1837
2884
1516
3640
1293
836
3153
3236
1605
1948
734
721
1165
1527
1490
2298
360
2883
2000
2157
1786
619
1352
394
2704
2604
3492
3562
2270
1373
1758
264
3758
1224
2888
3134
2202
1160
1575
2286
2739
955
2490
3366
3141
3828
2912
3928
1078
801
1606
3791
446
3770
1565
801
1151
2948
608
3586
1146
15
1646
1744
487
2199
3703
136
1327
1994
304
1415
2642
3089
1608
3167
402
3979
3599
3187
2458
3584
2431
1535
634
387
852
1202
1668
1263
3792
540
2406
2510
1026
3172
2701
279
3833
156
1627
90
2541
2242
540
499
53
2119
1731
1389
326
1694
3152
1392
246
333
1152
2875
1442
15
912
468
2114
2085
2565
654
2296
1964
2419
843
1637
1157
387
695
385
944
3480
3602
3324
611
311
2740
170
1642
3710
2808
2355
431
1216
1746
1971
875
507
2190
1176
431
3899
3587
1019
3303
3605
1802
2203
2371
1857
302
1489
1280
2539
3587
3958
1609
2279
2272
3984
2988
1478
3704
78
3728
3630
2327
2949
102
1452
2067
1302
375
1898
3122
3861
1249
2908
498
2012
3382
1290
1103
3870
1847
1028
3211
1338
2343
189
1352
3764
3126
1242
2320
23
1444
3113
3632
1614
1060
938
3997
2692
49
959
1784
153
941
1877
2428
3740
3067
2311
3252
2404
3313
1902
2527
2517
2174
3503
3553
3439
2388
1172
767
2599
1933
1026
1241
968
672
2601
193
1757
2880
672
3404
417
930
337
255
847
1443
801
398
1239
830
3148
3514
319
1005
1365
1460
47
3149
856
2897
3281
3545
567
2828
