240
80
918
273
1805
1785
2390
1104
736
1074
647
1897
2098
2394
2230
1823
841
904
1143
1428
1317
165
1900
1580
2099
977
24
1653
1316
1908
127
601
63
609
1224
1177
1890
1871
1944
77
713
2367
18
1047
22
510
242
2199
1148
1430
2137
2038
1800
368
1189
2269
351
1351
1461
1203
649
1296
2148
30
2344
2287
623
258
2052
101
1315
1152
934
1971
1223
426
808
2099
37
1688
660
1138
2296
901
214
1211
1119
2069
149
1405
2128
329
66
1076
1419
1416
762
1242
422
1417
605
2130
2337
1841
845
873
1498
853
756
943
496
554
857
1560
2067
493
1533
1974
707
400
589
406
768
818
1163
687
1882
26
1568
1374
2171
2137
8
892
1482
969
1826
157
976
1935
783
817
536
1973
741
959
884
2089
1408
504
2120
2118
461
345
1476
1966
566
1534
2145
2241
2345
840
657
1020
1772
1206
378
623
12
297
871
2286
267
283
593
157
1340
606
903
1181
1952
913
306
1506
981
1120
412
2318
642
185
40
480
1550
534
1383
16
1631
1553
1323
1779
1239
471
1278
123
2330
2160
1322
292
1550
1747
1080
1777
1236
1962
604
1192
875
690
1456
80
708
1709
266
1076
2287
2320
1386
837
253
1825
2123
844
753
317
356
873
2398
1606
1796
1922
2092
1348
