350
70
82
28
84
47
81
13
12
95
23
5
94
65
22
53
54
47
98
13
49
55
81
53
94
25
60
1
10
90
80
13
51
25
73
2
8
51
85
54
81
4
32
53
50
79
81
14
17
9
36
39
72
33
38
93
99
42
45
2
42
85
8
96
41
98
6
84
17
36
32
61
66
88
27
48
18
6
35
58
96
67
58
60
65
40
49
57
1
38
28
58
81
58
87
49
78
70
14
78
58
81
94
39
15
80
39
42
42
20
68
96
20
42
25
65
45
6
30
68
15
95
5
24
62
79
46
7
42
95
55
34
47
43
69
83
76
19
82
12
94
81
10
44
5
46
77
21
63
94
29
42
88
86
2
73
3
24
52
61
77
8
21
41
8
2
53
35
86
6
49
46
49
49
26
34
34
33
10
24
43
12
87
13
22
30
14
73
96
38
72
26
6
11
6
71
96
5
76
47
96
95
31
82
32
34
67
25
79
73
99
98
55
89
40
49
3
95
95
82
78
16
21
88
22
56
49
83
97
41
13
51
5
70
78
88
13
22
37
32
72
98
78
73
3
50
75
36
29
59
51
68
7
39
60
57
95
6
58
8
56
42
29
86
70
92
42
2
4
68
82
50
17
68
12
61
45
6
2
1
81
65
19
67
52
87
74
42
57
87
15
24
58
42
64
71
24
7
19
98
13
93
61
19
9
54
93
39
77
86
94
65
84
20
66
94
97
73
99
47
86
73
64
75
100
96
14
9
26
35
71
69
62
20
100
78
51
8
94
64
60
54
30
48
99
30
56
3
28
74
25
68
