400
80
151
105
118
141
118
155
127
105
148
138
134
108
97
126
135
88
148
130
113
136
107
142
130
102
90
154
101
147
131
136
124
145
153
146
102
87
81
88
124
80
112
123
100
154
95
122
135
108
124
138
140
96
132
95
141
101
153
133
115
95
116
153
133
133
80
143
150
156
114
120
85
150
158
144
141
138
143
136
102
90
142
145
124
125
97
143
134
141
99
157
93
98
152
90
98
149
91
129
82
117
85
135
94
157
152
117
147
95
113
146
144
111
81
86
138
155
132
139
99
97
87
89
90
122
138
82
158
101
134
114
90
106
149
97
84
124
115
94
93
123
137
117
99
118
136
112
148
139
112
103
99
132
81
93
146
146
94
134
80
129
125
105
91
126
119
111
114
159
146
122
123
157
115
85
104
151
156
137
110
104
87
123
121
101
96
118
104
114
140
113
89
83
120
82
107
121
137
136
123
83
157
80
93
102
155
100
111
93
93
86
127
142
110
137
103
131
127
88
139
139
106
146
109
97
87
99
131
142
96
131
99
109
153
112
88
100
132
133
130
155
157
150
113
122
149
133
81
144
154
102
129
151
120
102
117
80
104
115
139
93
140
155
152
138
111
81
101
118
99
124
98
150
85
114
143
106
156
99
90
135
149
82
158
98
150
156
96
124
149
148
159
118
119
122
140
144
149
91
144
91
96
154
150
88
147
123
145
152
106
122
125
157
90
111
145
87
127
105
93
143
138
99
114
115
101
86
128
106
109
117
152
140
140
100
114
104
158
86
152
116
146
143
145
103
121
153
93
147
93
112
84
153
90
98
106
134
130
154
89
82
142
102
99
158
106
108
134
109
86
105
128
96
127
110
85
107
149
153
102
89
118
123
129
86
105
108
102
87
92
139
123
87
98
129
113
109
115
155
113
142
