750
50
25
5
69
46
75
42
78
99
9
36
19
78
59
74
26
92
4
6
21
9
53
42
51
78
52
57
34
89
29
7
92
80
73
9
63
99
19
32
46
29
32
42
4
21
80
61
53
69
55
37
27
87
25
62
19
24
9
80
16
82
54
48
54
65
78
57
86
62
30
19
95
92
18
68
3
38
66
29
32
32
86
68
67
9
51
26
47
47
18
41
58
40
82
45
22
76
28
11
71
56
84
94
57
17
93
53
74
48
5
95
13
13
99
80
43
18
17
95
74
73
1
83
60
32
93
18
34
81
38
82
7
46
19
90
36
18
49
85
88
45
44
2
82
64
64
4
68
11
14
83
52
30
41
90
39
78
1
26
42
69
75
8
45
69
60
24
4
40
94
42
26
27
19
77
64
81
96
83
50
92
51
70
12
24
86
92
8
56
8
54
3
30
10
88
47
84
3
47
70
19
61
53
80
95
27
10
55
53
66
27
71
84
41
90
38
37
58
24
54
5
19
50
33
63
76
40
71
64
27
37
17
44
73
72
57
60
86
93
71
39
80
15
64
71
77
48
39
65
38
27
91
42
81
45
61
32
27
3
43
19
32
1
43
26
27
49
42
20
17
68
72
65
19
18
33
52
56
38
97
5
49
71
15
16
9
17
27
12
76
61
85
50
54
24
25
55
61
18
15
69
47
43
60
34
28
44
30
5
82
20
97
77
11
62
24
1
36
71
93
3
20
37
87
89
7
28
10
41
71
88
58
79
75
5
51
25
62
61
38
56
35
66
9
36
79
94
56
60
72
4
37
33
86
48
18
36
9
62
17
50
3
4
18
73
30
63
90
93
39
22
20
47
72
18
49
4
97
88
13
71
79
7
65
12
71
1
51
5
91
97
67
62
79
13
85
96
99
18
85
72
48
36
46
84
21
65
63
34
39
81
68
47
33
89
68
39
13
11
4
2
86
91
68
59
54
80
93
81
81
8
5
4
32
73
36
55
41
44
3
4
88
82
31
99
19
15
66
79
26
53
52
36
97
64
68
24
11
58
9
21
29
76
70
78
6
42
2
21
49
88
49
11
15
91
69
47
43
53
26
78
61
92
90
85
75
22
50
66
49
85
30
16
79
49
5
23
17
71
96
10
18
74
76
92
38
35
67
4
43
30
59
26
24
82
39
98
86
72
64
80
42
54
62
1
72
15
39
99
54
14
1
62
44
26
12
18
72
24
25
4
72
25
87
73
20
13
23
93
28
20
16
29
95
18
54
73
4
12
44
89
9
40
16
39
57
91
65
34
19
58
87
48
80
39
62
82
26
64
57
38
30
80
72
50
44
20
72
93
34
62
98
83
73
14
47
10
6
44
22
84
85
54
93
24
71
40
31
61
63
83
76
90
11
38
91
43
14
19
46
19
48
20
61
89
72
58
30
52
42
41
29
28
56
45
94
76
30
42
48
79
65
39
48
69
4
11
68
78
44
53
63
3
40
78
65
46
87
61
51
66
40
13
12
5
36
39
38
80
73
99
17
27
79
26
96
86
24
84
51
38
95
3
66
43
18
25
72
55
43
87
13
64
24
10
35
10
97
72
60
39
13
68
12
38
31
45
21
98
27
45
24
92
2
90
18
57
22
90
21
26
96
51
77
75
4
56
25
97
65
76
37
49
6
87
47
29
19
68
2
91
7
88
56
29
18
32
39
84
24
39
