450
30
74
2
65
26
61
46
88
16
32
72
8
45
38
14
91
46
60
48
59
46
27
20
5
28
87
31
4
42
81
42
69
8
66
42
11
36
69
76
75
45
96
93
44
51
18
65
96
61
61
17
100
43
2
62
80
29
86
30
24
100
71
13
52
68
89
32
97
62
55
54
67
8
6
31
24
46
51
51
48
91
3
50
90
49
60
7
18
48
92
28
31
62
81
7
51
54
44
64
11
49
20
24
5
32
12
6
29
13
74
22
33
47
93
59
77
50
89
28
60
40
64
47
26
66
90
31
79
60
67
17
15
30
56
74
44
1
44
3
56
33
72
15
3
39
24
89
56
96
11
63
82
68
61
9
16
20
49
70
48
44
15
3
100
71
25
77
30
46
34
47
67
7
47
90
90
47
48
28
64
64
17
23
7
81
46
67
52
24
3
99
47
95
5
74
7
80
99
96
45
44
47
96
52
85
93
44
10
60
29
64
36
12
80
10
96
91
94
79
84
71
23
92
22
88
73
27
68
65
100
75
67
52
28
27
31
16
46
90
85
91
44
16
50
91
87
36
81
40
23
49
80
67
69
94
22
50
72
43
88
37
84
66
15
87
15
86
5
34
74
99
20
64
98
96
72
43
7
50
2
25
30
41
14
98
27
71
90
73
71
80
33
57
32
91
99
46
42
94
65
23
21
16
58
50
75
77
81
64
84
80
62
86
77
96
83
27
22
45
25
77
29
58
88
19
11
10
67
32
52
71
31
32
87
62
17
6
8
74
90
51
82
15
24
69
19
46
27
85
26
85
53
7
14
88
62
81
58
58
100
32
67
77
85
55
45
58
71
35
17
2
76
93
59
23
26
47
4
30
36
83
28
78
74
54
23
74
4
75
88
96
64
16
65
86
40
97
25
91
30
94
31
24
8
41
39
93
44
20
9
11
27
75
20
27
6
43
41
25
84
60
67
25
81
88
59
96
43
35
10
71
97
3
32
4
61
29
72
63
41
55
47
52
27
47
70
21
1
86
44
91
