500
50
104
96
105
102
96
95
95
98
103
98
95
99
95
100
102
97
96
104
99
98
95
95
99
103
104
98
102
101
105
104
100
105
102
100
98
98
104
102
104
98
100
104
98
99
105
105
98
96
97
102
105
98
100
96
105
98
97
101
105
104
99
104
104
100
99
95
100
101
102
103
98
102
99
98
99
105
102
100
100
99
103
104
99
97
101
97
100
101
105
104
104
95
104
97
103
103
104
98
103
100
99
95
97
104
100
99
103
102
100
102
102
100
103
101
100
100
104
103
104
97
97
102
99
98
104
102
97
101
100
95
99
97
100
97
99
96
95
100
99
105
98
100
97
102
98
104
100
101
102
105
95
95
98
95
103
104
105
102
98
99
103
100
100
102
104
103
102
105
96
100
102
97
95
105
104
97
95
98
99
103
102
96
100
96
103
104
105
104
96
100
103
99
100
104
105
96
103
101
100
103
104
101
102
96
97
104
105
95
103
102
95
98
102
103
99
98
99
99
105
99
103
95
105
98
102
104
97
101
104
101
105
98
95
103
97
96
102
95
102
95
95
96
95
95
99
102
96
99
100
97
99
95
95
100
101
102
98
99
96
97
97
95
105
102
96
98
101
98
104
101
103
100
103
104
95
95
100
99
95
100
105
104
96
104
95
99
95
102
96
104
97
99
95
101
103
101
96
105
101
105
105
98
97
97
103
101
100
95
105
101
102
95
100
102
103
100
104
104
97
95
103
95
98
101
100
97
96
96
97
100
99
102
104
95
96
95
105
99
102
99
101
100
99
103
105
104
104
98
98
99
101
100
98
99
98
96
102
96
101
97
96
105
105
99
105
105
99
101
95
102
104
96
102
105
99
96
101
105
96
105
98
95
95
105
96
99
101
105
101
104
102
95
97
103
97
102
95
103
102
100
104
97
105
105
105
101
95
104
98
103
103
98
99
95
99
96
102
101
100
96
104
99
101
99
95
101
98
97
101
95
101
99
99
97
99
105
105
95
101
99
99
96
101
104
101
100
99
96
104
104
99
100
104
96
99
105
99
97
101
103
101
102
99
104
99
99
95
105
97
95
101
104
96
97
102
101
101
95
99
96
97
103
105
97
99
105
104
101
104
96
102
101
105
95
101
99
101
95
101
103
