250
50
61
65
30
89
98
65
60
76
97
95
66
16
92
76
30
33
74
41
41
9
18
22
66
87
87
80
36
72
24
48
81
12
99
37
84
68
60
26
43
95
71
35
76
66
70
18
17
92
34
5
87
5
95
88
51
80
36
17
54
86
17
17
66
48
34
82
63
16
81
21
61
55
79
22
35
53
85
55
59
28
60
14
22
99
64
61
44
99
5
27
30
4
70
49
16
72
94
2
74
37
79
47
44
8
83
88
24
72
93
51
99
66
71
96
77
36
2
60
35
7
47
6
56
31
31
40
96
98
39
65
99
71
26
34
1
33
38
91
66
35
94
83
15
87
73
46
36
68
67
22
84
72
53
77
54
66
18
86
67
90
66
5
65
42
79
13
89
39
57
62
30
82
22
46
75
6
94
40
98
51
18
13
49
84
2
25
62
2
40
30
33
86
51
41
47
42
5
58
27
8
68
45
71
11
91
21
89
67
28
34
48
1
79
62
17
4
5
58
10
96
38
37
35
24
13
48
73
91
28
59
87
39
63
54
67
82
3
1
51
27
90
55
47
22
39
6
45
32
72
52
