201
100
1692
1395
1589
1158
921
1672
1661
1903
824
244
13
1530
1381
850
107
487
931
1676
2004
657
1507
1315
1167
1015
732
702
1411
1842
50
1684
1355
1497
155
340
420
1026
819
1826
1245
1077
1765
529
1638
1891
1530
309
1982
1715
373
790
529
198
245
1454
446
851
1515
1252
764
744
68
1005
1628
1206
141
481
1833
1838
673
1223
431
1643
1531
162
579
1715
985
573
581
309
1390
8
1448
1639
1857
1481
329
674
273
1301
83
226
614
102
924
909
109
518
1214
1076
1439
1446
308
39
873
354
1372
1722
1704
1631
1261
1022
1136
1754
1333
683
1666
1039
1484
554
860
1682
1764
491
16
1154
371
1814
1195
365
1942
72
872
1012
495
1488
664
556
1730
765
487
329
42
1957
1974
995
653
1413
1021
610
1528
50
1916
714
728
638
1557
621
1816
544
1422
268
1691
684
674
631
81
1486
27
907
1759
1883
393
1459
394
1268
756
1823
968
801
1426
348
394
291
1422
6
1299
1232
508
1100
988
66
1201
1786
1121
69
1945
1272
1658
1343
1884
