450
30
45
57
39
58
55
51
58
43
50
51
57
39
48
48
50
41
38
42
49
58
55
56
32
39
33
35
47
35
59
56
43
57
58
53
36
44
39
56
36
38
59
34
31
38
57
37
58
40
50
33
50
45
43
37
32
55
31
45
58
49
54
36
39
38
42
36
55
59
59
53
30
53
32
49
37
52
59
47
56
30
52
33
59
38
45
37
42
54
51
56
40
35
47
39
30
57
49
34
51
35
30
39
39
47
35
55
56
48
41
43
42
58
48
43
30
30
48
39
40
40
47
42
44
42
51
38
55
48
46
50
35
30
42
48
49
48
42
43
40
31
41
59
45
39
31
31
57
48
43
53
47
51
56
32
33
33
46
34
45
52
50
57
31
46
55
57
47
44
48
43
33
53
35
34
43
54
56
56
34
37
41
56
40
39
33
41
46
39
59
33
35
50
34
31
49
40
42
54
59
41
53
37
41
58
47
51
38
34
31
32
30
50
49
54
43
51
45
31
55
49
39
42
32
45
59
34
45
33
30
56
35
51
59
59
47
43
40
48
56
39
50
51
42
41
32
39
41
54
59
45
59
42
39
56
49
53
40
45
40
34
41
58
42
38
47
54
57
50
42
42
55
48
31
36
59
37
31
46
39
41
48
48
41
30
39
51
51
54
57
49
34
44
45
58
53
45
55
37
52
36
55
31
46
31
59
47
40
32
43
51
54
40
58
56
48
53
43
42
33
35
49
30
45
42
51
47
34
52
59
30
50
31
57
59
31
43
34
45
30
38
38
36
43
54
45
50
51
53
41
40
35
41
35
58
45
54
42
41
49
39
48
39
37
48
43
40
59
48
52
59
34
32
32
52
35
52
55
58
43
44
56
38
40
56
35
48
41
37
47
42
31
30
42
53
31
33
53
48
40
47
43
48
36
43
55
53
48
59
50
36
41
35
38
50
34
34
41
58
51
55
37
32
59
57
54
58
59
36
56
54
49
34
58
55
42
47
47
30
40
48
51
53
32
30
39
41
42
40
57
37
