350
70
2083
2634
1492
1670
1695
3146
592
797
142
977
2157
1475
272
1030
3136
3078
2969
1278
3464
3099
2743
1167
1184
1229
651
89
669
2167
3304
650
1371
2709
2441
724
596
3362
2643
35
2958
530
879
1035
3427
3055
2561
1835
394
2720
1635
1663
1180
808
1031
707
1633
2193
1009
1663
886
3462
721
2617
1032
902
336
2705
2066
2228
2333
181
68
3428
2070
2744
3152
3441
3081
2461
606
663
3217
1630
1760
1137
260
164
162
2859
826
2321
944
1491
332
1592
45
2341
3106
2956
675
292
2585
789
3264
3265
1529
2080
742
2718
1307
1465
1901
1644
1860
3063
632
3307
2853
665
1127
90
2399
2875
529
2831
2875
2941
2326
1515
1724
2072
3499
773
2297
2480
524
1569
3078
515
513
1904
996
468
1044
101
321
330
1762
1294
3427
1829
1606
3433
265
785
1162
491
871
2515
1816
1066
2432
2360
1304
2972
770
2376
2522
371
3133
1085
969
353
1777
1484
878
3063
2201
2545
1765
2582
162
3064
2180
2877
656
2445
2944
524
691
1325
1322
1613
3358
3491
2858
734
1355
1555
688
2335
1282
2822
1294
676
370
2329
1247
2279
1379
2386
1699
1611
3420
2015
1001
1523
185
938
1610
3023
2084
3021
3457
3153
2162
1122
3136
2721
1967
1841
1389
1919
609
129
1232
1205
3067
2572
3293
800
1870
1847
619
2918
2931
2708
1085
1496
2186
372
1835
2245
2362
1058
1569
3465
1499
2538
422
3053
387
1860
415
1721
3085
2444
764
1097
1824
2296
1218
424
684
3388
2106
1933
2424
3375
647
959
1559
2657
1323
2445
637
2521
1758
1930
1562
3153
1837
3034
3457
1242
22
2324
1369
962
2517
2318
56
3485
119
2432
3471
846
2408
503
1614
3419
2019
847
351
2239
478
1867
521
3342
1248
2198
3177
3012
865
1868
2505
1153
2854
1731
2795
1981
2738
3051
1538
1520
1909
3475
2220
2553
17
2281
1096
991
2186
1162
2207
2283
1583
251
2953
2436
