1350
90
64
75
75
57
62
92
4
60
96
69
57
51
50
68
29
17
56
42
9
42
87
38
80
74
83
34
100
78
67
84
24
67
76
87
95
83
54
83
46
24
31
22
27
68
32
42
72
63
85
68
38
60
50
55
54
84
52
94
37
91
52
49
15
6
59
10
42
54
26
91
18
5
89
82
20
98
27
76
42
65
86
7
85
26
80
79
7
10
51
44
73
45
7
70
92
63
50
43
10
66
100
63
88
54
14
88
29
27
12
65
98
72
75
14
2
47
65
23
69
8
59
64
13
74
25
86
32
32
73
32
78
4
41
42
77
75
99
7
99
13
88
76
33
51
60
97
54
41
59
91
97
55
45
53
40
14
41
97
13
10
75
6
60
87
11
16
64
49
87
12
86
28
46
91
29
96
31
12
96
97
77
56
76
45
67
14
25
35
29
67
62
58
63
22
59
10
36
13
38
92
11
16
58
45
100
80
28
44
34
34
98
27
31
83
40
11
83
93
40
90
28
39
24
51
5
93
35
19
18
7
41
68
44
90
83
49
81
54
85
99
93
31
90
83
3
15
41
94
40
76
35
33
94
68
37
99
24
16
8
25
96
12
52
51
74
79
88
84
16
21
54
78
90
22
53
35
62
43
41
20
51
28
59
10
53
38
27
65
75
68
25
16
2
7
60
70
4
81
74
91
86
51
35
63
93
30
42
15
52
16
93
32
21
20
11
7
8
59
61
55
85
97
39
99
24
97
81
67
4
25
93
6
72
23
61
83
10
87
6
61
97
56
54
62
20
48
34
43
77
9
43
47
6
83
64
88
16
59
67
9
25
34
1
30
8
13
98
22
18
71
10
80
96
21
28
99
18
73
65
42
68
41
76
10
31
70
88
40
56
40
29
36
99
57
83
27
83
54
67
24
74
57
88
28
59
56
15
74
32
63
82
46
100
86
10
58
9
10
64
85
6
96
51
96
74
46
13
77
79
2
23
25
79
68
71
10
7
40
2
85
85
71
61
21
63
40
12
31
13
12
85
39
67
88
45
77
27
13
51
1
84
41
25
24
29
1
57
100
53
24
48
53
39
90
42
86
56
13
40
55
40
22
8
94
5
29
6
71
73
15
10
35
49
60
67
13
19
59
5
22
57
29
71
41
35
94
31
34
6
46
40
43
20
85
37
15
97
30
90
86
97
88
78
98
59
14
86
82
70
81
99
20
51
63
45
94
6
59
29
55
8
17
2
75
52
74
63
21
13
21
40
8
78
24
82
53
78
2
15
93
98
49
8
17
78
61
90
44
39
91
18
60
45
84
36
50
32
13
79
46
43
100
48
66
23
99
50
93
32
30
1
84
88
20
24
73
19
23
70
75
56
42
9
13
73
68
66
13
47
96
38
36
68
13
40
16
85
34
71
86
81
9
34
67
52
40
2
43
2
64
65
37
6
11
16
19
48
3
96
87
98
60
80
4
97
28
86
28
14
60
8
58
95
10
88
45
42
31
39
15
40
58
33
11
65
3
19
42
40
73
89
22
92
37
63
4
16
29
44
5
26
88
54
4
3
28
86
37
80
96
26
60
49
61
35
39
15
42
83
70
41
82
16
75
98
15
17
65
10
25
89
90
4
10
81
91
44
12
91
75
54
58
75
31
33
36
64
35
47
74
49
89
11
9
71
46
32
22
6
95
65
6
6
53
77
61
40
82
57
12
14
47
63
65
11
58
69
35
80
64
52
51
61
20
63
18
56
21
3
17
56
90
60
54
60
82
82
58
19
57
68
19
39
10
4
76
24
25
59
81
73
28
49
28
98
76
96
61
67
91
63
95
35
37
9
39
28
17
7
96
17
55
6
92
86
85
13
39
30
46
87
63
85
44
7
92
97
16
99
2
58
34
53
68
16
54
84
4
50
91
69
60
66
76
99
40
83
49
10
1
46
44
20
42
32
85
69
74
21
25
72
7
96
23
16
85
11
31
5
38
39
6
7
100
40
27
74
20
79
34
82
94
13
78
2
91
15
28
6
50
98
69
16
34
95
27
79
88
15
72
52
13
60
5
78
25
77
3
20
74
1
40
7
86
41
93
71
20
28
10
14
50
54
17
82
8
94
57
80
12
61
60
57
89
49
72
90
99
30
79
15
27
90
6
100
65
50
91
56
13
16
26
95
77
33
21
90
91
65
29
100
66
8
65
98
7
24
69
8
62
39
13
82
100
66
81
61
91
99
40
73
59
59
31
79
21
76
45
72
34
16
32
3
28
96
90
6
33
70
82
99
25
86
17
8
71
46
94
16
27
44
99
4
79
36
31
57
48
58
82
82
63
51
18
71
84
67
97
1
48
94
99
79
32
77
93
47
18
43
23
87
47
72
46
40
53
26
2
86
38
5
54
17
31
39
72
94
67
50
48
21
81
36
56
43
98
37
81
91
91
74
70
100
92
63
32
19
67
35
26
84
25
11
48
15
31
52
79
43
38
99
25
46
73
72
73
71
52
17
58
37
74
55
40
40
60
90
16
57
80
19
90
45
100
62
97
9
52
37
69
56
13
12
83
49
69
84
46
86
15
84
43
95
27
75
16
25
74
22
81
24
25
65
70
83
37
59
95
37
92
34
42
6
74
81
60
87
75
59
10
3
86
1
5
54
17
42
92
52
40
50
26
51
62
24
78
39
82
34
73
61
9
88
6
34
23
10
7
95
49
68
62
11
34
28
62
63
76
94
65
45
3
17
46
34
41
83
18
62
83
87
69
96
95
82
11
56
21
5
71
15
11
70
40
42
86
94
27
89
25
96
79
40
93
88
72
90
82
22
79
65
6
2
72
81
22
92
12
88
9
70
31
76
87
49
89
2
25
79
20
9
41
15
34
97
39
69
30
15
51
97
83
99
72
25
42
57
58
54
86
52
58
94
37
22
39
26
63
18
61
38
79
7
21
36
43
98
33
61
20
32
14
56
20
31
34
37
46
82
46
91
38
80
41
100
54
47
57
99
75
40
26
57
30
99
100
29
25
94
90
77
96
48
19
5
27
41
97
44
10
49
100
76
22
35
88
82
43
80
13
