700
70
97
2
24
71
18
62
85
79
40
3
71
21
78
42
84
47
50
24
24
72
75
96
37
28
7
26
77
95
68
26
82
97
12
65
26
86
98
21
15
17
63
42
64
72
11
74
12
23
33
3
83
68
30
96
26
68
20
62
84
21
96
42
60
12
64
89
39
62
82
51
11
61
71
90
52
33
75
100
15
69
87
68
62
43
78
65
19
91
100
23
33
9
92
20
43
88
92
91
94
99
17
20
49
4
59
30
100
41
36
68
82
53
34
4
89
68
37
16
79
85
59
14
95
40
71
7
50
64
24
54
89
52
80
91
95
81
85
19
13
71
95
11
71
27
99
36
36
22
33
94
97
6
51
67
62
54
66
29
18
61
40
2
97
50
80
70
28
47
43
53
91
89
100
18
84
14
32
57
23
68
15
99
10
34
4
85
30
40
60
36
44
93
25
99
12
17
17
92
59
47
31
48
85
63
88
27
26
96
59
82
9
72
94
54
56
92
89
17
100
46
57
95
43
36
66
59
42
79
66
91
32
12
2
1
76
94
45
35
12
20
94
29
69
25
51
54
51
77
32
94
67
65
69
72
39
18
33
67
6
15
57
14
64
84
58
39
84
63
25
73
18
73
27
15
32
7
25
59
84
98
100
63
4
60
54
93
1
4
5
94
90
98
60
54
53
99
56
16
4
83
92
90
62
68
48
86
85
82
43
39
34
76
16
82
83
73
41
39
66
94
98
88
38
86
18
65
82
72
32
57
69
81
27
2
92
86
61
16
13
54
47
72
21
8
72
95
85
40
52
80
6
59
64
18
8
68
62
93
60
52
18
50
12
25
92
58
24
3
82
58
6
86
66
45
43
90
40
94
20
85
20
77
82
58
30
31
97
43
54
99
10
1
51
4
73
22
5
46
31
83
47
24
26
49
20
48
60
93
98
82
12
36
49
95
88
53
59
69
67
97
53
37
87
52
58
86
53
4
68
69
50
39
84
26
46
75
39
60
88
47
28
86
72
61
72
26
33
56
32
10
55
47
66
27
30
65
31
73
26
60
86
69
43
37
34
99
77
62
64
54
46
38
19
1
98
94
6
55
22
69
45
43
70
2
28
16
95
41
51
91
51
39
76
78
80
56
79
63
91
68
43
8
91
37
95
25
58
14
38
75
35
59
20
63
7
84
76
28
92
97
86
66
7
4
39
41
63
77
95
73
51
86
48
63
53
31
71
34
44
39
21
63
41
72
7
71
98
68
16
67
16
62
50
86
30
33
86
67
57
85
34
90
96
1
8
28
49
6
74
23
54
81
47
20
67
66
88
52
60
21
50
84
56
90
37
91
22
16
95
4
69
47
9
37
44
73
65
23
9
66
21
85
91
59
71
90
32
57
77
100
21
88
41
28
77
98
62
7
72
37
64
71
54
37
37
66
91
7
79
2
69
57
73
69
30
26
70
81
50
18
52
94
70
4
31
92
43
79
63
30
3
16
78
87
84
2
60
26
18
71
59
35
85
8
64
10
42
32
93
11
41
59
62
69
100
90
80
95
68
87
48
43
76
78
48
61
35
75
63
32
97
3
86
50
92
24
42
12
28
100
