1050
70
95
89
30
59
30
12
90
18
46
74
32
7
25
28
44
69
91
8
92
98
67
4
3
5
30
68
47
9
49
6
43
87
11
28
92
33
88
82
35
33
12
20
8
27
66
30
48
8
20
48
91
45
5
54
1
46
27
4
27
37
18
71
51
2
90
11
91
80
8
84
98
6
15
37
39
91
18
44
75
67
72
82
63
17
99
73
99
90
38
42
46
61
76
96
59
23
4
29
62
65
75
38
67
12
77
26
70
42
34
59
7
97
33
58
6
66
74
73
62
25
46
5
1
55
43
72
14
5
2
57
91
17
80
12
62
66
22
99
68
18
24
91
99
100
71
36
5
66
47
23
85
3
51
62
42
19
67
24
36
59
95
5
42
25
77
25
22
81
34
59
99
38
56
49
76
48
38
48
58
44
59
24
21
95
19
44
74
44
77
78
43
14
49
6
6
14
1
58
41
12
22
71
10
23
3
77
1
11
37
99
81
1
59
70
20
16
98
14
52
75
77
34
99
58
2
95
88
70
74
61
49
6
84
8
86
92
80
41
40
37
22
76
82
48
32
15
43
69
96
66
43
90
4
93
49
2
60
24
30
3
10
92
94
16
67
24
42
73
29
83
72
99
5
26
69
38
22
54
28
28
78
34
6
59
41
62
86
93
4
33
58
90
14
66
6
6
58
77
38
94
86
89
65
42
59
44
14
94
89
71
70
39
45
87
38
42
64
71
59
50
94
98
5
31
37
7
33
55
63
51
90
52
40
58
87
28
61
41
93
67
60
89
15
2
22
15
66
2
81
8
98
8
12
27
57
9
92
85
9
74
70
83
88
78
47
45
36
50
57
82
42
78
21
32
15
3
60
4
14
32
83
25
21
59
61
4
6
22
61
45
67
44
43
47
76
35
32
5
45
85
22
37
20
17
46
58
44
87
15
44
5
83
4
55
44
47
63
97
99
59
41
31
14
29
80
25
26
78
97
23
73
39
16
85
11
40
2
54
59
26
7
51
40
45
8
4
83
76
45
15
92
93
5
77
1
73
63
55
66
32
96
27
7
58
23
9
99
60
91
76
70
42
13
95
93
53
11
91
87
10
14
49
18
21
29
62
27
18
22
22
81
42
26
46
67
64
39
95
92
96
71
19
61
15
62
37
30
12
13
27
53
13
18
36
40
73
19
86
38
25
97
4
93
70
82
74
21
54
100
92
5
28
5
36
12
70
19
2
68
93
28
16
67
72
8
22
85
31
16
82
93
86
55
19
67
87
57
26
3
69
38
86
30
14
49
10
32
4
65
4
91
85
83
50
69
50
59
96
83
49
28
7
95
78
51
77
67
13
3
11
58
9
52
91
5
5
64
11
11
50
39
71
12
90
72
45
9
7
59
46
48
28
68
97
68
45
64
64
91
94
3
68
48
27
51
47
98
41
39
48
90
98
69
84
11
2
80
77
15
90
96
85
4
36
18
57
79
32
11
39
39
70
90
9
14
67
79
60
17
37
57
96
68
20
84
100
52
22
88
10
76
50
27
60
53
24
37
93
55
68
88
36
54
55
90
62
11
48
74
20
57
87
65
48
54
54
72
1
26
2
19
98
44
86
83
55
91
69
40
23
37
48
57
20
12
52
89
43
18
67
88
68
27
41
49
13
85
86
59
46
92
21
53
39
89
36
24
41
94
33
73
88
72
79
57
76
25
100
42
40
88
3
36
19
74
37
29
97
23
69
48
36
58
36
74
90
85
78
61
46
77
56
32
83
41
64
46
51
21
88
34
26
34
38
30
94
62
17
54
64
51
67
38
63
38
93
100
84
76
91
73
76
70
84
45
52
47
75
58
83
8
89
97
28
23
94
84
25
83
68
81
95
20
78
33
46
38
14
54
74
2
81
98
4
58
14
12
56
44
14
85
63
57
50
65
3
98
73
8
15
42
20
89
36
93
57
100
95
1
71
63
74
79
21
92
43
85
57
60
61
61
84
90
88
97
51
88
46
96
66
5
40
30
14
66
41
52
40
49
93
39
78
15
39
52
14
71
93
92
24
38
54
54
58
85
4
32
2
52
71
24
92
49
92
26
59
85
57
75
65
69
54
71
45
63
19
40
77
58
58
60
13
19
90
33
64
72
30
72
13
59
66
77
86
76
22
13
9
97
38
71
9
19
11
68
6
67
13
12
48
26
73
52
29
7
18
61
73
18
6
32
70
52
54
26
50
96
44
82
63
36
63
38
99
44
33
84
43
25
94
37
13
63
38
64
34
68
19
90
42
7
96
77
8
62
71
26
56
90
86
20
33
47
54
82
81
3
17
21
60
33
47
60
35
21
62
92
36
26
44
100
2
84
49
66
56
81
26
16
56
92
22
41
94
76
93
8
94
27
70
