200
40
58
43
26
59
8
36
72
70
9
56
10
38
11
34
35
78
63
53
79
67
41
46
78
23
33
56
24
64
7
62
19
71
75
76
57
17
67
68
52
29
10
64
72
13
67
29
9
29
59
54
40
78
31
3
7
59
51
56
14
58
4
69
34
62
49
7
44
54
47
59
38
9
69
3
9
53
43
52
3
58
66
5
33
61
68
9
21
46
19
30
15
70
65
26
24
19
22
67
52
50
22
29
22
49
34
27
30
61
40
74
32
77
15
29
19
30
69
26
74
29
50
11
15
77
60
9
1
70
46
68
33
12
19
63
47
76
59
26
79
21
58
45
17
48
57
19
37
73
34
7
11
79
42
40
27
59
3
62
16
20
74
77
58
49
79
75
65
68
39
24
77
48
41
35
32
35
69
57
23
39
40
47
42
67
51
64
78
35
10
71
72
35
51
61
59
3
11
71
79
20
