300
60
94
78
87
107
111
95
110
102
76
109
98
95
76
96
78
62
63
63
69
102
89
90
83
69
104
64
105
113
86
113
80
71
119
85
72
118
73
83
88
64
105
86
68
66
90
103
89
106
78
112
111
60
93
117
107
98
60
118
61
62
65
71
102
108
104
111
74
114
113
102
96
85
85
87
60
117
67
116
90
78
99
64
112
108
99
67
110
96
67
104
105
106
90
87
75
89
77
91
66
102
107
94
77
103
98
91
92
75
116
77
94
118
80
101
103
67
63
80
76
112
90
101
103
86
98
92
69
76
117
72
104
107
88
104
84
119
98
110
108
68
113
93
89
71
106
108
111
116
117
113
81
88
92
70
64
108
99
102
106
111
83
62
69
108
74
119
92
108
96
106
67
119
114
67
65
61
90
114
93
112
107
107
71
76
63
88
107
99
84
96
88
61
68
92
105
86
93
84
92
72
106
117
87
96
72
62
105
66
94
88
112
91
90
71
74
99
75
113
66
113
99
61
90
83
90
92
96
62
91
68
119
105
93
93
114
112
66
98
74
79
119
105
70
96
91
76
74
117
97
63
102
107
83
104
89
68
101
106
88
71
68
98
100
87
113
69
66
99
108
107
77
119
61
93
75
79
85
83
80
74
86
61
116
60
119
73
88
90
74
86
95
69
92
89
89
95
96
63
60
94
