270
90
105
101
104
103
100
104
95
99
103
98
97
99
100
100
99
98
96
98
95
103
100
97
99
101
98
104
99
97
96
96
96
95
101
96
101
96
104
103
102
103
100
95
97
99
104
99
95
103
98
99
98
95
103
104
95
105
102
95
98
105
99
101
102
95
100
98
102
95
102
101
95
96
100
97
102
105
101
98
101
95
98
99
95
96
101
104
104
95
98
101
95
100
96
98
101
95
99
102
96
103
102
104
96
103
102
105
101
99
101
102
104
103
99
97
105
103
98
104
103
97
95
101
102
100
95
97
99
97
105
99
101
104
97
96
101
98
102
101
100
103
99
97
101
104
103
95
101
100
105
104
98
95
98
101
100
98
99
104
97
95
97
95
105
98
101
99
99
100
96
97
97
101
105
99
102
104
97
102
100
98
103
100
104
103
99
102
102
102
96
95
103
96
103
98
97
102
99
98
97
103
96
104
102
103
97
100
97
100
98
100
95
97
96
102
102
97
98
98
102
100
104
101
99
95
95
102
96
97
97
102
99
99
101
95
96
95
98
101
96
102
96
105
95
102
105
97
99
100
102
98
95
100
103
96
98
98
96
105
98
99
100
97
99
96
104
96
102
101
95
97
