400
80
139
126
96
140
110
113
151
138
159
148
116
84
148
135
154
109
146
112
84
147
89
157
157
85
149
137
108
144
138
80
111
155
112
133
122
152
145
107
158
89
133
128
127
134
126
144
131
104
128
143
101
105
86
130
111
156
114
147
130
126
132
96
130
121
98
86
108
126
118
132
89
147
99
85
96
140
122
112
104
129
140
137
110
150
125
153
85
140
137
143
142
122
159
84
118
142
139
151
108
147
80
99
96
108
136
139
153
94
108
143
119
90
87
129
88
120
81
146
122
135
114
153
91
114
82
96
87
109
99
154
81
136
98
95
121
114
143
118
117
145
140
111
91
147
94
106
151
93
94
137
119
143
108
142
108
152
114
93
148
156
122
150
140
98
140
139
113
117
145
134
119
119
93
133
110
134
130
95
134
92
93
120
152
159
129
135
146
101
156
137
147
83
156
125
132
110
97
106
100
93
130
139
130
101
90
121
136
114
82
147
144
122
86
132
116
155
127
91
131
123
95
156
156
112
81
91
81
93
88
149
124
154
95
90
152
135
135
113
117
100
99
141
95
128
118
155
130
156
132
128
157
120
144
86
93
133
89
115
107
150
97
110
95
154
116
140
107
111
98
132
111
121
151
149
124
123
124
108
108
115
133
110
154
158
116
105
145
103
100
84
119
98
125
144
145
142
108
86
121
121
121
121
105
159
158
146
120
81
98
137
91
137
155
159
130
118
110
105
157
80
81
133
136
98
137
95
91
113
106
88
83
109
90
121
158
141
141
93
127
84
118
143
126
100
151
130
124
139
95
103
146
103
122
159
121
140
100
155
104
148
91
117
113
116
124
155
95
140
146
127
117
84
142
122
99
145
151
122
147
113
128
107
142
118
104
122
134
84
110
157
113
143
123
117
81
121
106
96
129
155
