161
80
105
97
99
97
102
97
105
99
101
100
98
104
101
102
102
99
103
99
97
100
105
100
101
105
105
101
101
95
104
103
98
99
98
105
95
97
95
103
99
103
101
99
105
104
105
102
104
96
101
104
100
105
98
101
97
100
104
105
95
99
98
102
96
101
102
99
101
102
101
97
101
105
95
96
97
105
99
97
102
104
104
102
105
101
98
100
103
98
96
105
102
102
97
101
100
102
101
96
98
99
97
105
105
104
103
105
99
102
95
96
102
97
102
96
100
102
98
103
102
104
99
95
101
99
99
98
98
96
104
98
95
95
105
97
99
96
104
99
97
99
102
101
98
104
96
101
101
98
96
95
96
100
95
101
98
99
96
98
95
104
99
