201
100
33
70
42
81
61
9
26
46
94
88
32
71
72
12
21
87
19
13
93
33
5
93
36
24
79
82
60
30
62
84
37
44
98
19
6
67
91
79
86
38
56
12
44
12
74
28
23
39
4
63
12
33
100
88
8
65
43
98
37
41
93
41
25
78
62
76
18
86
32
31
29
57
44
25
24
37
53
40
25
71
3
60
27
48
56
44
58
96
36
43
66
67
39
31
60
98
73
1
75
60
18
37
78
66
4
70
29
72
46
11
40
49
23
76
56
80
53
51
37
67
26
19
52
5
68
30
92
71
27
7
75
30
21
57
36
74
91
43
70
10
61
70
84
77
50
1
33
9
24
36
17
47
23
13
69
30
48
75
1
48
19
43
31
6
86
82
25
10
61
70
87
99
22
70
69
57
64
91
51
99
41
96
31
79
75
59
49
90
95
56
67
11
67
6
16
99
3
48
52
21
69
