300
60
92
38
25
17
9
66
47
64
62
77
95
19
37
74
70
62
16
76
6
31
20
60
76
67
80
79
12
75
13
39
9
60
65
6
46
57
2
94
40
85
69
37
69
92
4
87
76
55
25
28
98
85
41
20
71
95
5
5
49
65
22
51
10
36
100
2
76
57
2
8
26
91
73
18
61
14
57
17
88
49
77
2
29
86
34
7
52
12
18
1
32
14
32
53
81
52
89
30
51
5
13
90
50
17
56
64
36
44
39
8
24
21
39
67
3
20
96
9
35
32
19
52
79
80
5
92
97
64
84
4
17
14
91
84
4
41
12
3
23
75
64
79
41
70
40
53
23
59
69
88
86
31
5
24
41
62
52
2
25
17
59
21
21
32
27
20
88
35
71
12
68
79
53
19
52
52
98
37
46
2
37
70
41
42
95
47
52
5
38
22
14
69
28
14
34
1
81
28
49
62
8
92
85
29
23
22
43
47
65
73
53
59
63
5
18
75
61
1
8
4
9
14
38
37
83
44
86
4
78
50
83
96
76
6
75
71
32
81
22
71
3
15
26
89
93
63
20
73
49
28
1
56
70
33
30
29
79
93
75
47
44
99
22
10
87
38
89
28
54
72
96
1
33
81
70
90
25
11
27
97
75
84
16
80
25
22
90
61
67
52
51
38
76
23
59
24
85
62
50
1
