1500
100
1822
3961
885
5864
11052
4549
1703
2369
360
612
7878
10010
1533
8634
2462
6071
3079
9285
12278
14839
10432
9060
4173
6520
5282
1238
6510
1602
12738
14073
13267
3569
2519
14122
8394
7047
14071
11409
10810
2585
73
2988
4168
3770
4396
7367
1869
13208
5090
10021
7937
1874
10100
10978
10276
6924
12383
4178
7988
13629
9952
8842
5847
8818
11886
9389
13118
7747
1114
4790
629
1812
3359
8223
1188
2093
6212
5371
12692
13526
8754
13804
10283
11788
14445
7828
14993
10562
1757
11579
3219
14731
2617
12023
3507
4141
13152
6590
10783
7165
4653
6872
5992
621
12893
10612
9145
12055
119
5783
13929
14081
4097
5325
10649
206
13862
9045
3539
7804
1681
13137
1168
10813
7346
6483
12744
10537
10080
10575
7988
2176
13136
3194
7030
12850
12924
9250
5178
5335
7162
14947
11445
9363
10847
8803
9000
13512
4355
13910
4768
1335
1877
10533
274
3
12434
5835
5889
476
1907
12621
13586
11923
4764
1754
6734
4611
2234
2935
5971
7232
869
12476
10200
6132
14823
2660
2555
989
6689
11233
4522
9171
12495
2945
2847
6807
14853
8999
1453
9533
3419
124
8234
3839
9217
2637
6568
1659
10972
987
5823
11493
263
7368
8073
10222
11885
4521
4487
6224
4241
5222
11966
4374
10590
3283
9686
8834
586
1878
6923
2507
2444
8712
12980
7003
1517
3726
2569
8253
7237
14401
6409
13904
8134
5743
2493
3544
7659
6309
4449
14853
2854
4476
8436
2496
9453
11216
489
7813
744
2409
1107
4434
11609
7527
8461
9960
14910
5157
1054
10226
6143
9318
9672
8689
13221
9818
9611
11400
11715
8044
13794
12706
2795
3120
7852
8647
13313
11057
14491
15000
5751
11250
13333
284
5030
2503
11783
12491
10714
12210
596
1402
902
2925
8823
10634
8573
275
1143
2400
12833
1057
830
6767
14617
7117
5943
5989
10115
10170
7259
7294
14690
5092
10285
1462
4372
8192
7567
4598
13887
8168
7285
4457
3970
4845
13997
3324
206
14824
14284
11562
8340
11054
9141
12548
12138
10946
931
14585
5248
10010
885
7372
3812
2303
1444
12787
13932
13419
6131
1473
12524
859
5607
1705
13715
6833
9822
4003
7155
13743
14156
9789
2953
6481
5739
365
5610
3882
2366
13722
14582
9940
8354
9577
10411
602
13165
9578
11007
4023
14751
7813
11491
2637
2766
10034
1933
1830
9763
9036
14590
2054
6338
10291
6546
8551
5175
14586
9029
7838
4571
14224
1624
3510
7336
6437
1733
3410
8677
12296
1250
5899
10550
11099
11982
9638
10441
1232
11152
3497
1710
6291
6583
8596
9508
1167
535
14733
11180
9715
14500
13947
6919
5193
12270
4265
12319
6006
8327
3260
8110
2937
13294
13105
485
12856
9350
3174
4569
703
2829
11826
7335
3936
14775
7156
5035
14512
7243
4100
13124
10874
7125
1709
9363
6367
5726
10582
7883
14
9768
10606
14195
11694
3010
427
11275
9448
2524
11326
1196
763
10759
13486
8348
10798
673
14933
14611
1747
7864
1156
9812
4105
8129
7391
8903
6457
1053
7999
7861
14597
3502
11837
3862
11474
9710
6747
12667
12153
676
1087
10997
4054
8253
6351
7683
13420
12237
803
8093
8300
11213
13891
1207
8018
9700
14005
12824
14480
1564
12997
14274
4596
11914
989
7150
3815
7489
1380
5089
4148
1617
12287
7931
10254
7286
5043
2179
12440
9986
10446
4368
11358
10582
11781
5973
13157
4351
12978
7519
6544
1719
1227
7430
8158
11936
9720
7183
10449
14846
7253
11221
7382
6317
9192
2743
4760
10319
9274
7124
12734
10815
5037
4121
8604
11961
7311
7259
2746
12831
3417
483
3
12821
14820
13527
13086
5703
2704
13898
6560
5969
6041
8826
14864
1424
14034
60
6929
6270
13345
5912
8247
13905
10085
7253
6402
10542
6911
8741
968
8931
12064
9229
11934
147
8788
6512
10660
11184
3864
8104
7532
380
2663
9629
3539
1019
1677
12469
4696
3441
3305
12664
11798
3536
12158
5716
12987
12314
10439
4855
3692
2000
7832
1710
1859
3842
1893
9146
14150
2094
6894
8661
5604
4052
11701
10793
5234
4745
1531
9899
8696
7649
13950
1176
1487
14410
12494
4398
6040
2628
619
11904
7431
13624
3576
7233
7602
10607
6234
13231
10443
6892
3496
3747
254
11801
7845
4077
10505
12410
8961
13067
14676
11078
12955
9408
3830
210
6207
9361
196
11485
594
7758
4019
2901
1192
6355
1475
8155
11022
4883
6907
5508
13320
11593
14106
11934
6094
2863
11151
13904
8423
2077
4209
13837
5212
4182
14340
3825
12642
10476
14382
8747
7892
4177
11776
6127
243
12830
3841
8269
305
6571
9831
622
3980
13112
13941
1885
6248
5017
8045
8830
10281
11056
1848
6469
186
4417
4136
9121
5532
11139
14329
7567
13964
7035
6699
3698
11996
11909
6835
6966
13258
47
9475
2452
6716
9585
7420
14208
7959
1614
7946
4701
13858
11817
7715
1127
3525
904
1562
9046
367
8366
14827
14445
2443
8032
7118
12045
8304
8978
4896
10936
12443
12955
2413
7139
5989
11985
9046
12170
8011
13693
9148
12464
8444
11146
14188
8195
8364
12388
5722
13837
3286
397
14701
14316
12240
4094
7225
80
1914
5734
2061
6750
14960
4818
8946
9851
5384
7921
9997
1275
5143
10753
1668
3992
14489
1100
7799
13858
8403
12019
3572
9476
529
14582
9118
13500
341
8638
5208
14707
2778
14398
10701
4593
14693
7114
7063
2346
9592
5653
4493
14493
13351
10676
5212
743
13920
431
8714
12434
13042
7198
13070
982
4710
7042
11869
7470
4670
14520
13157
10506
2442
11240
63
13280
3317
1916
5827
14521
5391
11321
7047
13313
11328
11394
4456
2601
5889
3097
12543
1992
13478
2139
8321
4365
13458
12539
14063
49
2884
13747
3699
10845
305
14343
12339
5822
4378
11898
5352
5403
12242
7342
3996
3244
14375
2018
3120
1521
14398
8994
14359
770
9875
2992
1027
14847
7768
12043
2696
4087
14845
13232
9380
8463
3528
4560
3994
4860
4958
14545
14061
3477
3136
6596
6174
4324
14484
12945
5478
11766
12616
7184
7867
5085
11947
5498
12287
11988
9779
9217
6073
393
2223
6933
5711
12891
2796
6880
11235
2633
8814
7816
14157
3084
10080
7716
12751
845
10321
3151
918
11179
8666
2226
11046
8563
7636
14958
14492
2017
4480
2001
9989
14527
9627
14100
11065
5226
7011
7998
5911
12340
5703
1364
264
13613
6367
10315
9547
9716
668
7538
13768
9095
2631
6845
1329
10316
7603
8987
504
9251
4012
11475
5285
4657
3076
6951
7284
1388
7797
10926
10303
9596
226
4886
10104
7220
11485
14742
9921
9679
3113
8710
12248
11478
13928
5688
10344
3326
6283
2740
11029
14931
4189
8131
6434
14763
1790
11848
10006
14379
4718
11006
13428
2081
14195
7222
1128
5382
7463
409
704
11550
5355
11797
8733
8698
14182
10287
11157
1597
573
11606
8930
5855
9603
10667
14636
9383
7050
6745
14579
10705
2226
3248
9780
14497
8209
14103
9825
6321
143
10709
1927
10724
1370
8624
10484
13407
1731
14343
913
11939
14048
8700
1385
6758
7904
11702
12352
1599
11650
7667
11854
8858
12464
3887
10661
7838
7078
13962
9822
5860
9876
2407
3541
10265
6278
8637
6059
5029
4749
12666
14056
13974
882
6112
171
9294
1772
335
12283
10866
6877
8658
1188
7490
3885
423
13311
14294
10487
11594
13745
5194
4491
12389
10905
9507
14035
11624
12603
4577
8745
1937
12708
4333
2986
12153
670
5300
8918
6958
7155
11640
12041
2168
7944
14749
14001
6051
2690
34
4465
14494
8525
1987
2121
7530
13148
4280
12605
154
13861
3878
3450
10091
2624
925
5392
6118
9552
9532
6677
10971
4829
4236
5135
14909
13525
6572
10669
13017
10324
4819
11286
13094
6363
1061
2946
4793
7986
10702
9859
1666
13175
10037
6170
4186
7734
7311
741
8305
1757
2064
891
5770
5970
10703
2689
12283
13894
10173
12946
12454
4022
7750
7957
1591
3278
3690
4728
2951
8393
5927
6265
7902
3662
9250
7106
3368
1710
1018
8738
7604
4323
4726
1860
3863
2074
3279
9815
13512
4957
13020
8281
3469
1703
14410
10378
9541
8313
14440
10947
3001
6452
10305
14334
616
6905
9371
10145
7458
5043
8259
9117
9225
13730
1286
7810
14160
13039
7023
4373
4995
8753
9170
14553
64
7732
13897
11435
2938
3941
6480
12111
13029
11799
12403
10895
10509
9271
12221
510
7017
14250
6299
1315
10762
1210
11440
5444
10861
7618
892
6307
4012
10637
9962
2734
1403
12805
2989
6253
3994
12064
3781
12979
14611
6820
12773
14934
3971
11842
2817
11173
8271
7260
14617
10755
12885
4842
13863
6025
5385
11971
3426
13143
7745
4401
805
14013
8322
2497
1273
806
14755
9475
886
1166
12808
11947
6189
13430
11478
10658
1716
11739
642
13642
5019
14432
4814
202
10877
4799
5596
11303
14777
3370
4509
5254
12942
2715
4264
5221
5268
7873
11392
9422
2650
3202
9238
11746
9725
10496
12313
7198
4713
9586
7624
13555
3427
6391
3352
9200
10268
1165
3697
8117
4373
13612
8160
11100
1135
14112
9663
9539
8691
14615
7178
4296
