210
70
120
25
74
117
129
102
59
131
61
109
71
56
86
66
55
17
61
30
36
79
56
104
7
69
138
139
115
64
60
5
33
12
14
55
94
100
81
79
23
75
9
46
124
55
63
78
67
54
54
38
74
125
103
12
96
28
105
12
117
27
119
111
133
94
15
56
23
17
66
55
129
119
111
67
6
121
35
66
71
2
7
86
101
60
100
25
55
72
62
44
134
68
88
133
59
130
66
41
125
79
77
10
48
70
81
105
68
130
78
75
120
17
106
52
10
15
109
45
85
119
29
82
102
136
67
117
36
56
126
33
77
107
121
63
22
13
60
53
56
89
111
19
83
103
52
99
86
56
119
77
6
128
38
112
69
26
3
3
8
121
117
16
26
125
47
133
36
45
70
75
32
99
137
34
4
62
59
57
8
81
139
3
34
136
104
6
72
101
7
99
60
72
119
35
130
84
104
10
120
108
73
69
78
57
55
127
133
40
110
98
