350
70
100
98
98
100
99
99
100
97
101
105
99
101
105
105
97
96
103
100
96
99
101
105
99
104
100
99
95
105
100
98
104
104
100
99
101
98
98
101
96
101
99
100
100
100
96
99
98
95
103
95
105
101
100
102
95
98
103
97
104
103
95
101
100
105
102
101
100
99
101
97
104
102
103
95
97
100
102
99
95
105
99
98
105
99
95
99
99
97
96
98
104
95
98
96
97
95
100
95
98
96
100
95
103
98
103
98
103
100
102
97
103
98
97
104
105
95
105
103
100
96
104
95
105
100
104
102
99
102
105
100
95
98
100
100
95
105
97
95
105
98
100
100
96
98
103
97
104
100
98
100
99
98
102
96
104
105
96
103
100
105
99
99
102
96
96
105
101
98
101
103
98
95
102
97
100
101
102
102
103
98
95
96
96
96
98
101
95
95
97
104
102
100
101
101
102
99
96
95
102
100
104
99
98
97
102
98
102
104
103
103
101
102
97
105
99
95
96
96
95
97
98
98
95
99
101
105
97
96
100
105
100
102
103
99
104
99
102
97
99
102
101
96
101
104
105
101
102
103
104
95
105
102
96
105
95
101
97
104
105
98
95
98
101
100
96
104
103
95
105
105
103
98
101
96
102
97
100
102
98
95
103
96
101
101
101
101
104
99
104
100
96
99
101
95
103
95
105
98
104
98
105
102
100
95
96
99
102
102
97
97
95
100
103
97
104
104
102
98
96
105
100
95
100
100
104
104
102
98
98
102
100
101
101
100
104
97
101
95
95
97
95
96
101
97
102
101
100
103
97
101
