600
40
45
43
72
76
72
71
40
73
70
62
77
66
43
64
47
73
61
41
60
44
72
78
73
61
73
40
42
64
72
75
75
71
74
76
77
65
47
64
42
77
62
79
63
66
50
69
45
78
61
71
69
79
42
73
73
63
46
44
75
68
48
68
45
65
72
61
57
44
44
57
48
40
73
51
44
65
62
79
64
50
77
42
67
55
68
54
71
46
76
55
44
53
67
64
68
58
73
53
47
77
58
57
46
60
51
72
64
62
53
46
48
45
77
67
42
72
50
41
47
76
43
61
45
46
67
57
42
54
57
62
53
52
55
71
41
45
46
58
58
78
70
49
51
42
74
73
50
60
66
66
65
66
66
40
66
63
74
73
64
72
46
45
55
52
44
59
63
63
42
42
54
74
45
53
49
48
73
41
62
45
75
63
51
42
77
58
66
67
52
60
79
49
65
76
62
50
62
60
77
63
50
69
53
60
65
65
48
41
65
47
49
70
78
67
45
66
49
44
78
68
72
47
58
45
76
76
42
76
54
51
53
52
63
72
67
44
52
53
48
54
61
76
64
68
59
75
51
74
77
60
40
58
63
50
51
44
76
72
53
54
62
42
73
53
44
67
63
63
68
69
41
72
49
71
60
69
78
46
76
55
53
40
75
59
65
64
64
49
57
75
50
79
43
57
76
62
66
62
57
56
59
41
54
71
78
72
50
54
79
47
60
68
53
66
43
50
77
63
54
51
53
47
47
70
78
47
63
54
49
63
74
43
65
73
46
59
69
54
51
62
57
78
66
71
73
73
56
49
73
51
71
60
55
50
58
70
59
43
58
68
56
54
53
79
56
65
40
59
41
57
73
75
45
48
64
78
69
79
58
70
78
52
43
75
55
44
46
72
46
66
68
72
46
47
58
57
53
67
54
72
56
79
59
75
79
66
79
56
41
44
48
68
75
42
60
71
48
63
76
44
68
74
66
76
69
40
78
44
41
65
73
66
76
76
61
77
64
69
65
48
54
67
58
69
66
61
55
59
64
53
75
63
56
40
53
76
76
44
69
53
53
57
76
49
66
57
69
65
52
41
70
46
46
49
75
57
56
41
59
58
48
76
79
42
57
60
78
50
42
45
69
47
73
41
61
45
73
43
70
74
69
60
77
44
58
65
65
77
55
72
68
41
52
47
77
62
74
56
74
76
79
46
62
55
72
44
59
66
58
43
50
59
47
49
61
60
45
74
78
60
63
65
50
65
59
56
46
53
78
67
55
44
43
56
66
63
66
55
50
77
66
77
60
53
64
44
45
78
42
68
42
75
57
50
66
71
42
43
51
74
60
49
64
64
53
69
56
52
69
68
44
65
72
46
46
40
67
44
78
79
