270
90
101
2267
1586
383
2253
2615
1579
1667
1179
1869
1680
123
2650
154
1476
1761
1485
1624
81
217
1367
1190
2067
228
771
599
286
148
225
543
472
1613
1857
366
1907
2577
580
916
2402
842
240
1699
1728
2042
1517
1726
1773
1092
800
758
2191
1100
504
1849
1644
183
1469
2067
725
2148
1439
2430
2476
2668
640
1744
1399
963
2300
1802
416
2680
2652
1988
1734
231
1450
1970
993
1738
2570
995
2529
713
1930
916
1048
1678
207
1526
1943
888
1425
1755
890
1977
959
1938
2292
2220
1586
1408
1448
2232
928
2068
2639
1304
791
2275
1843
1346
227
1731
1272
2027
1208
2485
137
1707
1169
493
425
924
2492
874
326
1474
1431
106
2581
2357
1697
2602
396
1440
2041
420
2195
56
2582
1616
821
2699
183
644
468
597
26
360
1962
550
1767
2027
1269
1208
2537
26
1278
516
2429
1120
1906
1551
1025
1280
2152
493
1136
1627
842
605
2071
1058
709
361
716
759
2567
909
811
600
746
16
180
1702
1776
1562
839
1695
2001
862
2180
1214
1165
1152
1583
2207
2577
1138
1927
566
2651
1368
547
1514
1483
1107
1933
1330
515
1219
2115
1838
1645
964
1903
1185
117
1247
750
1746
280
2633
2029
1636
973
859
2700
2539
1930
687
925
1678
1907
2693
670
1428
591
1256
2046
701
1131
441
748
2454
2462
970
1112
1695
884
2371
578
1457
2353
2060
1927
2565
2152
1244
2190
2169
1479
1310
1607
118
345
57
2016
1501
