1500
100
39
29
27
41
31
9
73
10
10
17
29
79
77
93
74
92
8
26
37
70
89
36
37
83
86
6
71
73
39
83
3
8
35
7
85
90
36
68
83
84
59
13
44
23
52
43
70
55
25
44
45
27
57
2
7
69
38
63
71
53
18
35
91
77
98
40
66
41
69
8
44
82
19
59
76
47
88
13
60
88
84
12
30
79
60
53
12
1
44
95
85
48
47
27
41
28
24
94
95
91
71
76
90
98
47
43
38
62
64
92
26
94
87
5
18
56
2
64
31
12
95
54
67
1
11
36
84
5
15
7
90
70
17
71
68
66
48
91
98
74
94
52
32
37
79
97
33
2
79
64
59
63
23
65
9
72
2
75
62
59
67
17
98
75
80
17
92
94
30
21
1
81
55
4
65
65
72
14
94
81
90
18
19
78
28
8
79
43
19
91
90
25
64
9
36
100
63
54
52
56
47
29
47
28
100
53
56
37
4
1
38
83
38
51
45
95
27
21
13
47
19
89
100
35
5
73
29
40
7
38
96
1
48
26
75
73
41
100
93
40
58
81
26
85
78
37
74
84
4
38
45
45
86
63
20
96
52
94
94
10
41
57
1
65
19
50
77
74
60
97
56
73
29
28
12
89
23
59
36
68
58
9
54
22
36
88
22
84
35
14
25
96
26
14
61
43
49
44
58
75
46
34
27
49
69
38
10
6
32
1
59
46
67
55
94
12
81
92
64
62
67
53
46
53
14
23
97
74
30
56
58
38
57
90
80
46
60
13
2
57
46
28
36
39
52
50
49
59
39
91
96
91
57
66
35
79
59
43
72
72
81
98
30
69
33
100
83
53
98
47
75
95
13
36
28
70
1
43
88
48
61
79
26
93
44
56
11
87
100
4
63
84
77
84
1
98
10
24
48
29
16
38
56
33
9
73
39
66
59
98
27
39
30
18
64
31
81
3
69
1
50
80
48
47
17
80
41
32
71
55
31
69
41
8
63
36
55
96
76
54
21
8
35
56
59
64
33
88
1
18
10
17
78
88
69
47
65
39
7
94
6
37
60
9
88
91
3
51
11
73
69
38
21
87
14
6
52
75
40
89
72
87
42
14
19
27
17
80
49
59
64
6
29
49
2
25
32
90
12
56
47
74
90
42
88
16
29
24
19
7
37
13
3
56
72
65
50
21
79
66
34
70
17
54
46
45
86
89
90
34
72
69
87
82
91
41
91
96
100
100
68
94
19
59
43
21
31
35
4
70
14
27
32
24
13
95
41
89
6
36
38
24
99
42
23
6
54
73
72
17
16
96
3
48
91
42
70
17
31
27
55
92
39
25
58
77
29
67
49
61
80
5
14
50
2
22
49
16
62
51
4
46
60
40
96
26
42
25
88
66
31
27
43
9
98
73
64
5
46
9
70
17
96
28
94
41
76
92
94
91
78
32
38
93
92
43
65
87
32
52
97
58
6
100
33
26
67
90
6
96
84
34
25
87
95
43
68
35
20
41
43
26
45
46
49
34
99
70
77
32
34
68
97
40
7
6
40
78
21
69
4
77
61
91
2
58
41
80
26
26
3
83
1
52
91
79
23
8
71
2
33
94
58
12
18
86
91
67
100
69
3
24
15
62
6
35
7
55
8
23
91
11
70
42
43
70
66
4
32
78
53
30
19
40
7
3
86
89
64
73
34
7
20
94
67
94
43
5
24
25
45
65
93
22
13
20
26
60
91
61
65
71
36
79
29
50
2
63
98
75
38
97
42
91
54
94
71
98
98
24
75
42
3
42
60
70
37
94
71
34
8
14
57
62
2
66
72
78
64
11
12
7
51
67
42
76
60
62
91
29
25
24
89
52
10
20
83
17
60
84
39
94
74
75
25
55
25
15
81
78
55
58
66
19
71
14
88
90
67
64
26
49
98
79
46
94
77
77
42
32
46
56
37
98
43
28
11
35
6
98
11
22
38
27
58
36
91
73
50
22
88
90
63
22
87
29
35
9
23
72
1
37
88
39
97
91
29
45
61
27
32
88
54
25
5
14
11
77
83
12
53
13
3
12
25
8
70
36
80
29
53
74
93
64
96
60
86
8
60
83
10
87
3
50
29
23
85
76
41
86
93
25
91
8
40
22
14
19
38
98
60
88
50
90
69
38
94
52
43
60
12
9
77
36
43
81
76
61
2
61
68
91
5
6
22
35
31
61
72
55
17
94
66
44
24
90
25
33
30
54
89
96
7
9
77
91
25
61
97
98
92
14
47
90
94
49
9
27
96
34
57
2
3
36
57
94
14
31
4
45
74
70
78
50
98
14
26
16
61
17
14
79
83
26
90
53
28
17
82
9
21
61
3
28
86
49
35
9
42
42
96
46
70
38
68
12
54
27
2
96
82
14
37
5
73
51
30
52
37
28
45
35
64
51
27
82
51
81
38
98
56
22
67
34
88
29
26
87
23
21
75
82
89
93
72
98
7
55
50
54
30
63
99
52
26
29
76
47
68
98
35
95
8
62
48
23
11
44
40
28
78
77
38
85
41
87
45
53
28
92
76
73
3
59
46
46
57
8
57
62
44
40
2
48
12
14
69
6
58
74
1
48
14
50
36
3
76
4
8
68
63
77
24
90
60
52
62
30
21
65
48
14
99
73
66
65
88
7
63
40
97
17
57
31
19
28
44
88
53
18
70
92
95
69
36
51
46
71
31
16
10
45
16
1
83
33
82
4
69
97
36
40
80
54
97
5
46
27
40
75
76
7
41
88
82
82
99
6
60
85
81
77
47
100
2
43
50
12
20
16
32
28
52
98
83
34
33
2
3
19
73
11
29
73
67
3
38
70
99
46
29
19
93
11
76
62
46
76
62
22
69
79
53
32
49
66
56
82
49
48
38
27
24
50
16
81
23
15
76
77
7
49
92
21
13
9
81
97
79
4
66
96
12
31
97
34
53
8
88
82
95
43
57
34
69
96
60
66
34
79
11
55
15
31
61
89
62
49
35
94
94
61
22
6
99
36
81
89
66
12
26
28
92
28
6
70
75
93
100
98
70
37
6
19
3
30
35
82
11
38
59
9
10
70
5
36
43
6
46
26
81
70
100
30
90
60
38
5
22
7
48
73
3
24
27
19
42
15
5
58
82
65
1
5
32
44
57
31
80
95
28
32
71
99
49
23
25
92
38
2
21
46
49
17
89
21
12
94
97
64
93
65
84
81
70
74
36
79
88
33
14
94
55
5
13
47
95
46
54
43
92
70
89
67
77
14
63
21
88
82
9
70
49
77
100
61
59
70
7
77
47
46
60
63
75
63
47
11
52
84
30
98
69
40
52
21
99
37
80
56
87
21
23
58
95
91
98
45
99
31
79
92
19
3
11
21
70
66
48
52
55
73
62
59
15
69
82
22
12
76
