500
50
102
103
99
104
96
95
101
102
96
98
102
98
96
98
99
96
96
99
96
102
98
101
99
104
104
95
98
104
103
100
98
105
95
102
100
98
95
99
95
105
95
97
99
97
103
100
100
104
102
105
97
100
101
105
95
96
97
101
97
96
103
97
103
103
99
101
100
95
105
98
103
105
96
101
99
97
95
102
102
103
101
96
95
102
105
99
104
100
98
102
103
100
98
100
99
102
99
102
99
98
99
101
100
98
98
102
99
103
99
104
102
97
105
105
101
99
105
96
101
96
98
103
97
99
95
99
100
95
102
100
103
97
100
95
97
100
98
104
103
100
98
99
99
99
99
105
105
103
99
96
97
95
99
104
96
104
100
101
105
103
99
103
104
103
99
96
95
103
103
103
104
104
104
96
102
99
95
97
100
95
102
105
97
105
99
95
99
96
95
95
105
102
98
95
96
104
104
100
102
103
104
102
104
97
101
105
105
103
105
98
101
102
101
98
95
99
99
103
95
96
102
102
100
98
99
103
96
97
100
95
100
97
104
101
95
101
105
100
103
95
101
100
99
101
95
103
101
105
98
98
104
104
99
98
96
98
99
98
100
95
100
105
97
97
103
96
101
101
103
103
99
99
97
97
103
102
103
105
103
99
104
99
104
105
102
104
102
100
101
96
104
100
104
98
100
101
97
99
97
95
104
99
105
99
101
101
96
95
96
102
97
104
97
95
97
105
98
99
100
104
96
97
104
105
97
105
99
102
105
98
103
100
104
95
101
102
101
101
96
103
105
100
100
95
95
98
100
105
105
97
98
102
97
103
104
101
100
104
102
105
105
96
103
97
95
96
100
103
101
105
101
99
95
97
98
97
105
102
105
105
105
105
102
103
102
103
105
99
103
104
98
104
95
97
99
104
101
104
105
95
103
104
101
96
104
105
99
97
105
104
99
104
105
100
95
96
95
96
103
95
98
100
100
98
100
96
96
96
105
100
102
95
97
96
96
102
104
101
105
95
105
97
101
103
101
97
96
105
96
105
105
103
100
97
99
99
103
100
101
96
103
102
95
102
96
105
101
98
97
97
95
101
96
102
100
103
98
102
98
105
96
100
100
104
95
105
96
104
97
97
98
103
96
105
103
102
100
98
99
97
