180
60
40
29
1
51
3
83
88
57
22
81
46
12
87
20
14
37
2
40
18
61
34
65
2
15
26
64
10
63
48
7
71
99
23
49
25
19
55
13
50
77
16
95
71
16
11
39
96
5
42
100
89
52
30
55
7
100
53
51
36
32
97
65
13
45
63
58
49
94
83
73
28
60
21
52
81
93
23
44
68
4
19
98
30
35
8
14
19
50
43
33
10
86
30
58
27
65
39
20
85
36
8
66
29
74
25
25
92
72
88
79
20
60
97
28
53
78
64
30
33
77
52
8
97
25
60
21
45
77
24
99
56
73
99
39
76
74
81
35
74
35
82
11
94
14
13
77
78
23
15
85
87
77
35
40
25
11
66
8
79
19
49
1
82
7
22
89
51
70
32
89
90
44
95
77
18
52
61
81
35
96
