500
50
64
18
53
75
70
52
8
15
8
89
71
29
62
31
61
75
59
56
23
46
66
76
10
44
5
10
84
44
49
80
11
22
91
63
26
29
73
16
31
41
45
55
63
48
4
42
7
2
50
12
83
33
7
16
19
20
14
11
40
91
61
21
72
83
76
19
57
89
2
42
98
3
94
68
83
74
66
59
48
97
8
51
4
77
23
85
93
27
89
72
22
96
51
93
29
7
44
81
12
71
82
75
4
47
15
47
4
71
90
58
80
17
48
51
24
22
30
73
93
34
27
100
100
49
84
13
98
35
31
41
98
14
32
58
49
38
60
28
10
31
17
88
25
56
96
73
34
55
13
92
19
59
50
31
83
92
16
86
6
34
39
43
55
31
76
76
37
24
3
86
91
84
23
83
92
6
33
91
18
51
87
52
86
14
79
55
27
7
25
35
88
99
9
67
40
10
12
82
68
31
27
10
69
27
62
94
71
73
89
34
52
66
35
87
61
14
94
1
84
65
63
9
30
72
36
1
1
17
27
88
96
88
97
29
38
47
83
23
75
85
60
68
89
50
38
1
69
47
30
26
6
13
46
42
19
37
61
98
46
57
100
53
32
87
2
91
77
62
84
1
27
54
69
9
57
81
81
36
71
84
92
40
84
17
46
25
66
61
19
9
55
73
37
48
70
19
95
61
64
27
52
59
7
100
86
12
52
18
21
49
65
61
12
18
72
2
85
9
89
44
14
23
75
81
84
88
72
18
9
50
49
21
43
26
72
47
95
68
51
54
2
91
85
76
21
15
92
87
48
33
56
23
73
1
27
37
61
91
67
12
16
7
49
31
69
73
12
48
46
52
3
15
36
75
74
28
17
34
1
40
62
22
87
8
24
1
8
92
66
41
80
99
41
51
69
68
81
88
44
4
72
54
46
99
70
68
42
97
11
57
37
78
55
20
47
98
73
42
96
45
86
46
89
19
6
96
22
30
99
83
36
26
8
5
37
22
14
52
100
100
57
8
69
85
30
16
75
86
72
3
45
93
14
44
66
24
58
96
24
47
100
4
47
30
38
71
97
62
15
41
12
95
27
6
84
100
99
39
35
3
17
73
55
97
40
24
20
69
96
85
47
80
54
59
88
40
69
13
92
44
