350
70
82
129
119
116
92
121
72
136
78
108
114
84
121
94
72
101
136
121
118
105
138
87
104
76
130
94
94
86
92
79
110
80
125
79
71
100
129
108
130
108
114
88
109
127
117
90
82
72
94
129
71
97
104
131
105
77
79
133
139
98
77
139
74
78
75
116
90
83
128
127
90
131
125
71
93
80
84
81
120
80
70
106
114
132
120
98
83
104
126
138
125
74
114
88
118
86
102
114
95
117
98
113
116
82
130
119
97
103
118
104
111
131
77
72
93
90
136
84
112
114
97
138
132
109
136
90
118
117
93
122
103
114
95
99
117
118
96
112
94
109
132
71
90
104
93
113
106
84
121
138
77
134
132
99
118
98
109
85
129
126
98
88
106
70
118
111
122
99
132
133
100
129
112
102
131
123
74
99
88
112
130
73
135
129
87
85
86
116
86
96
83
80
114
98
113
76
110
98
74
118
108
119
133
117
115
87
81
71
92
126
101
120
92
122
81
107
107
79
82
113
101
110
107
106
120
117
136
96
120
106
94
90
77
103
114
101
115
82
124
85
80
122
86
75
112
136
118
124
108
128
128
116
89
85
136
84
97
115
130
130
88
132
85
115
90
99
104
103
92
138
85
88
112
131
97
136
120
121
78
128
118
99
107
112
105
87
102
79
113
83
103
126
127
76
126
122
80
124
121
115
74
73
105
74
102
96
107
93
97
113
86
116
77
81
105
111
138
130
98
86
74
109
91
123
130
106
79
97
80
79
133
110
139
137
121
139
116
121
100
82
78
117
118
91
109
72
98
106
70
136
