141
70
101
95
96
104
103
104
96
105
103
105
105
99
103
97
95
103
99
104
100
102
103
98
99
95
104
105
105
101
105
96
97
97
95
99
105
101
96
95
104
104
100
105
103
97
100
95
102
105
102
97
100
99
100
100
99
104
105
100
102
97
96
98
100
101
104
98
102
99
96
103
105
98
96
98
103
96
105
100
100
97
101
102
99
101
105
101
97
95
100
105
104
96
104
97
104
95
104
95
96
103
98
98
104
101
99
104
100
99
101
101
101
96
98
100
102
98
104
96
105
96
100
105
95
102
97
103
105
103
96
105
103
101
97
101
100
104
95
97
105
95
97
