300
60
101
70
104
101
110
88
60
87
97
79
72
117
114
67
102
112
111
64
66
105
76
74
81
70
118
116
84
90
74
89
111
60
77
101
97
65
96
60
105
82
80
91
84
114
81
109
77
118
95
92
88
75
70
100
68
99
87
91
91
69
75
71
64
91
77
103
82
83
110
110
116
106
73
112
78
97
89
116
95
116
114
71
67
114
89
84
108
68
65
90
104
97
82
71
118
76
62
115
93
88
70
95
63
66
107
63
95
71
97
102
103
118
88
79
100
105
67
61
105
77
104
88
119
94
65
110
80
89
92
107
83
112
61
67
99
109
70
73
67
87
115
90
108
107
114
118
108
83
102
65
111
83
94
89
108
85
81
74
112
81
75
117
118
97
80
70
70
64
93
115
104
81
118
73
75
73
61
66
69
113
117
94
95
70
112
63
99
113
74
88
82
61
91
112
101
79
80
66
114
102
66
119
66
92
75
104
110
105
88
99
65
99
102
93
93
108
74
108
105
109
66
82
82
115
107
83
101
118
66
111
91
103
98
80
76
110
82
103
98
96
65
95
95
78
94
100
92
92
85
88
115
103
90
97
81
65
107
99
68
106
107
75
76
85
101
67
98
65
119
82
60
68
103
91
91
69
117
87
60
114
88
116
61
94
72
107
119
69
87
111
95
79
104
110
66
76
88
101
89
111
