201
100
542
368
624
1960
1880
1753
1316
1096
757
1304
10
1864
552
702
252
691
1088
649
1104
1341
226
974
941
1448
1432
640
1183
1443
1030
1032
322
1388
34
72
1696
1414
1774
1537
878
509
1888
207
248
1612
823
900
1273
1374
518
83
1485
1646
1544
392
728
166
1529
344
999
1203
414
1663
470
427
1823
1779
248
1855
19
158
939
1124
1000
1480
616
1028
1523
1903
600
1328
1438
258
1420
504
790
1240
1468
909
1589
903
1689
1530
1939
1236
1158
1767
1503
1179
1145
1378
1935
1
1853
1848
1348
700
707
1320
729
1647
1582
1791
243
53
914
1553
786
1545
821
533
1068
1155
1268
1224
1857
1366
1626
548
554
25
1159
1113
144
1852
93
2009
486
1975
656
724
1685
74
850
13
460
1840
1905
1023
228
1275
1118
792
1734
564
733
1485
1981
597
1967
570
1573
212
1129
1258
1360
144
1134
1016
340
1576
1284
895
1526
120
512
1964
1688
271
1942
1798
291
1228
1252
1704
1083
1580
650
191
1952
1673
1862
564
780
366
1647
116
1046
1481
1709
629
200
