900
90
5172
4665
5083
1820
7784
2111
6073
2688
7159
6609
7977
4642
4366
4909
3349
530
8448
589
8075
2916
157
1808
4238
736
6656
5150
3788
3887
5755
1582
74
8189
2053
6718
8263
7509
8622
455
4686
7213
6964
1962
281
8576
6498
1830
7254
7486
5388
4242
8676
2321
6813
2853
2205
8111
3173
204
6845
3295
5179
4271
5093
5568
4591
3598
3845
5482
6204
7056
4604
6613
4202
8166
8808
7500
1031
4266
7199
2419
3620
2104
1346
2923
6930
2368
1121
2047
6260
241
4783
2877
1655
4238
2091
8684
8732
6103
3238
6405
8480
8628
8951
719
2729
6697
6285
3150
6243
874
3771
2125
3932
3659
3905
131
5764
7667
2259
1854
3728
2672
5409
2072
7972
8481
5937
1762
1790
1572
276
330
8528
961
6169
1035
5715
6810
2287
5196
6057
1563
8084
6575
5338
7324
6609
6911
151
3800
3361
2349
7318
1303
884
8855
6359
7715
7577
883
8723
6074
2264
285
1730
6901
3764
4124
2188
4421
1660
444
4779
5726
8916
1046
8695
8607
2836
1643
1796
8436
2134
6464
989
4425
5236
5196
6406
6913
2103
4737
5067
1071
8901
3194
6911
3366
3432
5854
8573
1955
5705
3411
177
5552
2047
3363
736
201
5827
3031
1126
5829
5003
7904
6911
4852
2612
22
1335
318
2301
3231
5906
1951
4559
4774
3305
6367
3518
2265
6568
3813
8067
4017
4805
7460
4847
1863
6690
3040
2994
4634
6443
8359
185
1017
2068
4491
7174
8980
6636
1843
3792
8729
4105
1315
534
5414
616
8101
6856
3848
2516
4823
8275
453
6171
923
7931
2039
7743
923
4888
2287
6374
6713
3659
5421
8653
1924
5592
6066
2609
1261
4281
5583
6147
6559
7400
8765
1053
4037
8694
8186
6704
6660
7599
8704
1059
235
2578
5662
7424
347
7140
466
949
8387
817
1482
2579
8302
1545
4107
834
7325
5939
3017
7952
5279
8819
4307
2493
1479
7506
8564
1685
7477
8023
7682
7022
6092
4657
6800
2764
4447
5062
4816
2603
7810
1333
4366
5115
4983
6076
383
6513
2488
5231
2412
2752
2261
3849
5860
51
5593
2380
5151
2954
2282
8468
7188
2108
2742
1419
7008
3460
7274
1356
5379
5102
580
775
8890
6971
5992
8111
4851
130
2797
6169
17
5352
5241
1089
5297
7946
1074
412
3116
3243
3760
4436
3329
381
3810
3764
8791
6325
8454
6103
986
5826
7231
5170
8309
7605
7193
3077
2037
8720
2836
1479
3122
6444
6722
3974
1701
2799
6337
355
872
2939
6564
4215
6690
5166
6606
6994
4546
2048
8571
6080
6745
6799
8821
5233
8003
373
8370
1246
501
1543
3766
5403
1024
8808
4324
13
4153
8518
1731
333
8791
7551
6497
8564
3535
8947
8672
8464
3077
1660
589
5906
8898
1774
6343
3183
4869
7207
7311
7674
5267
1555
1312
8992
6750
7238
2641
1333
1192
3040
3722
8478
1623
2265
4355
1397
5162
7155
8007
924
6994
4824
8257
3160
5777
8224
8813
3235
6653
5514
2451
1627
7282
232
6857
435
470
6707
34
2299
1722
7573
3082
6057
3372
3957
8738
8450
5907
5214
1369
4758
1831
845
2569
3554
6994
3251
525
6272
1300
6041
3590
5931
8760
1812
6666
701
3351
5940
8526
782
2918
650
7696
205
5902
6844
4883
4481
3924
935
734
4725
2680
2825
1021
2627
4114
7615
5560
6386
3070
2384
1579
7960
4656
4129
7504
3017
1705
5745
1388
8197
6008
8905
5080
1136
5007
7067
263
3168
5806
6043
3134
881
109
5259
4373
2954
8595
289
814
5972
3143
8938
8142
4369
1106
3650
7991
1861
700
5543
4159
4372
7063
2152
5540
1113
5463
4793
1327
6331
7484
4287
7436
6282
2579
939
2133
6767
881
3501
1155
4469
480
2518
5118
8192
1086
2824
2949
8062
4492
3120
4209
5093
5702
1044
860
3249
1054
8508
2966
162
8675
648
7500
2087
5438
799
4364
7140
8185
6853
8743
1264
7855
6290
7324
5587
1269
7051
8189
7926
7764
7271
1642
2191
8090
6189
4998
2679
1974
7987
1987
1705
5040
1636
988
3714
3961
1329
5229
2669
8501
7803
880
3940
6294
8293
5526
4966
1919
642
1235
7489
5414
2838
701
7279
3986
7585
2971
5847
4225
6902
7611
6669
4861
1225
716
1623
8043
5900
6745
2120
5005
724
1969
5563
4317
4346
5481
1660
5432
3822
7221
6904
6493
4441
3027
6441
3686
4677
5295
7238
6832
726
8102
6683
3525
1419
6754
3515
2867
173
6950
4606
4494
408
2011
4817
5316
5372
1930
6295
1877
1456
2372
3030
8017
2907
2058
5616
4590
8087
2800
2468
2844
4090
4112
8416
309
1366
1920
6991
5190
6739
2182
253
222
3954
2150
5338
8989
2454
752
2001
53
1002
724
968
730
8219
1467
8941
7776
351
6476
2987
5451
4526
5881
8578
179
1223
80
2979
2707
1851
4543
6346
6313
7576
2905
8516
4670
4853
7846
6689
6608
8286
1955
6711
1758
5858
6540
8971
1437
5007
6644
5296
455
3150
7001
386
6111
7919
6923
3656
4830
5547
4395
1710
5647
4322
98
2967
3864
8130
8318
7376
717
659
7646
8653
4555
5349
1699
3544
3256
2502
2180
5739
3208
5804
8468
6523
6415
4306
6515
3625
3734
765
8988
5781
4244
5386
7538
6954
3284
3780
3015
4807
2541
1091
5864
6995
1171
5293
216
8342
6973
