900
90
171
142
156
127
178
179
156
172
156
108
107
166
150
164
130
171
127
102
171
176
96
161
153
108
112
145
104
171
137
149
106
107
159
102
145
171
100
91
158
113
105
121
149
120
140
147
116
118
107
94
145
117
98
172
129
110
126
149
123
126
115
124
106
136
93
139
168
106
97
129
166
114
94
103
176
98
170
126
143
150
178
120
122
98
90
179
159
113
107
138
129
94
135
144
159
156
138
110
128
123
163
174
91
108
110
146
112
142
123
162
92
152
140
115
134
157
124
112
119
90
91
137
131
134
160
164
98
101
138
177
107
145
111
171
109
136
143
127
135
115
113
96
139
172
93
152
144
175
112
150
172
145
111
94
176
126
107
114
170
106
107
110
126
166
162
109
157
124
92
148
120
127
148
171
144
96
166
131
163
168
158
99
174
169
158
95
102
110
138
162
91
117
114
107
142
118
93
177
151
139
137
109
108
142
135
174
118
173
129
109
170
112
170
129
175
158
120
124
162
175
169
168
100
157
178
96
160
179
131
95
101
128
97
143
112
158
128
108
150
130
171
149
127
100
157
179
143
127
174
160
103
107
142
162
106
97
151
147
105
138
161
108
148
147
155
160
91
129
154
93
165
141
101
168
157
123
113
112
160
102
134
92
166
147
108
106
119
129
105
111
148
156
127
170
137
112
106
138
159
160
176
156
92
154
154
161
116
100
148
164
158
127
110
146
167
126
165
102
156
163
169
149
136
110
136
163
106
103
145
144
146
154
116
97
136
145
145
147
146
97
127
144
117
175
125
167
101
114
146
146
140
134
105
115
145
152
142
179
160
130
151
162
122
91
127
108
99
120
150
146
99
170
157
90
90
96
90
133
135
178
172
124
102
142
106
116
138
121
103
122
157
121
119
145
112
117
170
102
125
136
124
137
159
176
144
112
173
113
147
147
93
102
119
122
156
140
105
93
167
152
131
92
126
141
162
150
137
139
105
116
90
143
104
137
109
130
131
158
122
140
154
176
160
90
148
170
159
157
131
120
108
102
101
101
154
162
164
125
121
132
173
107
148
179
95
140
169
148
90
148
98
172
152
139
150
98
132
149
146
106
165
119
150
160
110
144
122
171
161
117
155
100
151
107
106
172
167
126
91
150
153
152
149
115
138
152
124
150
129
143
104
104
120
138
99
133
90
146
125
116
108
179
150
130
167
163
160
136
110
118
95
145
96
154
102
169
162
113
97
120
158
157
124
117
170
109
167
121
103
118
109
107
139
176
98
95
134
119
115
167
116
158
169
160
168
164
131
178
131
173
124
122
116
159
93
129
98
114
133
116
103
109
121
150
162
167
166
146
141
109
135
123
140
158
139
124
125
134
101
168
140
133
113
152
138
93
111
166
179
92
155
125
141
171
161
102
141
149
119
137
134
134
103
162
137
118
95
152
171
171
131
143
98
175
112
101
174
102
106
120
154
143
92
154
165
104
137
104
115
135
145
117
179
140
120
151
167
96
117
106
114
125
167
137
177
99
123
117
154
149
161
161
106
146
162
132
127
144
104
168
97
106
141
173
117
92
116
142
95
179
174
148
96
102
106
100
122
177
90
103
115
112
98
106
150
164
122
175
119
90
172
132
172
164
100
120
122
130
136
122
161
142
156
102
122
177
132
123
101
146
93
132
171
123
136
152
159
108
138
149
96
151
112
129
154
175
148
143
135
139
132
142
149
150
125
120
159
157
90
142
100
163
126
117
119
97
98
95
153
158
167
126
145
154
92
167
114
136
170
117
168
91
125
104
93
143
154
175
174
97
158
125
159
148
165
144
174
114
157
169
114
133
174
177
171
163
142
132
107
110
162
141
109
161
170
148
103
126
164
130
175
172
175
95
121
161
99
159
106
123
103
136
122
172
102
108
131
109
175
122
151
112
158
162
145
168
139
145
100
154
177
172
175
96
125
164
115
156
132
147
172
122
146
179
136
175
107
110
114
157
126
165
102
106
167
166
120
126
99
170
151
146
98
157
165
153
162
145
158
147
96
145
146
100
163
112
140
94
162
177
