300
20
33
29
27
24
35
31
14
18
8
22
25
39
26
36
19
26
23
19
1
10
33
8
20
31
7
20
20
31
27
13
17
34
31
11
11
29
24
22
11
25
10
27
9
1
9
9
33
15
11
34
28
20
34
33
21
19
29
5
19
7
21
25
25
7
4
26
7
19
14
13
30
18
28
30
31
12
31
8
19
11
25
23
4
29
37
2
17
30
15
8
14
33
36
14
38
35
21
12
30
38
26
8
38
16
10
38
18
29
16
11
8
9
1
13
27
18
6
8
30
36
39
10
37
2
35
6
26
34
27
36
17
24
9
39
21
11
5
27
17
34
31
33
15
35
4
32
4
25
15
34
19
32
15
6
28
13
22
24
9
37
37
26
24
34
32
27
34
1
17
31
31
13
21
25
22
27
39
14
38
21
5
2
11
7
35
33
26
25
9
34
38
23
16
13
6
16
32
21
24
7
37
21
20
19
36
29
26
30
8
1
12
12
37
36
33
13
39
4
39
18
21
5
4
36
22
31
5
22
30
32
5
33
30
14
29
31
11
27
7
13
12
38
30
26
4
38
10
13
10
2
27
8
30
30
39
24
33
28
38
15
23
26
5
36
39
31
9
30
13
23
27
13
24
15
13
19
1
27
25
5
5
16
2
26
10
34
22
36
16
13
31
26
3
5
7
27
26
29
8
23
