1000
100
182
189
170
6
12
76
41
126
13
54
125
182
154
128
88
63
162
154
82
37
104
157
47
32
147
55
96
170
116
175
168
18
36
176
22
165
11
9
151
80
57
29
155
133
72
136
117
3
158
172
31
173
103
133
161
126
6
5
81
55
64
162
34
63
7
71
168
125
13
105
25
129
13
121
76
114
144
183
51
168
21
3
1
126
130
153
164
180
14
150
10
106
89
143
140
187
119
113
136
67
138
3
163
73
143
58
136
77
41
74
84
145
116
120
144
195
197
44
153
36
85
51
106
140
40
43
156
34
178
96
191
165
86
188
153
143
107
138
75
81
94
117
81
72
17
68
175
106
187
165
195
112
132
114
187
62
84
52
113
59
124
146
191
92
139
102
109
193
155
36
143
103
22
162
33
119
192
182
60
96
103
102
27
107
184
40
45
89
162
197
197
30
62
9
182
60
26
36
128
119
158
163
177
87
165
183
105
195
72
45
3
15
35
118
10
135
113
92
191
73
132
21
48
91
99
88
163
125
179
75
93
56
168
69
110
166
146
71
102
102
178
177
119
149
26
84
128
196
26
173
194
195
88
7
163
166
117
72
62
104
27
180
104
66
16
127
126
64
69
178
112
106
67
181
151
194
181
115
50
54
191
25
61
45
111
116
75
46
141
118
142
34
125
102
79
96
24
193
195
142
18
158
33
15
91
68
30
14
16
126
36
45
12
41
10
81
24
174
10
111
111
2
108
78
157
44
80
96
90
124
64
33
33
123
41
81
178
192
176
48
108
194
50
126
81
4
58
131
97
29
129
44
177
141
146
141
98
97
120
89
36
76
56
150
169
79
106
162
24
125
74
132
130
161
193
100
1
19
176
81
61
134
155
117
169
103
12
192
6
161
18
145
43
47
40
147
52
21
196
15
168
69
21
132
161
52
59
145
5
33
58
20
173
139
97
165
139
150
167
96
116
152
52
32
52
45
137
185
87
126
169
16
62
195
60
71
107
83
82
8
20
89
48
112
74
199
109
176
114
170
40
34
95
87
45
70
131
169
8
185
24
184
167
125
140
155
24
8
51
51
180
33
4
124
157
186
134
36
162
60
71
148
86
152
163
115
123
76
109
69
92
69
50
98
36
46
139
23
97
118
142
78
122
195
118
141
125
160
115
195
180
123
130
89
71
86
100
29
186
177
54
12
165
198
155
192
109
181
17
155
30
138
27
37
66
10
152
123
197
47
7
123
173
39
79
22
157
23
70
10
149
102
21
116
188
184
97
44
124
97
29
51
196
36
172
74
154
185
149
89
3
77
165
6
175
110
141
38
43
100
70
33
174
140
63
154
66
50
65
87
107
63
144
26
5
170
157
195
57
146
98
151
155
25
112
76
37
122
148
107
119
82
6
191
4
184
39
17
122
98
106
87
80
27
28
122
197
13
79
78
41
196
83
47
187
84
116
129
146
2
33
170
139
105
3
94
138
118
30
11
132
122
93
189
50
149
186
74
154
99
90
161
101
154
105
54
193
17
150
35
192
143
134
169
57
130
165
73
6
176
151
30
38
152
21
47
132
76
19
112
180
10
47
130
164
72
181
169
44
139
48
1
131
109
160
11
152
182
21
132
175
50
155
82
89
102
73
75
171
38
178
102
43
67
99
188
122
72
184
43
34
194
95
31
125
106
103
74
147
73
95
32
5
25
63
187
64
137
13
40
2
166
22
52
51
163
117
137
163
69
22
146
138
108
119
86
92
95
195
21
121
182
84
36
73
40
66
144
95
140
176
156
145
172
191
173
109
104
174
55
145
181
21
35
114
18
24
151
81
163
66
187
30
84
3
61
84
117
135
60
173
24
122
85
105
184
42
127
24
38
60
122
191
164
122
4
85
23
65
91
187
73
139
74
145
4
134
70
5
190
6
78
171
49
135
79
171
73
81
131
174
149
9
178
108
183
76
60
67
88
127
155
182
10
123
151
7
98
111
129
28
183
50
15
21
159
103
164
148
7
16
63
24
4
164
104
158
25
16
163
137
171
1
18
13
50
175
166
128
38
111
74
146
23
173
38
44
70
62
20
136
121
24
139
182
118
120
173
62
116
18
61
176
102
24
68
1
157
13
175
192
22
29
107
150
81
55
53
118
100
186
52
84
44
107
195
126
114
87
155
109
55
139
22
101
12
173
1
156
127
68
60
47
152
142
111
132
42
196
32
42
106
126
46
145
133
178
52
97
122
76
180
91
197
89
49
106
181
137
158
44
64
169
47
35
47
1
33
18
95
