750
50
41
35
59
68
31
70
88
67
60
92
23
38
62
83
16
21
5
49
78
10
24
57
74
20
88
14
45
80
1
69
84
95
64
41
94
22
76
83
38
2
6
12
8
42
54
21
24
31
35
32
68
15
12
57
28
69
85
17
18
78
76
47
27
89
57
50
99
14
35
38
15
87
20
21
82
43
38
61
25
50
12
76
83
92
93
19
99
54
37
50
86
9
1
92
33
15
88
17
99
94
52
88
99
80
94
72
33
64
56
47
23
86
57
34
83
33
87
68
91
14
80
69
41
8
5
63
85
3
4
29
4
32
78
14
51
57
91
2
46
50
49
33
64
39
38
29
45
98
38
38
9
69
25
81
7
27
68
96
26
98
81
65
97
95
25
96
20
72
15
65
81
7
79
68
51
41
79
61
40
82
1
17
10
21
39
49
42
19
34
87
44
28
7
77
56
91
90
2
9
57
61
22
93
81
75
73
74
42
12
63
75
99
19
38
7
99
31
11
13
4
76
8
65
86
71
3
97
22
14
76
82
93
74
49
37
36
63
35
23
11
13
34
65
59
85
95
49
39
77
75
10
14
85
77
88
43
21
54
51
78
4
14
12
52
39
56
17
43
85
76
16
22
45
90
10
58
90
75
62
37
64
25
34
96
33
53
42
78
78
59
35
27
4
18
4
41
63
11
2
82
40
65
83
94
12
21
36
75
82
19
79
3
47
18
59
83
84
65
19
50
68
92
71
5
24
1
5
81
38
8
53
41
14
11
7
35
48
74
5
94
95
40
20
64
73
84
13
38
27
89
69
91
15
40
17
34
47
84
31
13
91
87
49
2
96
31
61
13
57
47
90
78
26
50
2
37
84
51
65
24
53
72
10
32
7
77
4
32
56
99
21
46
7
84
73
96
96
77
14
16
54
4
38
1
58
66
30
32
16
80
70
59
52
44
87
91
80
48
29
94
50
34
22
90
31
12
33
71
51
38
65
35
23
84
63
27
61
84
44
85
91
47
18
47
6
82
42
16
42
47
84
54
5
16
38
94
87
64
34
96
21
89
93
57
98
76
59
45
5
4
92
12
15
53
27
29
91
97
73
99
25
40
60
41
58
78
68
27
2
69
37
83
68
70
8
50
99
97
91
57
22
58
43
3
43
98
63
71
21
38
65
83
48
13
81
50
83
32
66
80
93
10
55
80
77
6
40
79
69
35
71
82
49
88
48
8
59
30
91
35
66
28
46
98
94
81
16
38
18
85
82
66
10
31
43
55
24
28
53
52
73
50
81
77
30
57
51
1
25
50
37
22
76
72
86
96
43
4
47
44
71
67
18
28
85
27
78
25
28
27
66
90
7
27
75
84
96
25
11
34
89
30
60
52
23
8
75
87
29
20
17
92
65
43
49
61
19
3
40
80
55
28
44
61
27
83
80
53
23
57
37
41
57
29
12
85
1
28
49
5
13
7
36
58
3
50
15
15
95
1
19
46
28
12
63
30
3
56
74
35
96
50
79
46
95
43
34
20
88
20
44
34
13
44
31
23
8
38
60
2
77
18
29
3
78
72
34
31
67
44
21
66
59
63
59
65
27
89
67
95
27
58
46
43
7
87
78
83
97
88
87
15
20
82
72
60
52
33
38
44
54
26
72
90
7
40
23
93
50
64
10
88
20
72
25
33
31
58
62
59
20
45
4
10
69
71
98
91
98
5
