600
40
68
74
27
21
53
60
27
2
56
52
54
70
72
46
10
40
73
30
40
45
26
6
62
31
69
6
48
29
32
71
72
69
72
38
16
79
57
38
77
29
77
69
2
60
74
63
38
58
11
62
24
54
21
19
30
22
52
47
17
33
3
44
12
76
8
20
60
31
70
2
34
61
20
26
17
46
3
67
22
29
38
18
39
72
65
51
61
41
42
3
79
21
23
7
63
42
13
52
51
67
38
13
63
12
47
22
24
11
73
70
50
51
4
48
78
58
51
9
24
73
40
69
14
36
16
22
36
24
43
16
20
46
9
10
30
74
53
19
31
63
58
66
78
74
20
59
28
21
72
63
78
39
5
19
50
55
36
63
63
53
65
31
21
61
49
32
8
76
59
63
74
58
35
11
21
43
15
6
50
3
26
44
65
15
3
4
9
58
64
22
30
68
35
55
4
57
33
55
38
68
74
40
67
50
58
67
77
62
38
59
29
5
10
33
16
36
59
22
17
37
33
65
59
25
26
72
54
47
11
13
27
21
70
66
7
39
74
78
58
48
78
61
67
59
20
7
47
76
78
6
28
10
29
58
2
1
13
20
26
64
36
68
71
3
53
26
64
11
30
71
15
32
19
49
27
18
10
56
37
32
33
30
47
61
62
51
67
66
36
23
67
69
60
73
11
12
2
72
56
5
20
78
26
72
53
38
60
19
4
16
79
40
15
19
32
41
70
69
46
16
63
41
13
28
24
14
44
54
48
23
21
73
66
33
46
66
13
75
59
79
2
69
62
10
78
76
35
67
30
45
41
57
18
67
79
4
43
61
34
24
32
50
23
15
33
28
76
71
67
40
51
46
69
30
43
23
7
6
28
1
78
20
15
76
38
2
47
17
10
30
10
18
1
76
64
58
49
71
55
19
63
21
30
16
68
56
74
70
25
50
31
6
2
7
65
74
32
36
11
12
66
49
74
32
7
23
44
35
26
15
59
73
31
20
40
4
1
13
73
27
15
73
62
69
27
12
16
46
21
67
53
26
16
65
22
22
25
33
7
42
79
26
12
66
13
73
27
42
13
25
58
35
62
9
45
24
71
21
58
30
18
14
49
30
49
37
64
4
63
45
52
1
59
28
35
34
13
31
21
47
18
29
13
24
31
55
48
21
32
72
78
15
30
30
51
25
20
42
74
70
65
72
56
57
32
32
13
35
71
26
72
75
55
39
49
31
76
60
10
56
32
1
58
13
15
3
74
41
32
36
38
36
10
64
65
26
55
17
35
41
62
38
35
2
35
75
57
54
62
60
22
41
78
63
27
40
28
61
63
53
54
63
11
10
21
32
12
4
38
55
66
64
77
70
32
3
71
39
51
56
