700
70
133
95
121
129
109
74
93
110
106
114
114
129
87
138
134
131
77
120
134
137
103
121
84
128
105
137
100
74
85
111
128
88
78
108
116
130
99
78
86
127
97
111
74
70
136
132
127
119
97
122
100
71
79
98
137
132
95
131
97
109
130
128
81
111
78
87
125
71
73
100
76
109
138
131
137
94
113
84
79
91
115
84
74
72
72
123
135
112
80
115
90
126
105
132
110
86
101
111
132
95
117
104
102
88
133
138
71
133
75
124
96
126
129
107
112
126
125
78
83
134
138
138
139
112
91
102
136
82
105
116
139
137
123
80
82
84
77
84
77
125
112
70
113
115
117
126
88
93
82
126
136
124
135
128
136
84
100
110
91
71
102
88
71
139
110
98
116
94
73
110
121
112
95
132
115
131
79
95
102
93
98
70
123
82
102
115
118
102
83
138
124
70
113
82
133
135
133
126
74
124
80
83
135
85
80
122
93
79
136
112
113
88
90
102
103
78
118
113
113
97
78
122
127
116
137
96
76
76
87
132
111
105
89
81
85
77
111
90
84
115
102
73
116
125
115
81
135
124
100
78
73
131
78
79
99
137
131
131
93
82
86
89
87
128
123
74
111
97
75
98
100
74
116
95
87
73
89
120
126
138
101
76
97
105
116
94
108
130
113
114
138
139
96
81
135
129
104
139
71
88
113
104
103
117
70
132
102
95
90
137
82
121
135
118
81
109
132
111
76
99
79
132
83
108
112
118
90
80
123
108
115
128
110
113
95
70
133
105
121
83
133
126
71
107
120
112
88
136
128
99
96
85
89
123
103
131
133
97
129
75
108
105
114
127
106
109
127
95
76
104
115
120
73
122
124
106
85
130
90
71
125
120
133
73
124
84
108
94
79
135
105
86
131
72
108
90
103
122
98
79
133
116
82
126
115
82
136
74
72
111
84
105
138
119
128
89
125
102
99
104
97
104
132
123
74
107
97
85
100
139
73
123
128
97
74
108
114
74
104
75
79
91
102
111
137
112
110
112
116
93
98
112
134
74
85
76
88
99
124
132
127
107
103
125
136
72
85
92
120
114
127
100
77
106
71
115
86
118
135
138
117
119
114
77
133
82
123
136
90
103
70
111
86
99
112
132
79
109
131
115
72
87
108
128
134
129
83
88
93
83
115
77
91
102
126
133
79
94
97
122
111
96
130
117
114
76
114
122
109
107
116
102
95
72
122
111
82
103
120
132
132
99
132
129
77
87
138
112
129
131
99
122
81
87
89
123
88
91
129
76
122
99
84
106
137
94
111
125
124
102
93
134
131
92
108
124
79
120
100
104
89
84
102
137
103
109
85
123
134
94
121
135
139
107
107
80
110
80
96
122
80
88
71
132
139
105
119
86
76
104
123
103
129
111
109
82
138
99
117
113
103
136
85
139
119
78
130
116
96
126
104
93
130
88
119
97
98
71
78
101
77
99
97
77
97
134
85
114
88
136
115
131
138
100
110
96
98
110
135
126
125
74
75
96
76
112
85
122
98
114
125
84
81
136
132
116
98
121
115
101
108
82
102
71
85
79
92
116
110
97
97
136
132
92
129
79
118
127
112
113
