201
100
19
52
51
17
92
2
80
15
6
12
42
85
23
68
64
81
30
45
36
16
4
4
36
39
49
95
6
13
39
18
74
30
61
93
27
51
89
50
27
14
100
26
83
11
62
88
44
29
9
8
77
14
54
12
91
58
39
86
45
95
10
96
95
69
53
93
63
76
78
46
84
29
55
94
34
63
37
29
79
51
30
38
57
69
10
18
30
64
55
83
65
33
74
80
17
18
16
78
92
47
9
69
90
63
80
88
46
39
86
89
60
11
100
16
55
50
28
81
73
20
76
93
83
39
50
45
47
62
12
26
40
13
74
92
84
68
45
12
35
39
52
23
28
80
99
23
64
13
9
56
6
98
28
26
70
48
75
21
75
6
4
88
97
16
37
59
76
17
98
77
46
38
68
60
94
87
31
14
15
33
10
29
52
71
78
94
74
51
17
80
37
75
32
80
37
88
19
75
45
44
100
