1500
100
194
125
130
124
125
192
137
128
158
131
107
118
160
109
105
199
112
197
185
151
184
137
103
144
127
184
133
103
141
119
130
114
106
119
114
133
188
172
133
127
132
188
103
185
185
102
155
109
166
132
177
119
175
198
199
119
176
123
122
125
123
125
148
155
198
168
112
178
170
159
187
114
143
177
156
197
158
110
147
127
115
120
129
157
142
181
142
154
155
144
169
171
189
141
100
174
114
161
106
158
198
136
143
156
104
137
116
125
103
175
160
181
134
144
116
166
185
166
159
107
112
135
138
106
188
113
124
115
163
188
158
186
123
186
191
129
107
111
155
163
108
186
173
152
125
190
196
113
196
177
113
160
179
112
147
158
126
177
147
190
199
198
132
176
166
126
149
112
175
161
143
142
123
130
167
181
164
125
140
153
117
133
150
100
108
197
124
180
104
134
110
114
134
122
162
145
115
140
139
125
114
151
164
188
170
142
181
187
114
101
163
186
126
181
196
134
141
148
127
143
163
137
126
115
149
177
168
108
131
152
141
136
182
174
106
132
188
163
105
162
133
108
163
178
156
165
132
186
138
177
140
192
191
187
162
170
137
197
128
109
167
156
112
111
193
125
106
171
160
141
165
146
159
155
184
175
154
156
174
156
138
177
174
152
138
152
191
145
155
106
182
102
142
193
165
117
103
150
131
192
111
154
119
135
171
116
169
100
193
111
191
159
131
177
164
165
166
109
179
199
108
168
190
170
125
166
111
198
121
132
112
145
172
161
112
124
178
153
123
149
142
155
176
148
196
144
145
135
144
177
194
138
101
194
115
186
125
151
131
186
155
108
141
164
162
171
165
148
138
195
132
136
195
142
116
170
194
102
145
179
110
152
155
129
159
131
139
150
173
149
154
198
197
167
115
186
179
141
109
118
167
162
132
166
119
185
161
121
186
163
145
185
160
150
132
143
135
116
162
152
132
159
150
117
119
106
171
102
194
150
117
190
169
190
198
114
136
149
134
162
117
110
190
119
171
120
139
134
186
168
113
171
194
160
164
128
129
165
168
135
132
144
179
136
151
143
130
170
114
181
128
125
181
145
177
199
121
184
192
180
197
177
152
100
183
181
160
154
186
158
126
103
123
146
126
194
159
144
129
103
189
193
183
133
137
157
116
194
160
110
120
131
122
183
144
166
165
127
178
148
186
152
152
192
158
108
140
132
116
145
128
137
191
174
173
191
165
122
135
150
125
178
119
130
150
111
104
198
101
199
159
143
130
153
148
114
179
102
127
170
153
193
116
136
193
159
175
129
107
109
158
180
156
180
174
130
157
151
145
154
170
162
154
146
190
133
146
108
149
109
149
128
121
113
195
140
179
170
151
173
121
130
183
185
138
183
112
141
199
165
111
137
198
184
190
112
197
117
137
159
177
197
173
121
123
105
168
158
139
198
124
191
117
135
198
147
109
136
179
160
116
135
174
161
175
120
175
162
121
177
193
151
157
145
165
122
156
103
177
115
132
143
129
156
163
138
148
148
183
186
121
123
141
174
198
194
138
105
138
142
179
186
118
121
197
128
163
102
191
107
139
190
192
140
110
172
122
122
135
113
192
124
196
123
144
153
195
100
187
115
142
187
166
115
128
191
178
194
127
183
182
130
196
156
189
128
141
106
125
161
124
194
135
134
134
157
120
129
104
137
136
180
138
161
120
195
142
154
182
125
100
161
103
199
195
140
157
126
177
181
106
174
111
148
194
169
106
116
193
170
193
119
153
105
100
180
141
170
193
161
167
113
134
135
145
100
113
156
121
110
155
115
127
149
185
137
139
151
153
169
115
160
113
137
152
176
103
153
103
146
161
180
128
162
153
141
174
135
173
101
119
123
131
118
109
193
178
184
174
161
156
187
105
133
126
129
102
121
186
117
145
164
165
153
113
197
153
199
197
177
187
158
156
153
185
143
124
127
149
165
142
168
168
138
174
142
169
172
144
126
114
151
129
181
180
151
148
118
104
186
172
190
108
125
187
114
171
130
127
114
171
194
148
177
101
116
191
196
153
116
111
152
103
138
157
176
133
159
160
174
152
100
192
115
100
196
186
183
180
137
150
158
156
155
106
127
110
172
108
112
172
102
114
115
165
188
101
106
137
188
102
142
196
152
177
151
112
184
147
158
112
195
165
179
166
112
186
116
164
172
174
132
129
134
173
133
121
112
165
185
144
158
130
113
111
145
134
107
112
120
195
114
193
115
143
186
185
175
120
198
101
155
190
136
187
189
143
161
104
195
124
183
127
130
192
197
180
100
190
138
145
146
135
149
178
128
108
193
197
191
174
171
153
198
191
154
179
102
140
102
146
100
146
188
137
114
174
100
121
134
174
121
155
118
183
193
169
176
125
154
161
139
101
139
181
138
110
198
195
165
145
111
186
194
160
111
119
157
198
149
126
125
148
115
142
187
168
185
131
193
192
189
122
197
108
146
118
118
161
197
199
135
155
136
132
139
162
153
148
175
168
121
106
165
139
171
159
152
178
185
164
186
194
144
173
125
189
103
113
135
146
198
157
131
152
157
177
189
116
114
147
125
161
130
105
153
182
194
161
168
154
120
172
104
122
108
196
172
131
178
179
121
193
162
132
194
149
152
123
196
167
145
186
187
180
147
177
117
180
101
188
101
154
169
178
189
147
158
177
177
177
107
140
131
133
124
169
122
107
172
174
126
109
137
154
183
160
108
134
150
103
178
143
102
100
137
164
108
137
107
180
105
146
174
109
123
195
152
169
193
141
186
116
131
142
169
100
106
171
192
164
196
166
120
166
125
190
194
122
198
108
147
184
130
156
134
178
161
182
143
101
161
164
138
176
120
116
197
135
168
105
124
161
154
121
156
155
161
136
158
181
156
165
148
178
141
164
138
119
143
198
176
112
136
167
129
105
134
118
168
176
194
176
142
164
116
104
119
141
101
157
116
151
141
124
166
198
102
163
174
160
126
180
187
198
143
175
168
153
134
108
140
198
170
178
119
191
166
121
149
141
112
144
184
101
144
180
116
177
183
184
167
134
172
152
164
145
107
108
125
167
118
140
162
109
196
192
182
136
123
119
102
195
114
112
158
149
151
193
188
147
100
115
191
145
102
162
116
115
146
168
161
152
129
173
107
137
166
186
143
124
190
144
141
194
150
128
112
173
178
171
198
130
109
158
184
155
157
106
114
107
113
117
175
191
165
136
197
117
101
104
191
111
159
181
172
175
196
179
171
134
108
193
147
186
124
187
135
126
108
183
128
174
190
189
125
187
113
171
179
156
133
154
109
191
195
113
148
101
110
178
153
177
154
114
184
129
181
132
138
159
173
163
130
137
169
153
134
115
181
168
184
118
185
168
116
199
127
172
192
179
146
182
133
147
197
107
147
171
157
