500
50
914
1487
4207
4357
1476
79
745
1419
2922
1516
3307
4831
4429
461
4753
978
1727
1926
1037
2218
4151
2638
1409
4489
512
3140
4705
4204
2871
4462
2120
4908
3795
4888
356
2376
3321
3025
971
1987
3670
2875
2627
4026
1135
2599
3749
812
4475
1060
1985
344
3557
4523
4643
4954
2498
3800
3697
2589
783
751
2207
3278
265
605
4288
1152
4189
4582
730
2556
1272
4641
1988
2787
4056
3531
318
4365
1177
3845
3486
2210
1112
3100
4608
2288
4691
3364
1300
4472
4382
1765
3328
3837
1373
4372
1130
4210
1259
1329
4129
1819
3875
1456
3915
3666
3823
1108
480
4820
2850
733
2567
719
3969
1050
4121
2463
24
3089
1754
911
4969
1314
3573
2258
3333
2911
3442
18
2238
3686
4362
4460
4871
2608
1934
2746
1490
3596
3783
950
829
4606
1831
4463
4090
3211
2913
4710
1433
2332
722
2027
2346
4245
4650
1949
2673
2435
369
4393
4407
2230
191
4364
2415
4929
2893
3845
4497
3795
4918
769
2517
2620
4971
972
4036
4584
1731
2316
1141
2927
836
1472
2431
3276
3576
153
406
1966
2158
2379
78
1541
1537
1107
3970
3501
1520
2899
4690
2427
622
1003
4688
2935
4709
3839
1995
4638
4467
4934
669
4711
3537
2546
1064
1045
1141
4359
1520
4409
4381
3944
1919
4332
4146
205
4876
4095
813
3213
1602
3950
4536
3538
1549
871
2205
4853
1144
4027
875
1954
1849
1957
4175
2457
3483
3076
1011
4594
2213
4496
3902
4942
3468
4762
1607
2690
3525
4576
1896
3344
3888
914
2771
957
4490
1315
2081
209
381
1629
3956
1902
559
4542
4068
4086
3084
2007
1693
3345
487
2966
705
3950
3440
4389
1407
4778
3289
18
8
3258
4013
1205
4535
1093
4107
3506
2852
652
3517
3213
647
1344
2561
3314
4986
1392
4313
4421
4829
1448
3949
1630
3040
1889
2326
1816
609
2344
2850
1140
786
1735
518
4934
1585
4699
2189
4879
980
3132
3492
350
156
2566
1175
2889
1491
4220
3655
1749
3495
2012
2611
192
192
213
2880
4355
4389
1666
2479
1618
3176
336
4169
3114
457
3819
4501
1830
1014
3724
4931
4567
709
1912
4843
3486
1562
32
2065
1702
3629
4065
4560
3397
2142
2450
2825
2562
1226
1898
4216
3567
1833
278
4697
3712
1675
607
4126
126
4023
1530
3698
3151
1427
3656
3561
4654
1718
1082
3965
4787
3416
4159
4571
1408
4336
2112
3752
4997
1235
2664
3616
1612
2893
1341
1042
193
1991
1878
266
3764
3102
4780
3768
3353
1324
3646
2288
2838
1702
604
808
4500
191
4407
3550
2257
4847
843
245
4263
1419
4562
2263
851
2136
2117
345
4015
504
2217
2302
300
967
2307
484
763
1096
2146
1264
4034
513
3474
3116
1755
993
1583
4311
635
4719
804
3442
4114
3303
2976
3643
4839
3301
3572
1160
2714
967
2245
2361
4082
2923
970
