300
100
137
148
89
45
44
179
168
189
148
110
15
141
96
102
26
11
127
57
60
98
189
43
192
36
108
146
128
103
144
164
145
25
102
123
105
91
194
186
177
13
160
107
16
93
15
140
183
64
118
45
82
139
98
106
115
89
90
98
77
131
16
150
118
163
128
174
7
55
106
104
90
107
69
21
174
1
73
156
107
138
198
134
142
37
12
120
129
113
43
93
123
159
73
155
138
3
57
16
122
15
45
159
130
34
196
196
103
148
112
84
32
31
34
179
131
172
144
1
149
83
186
128
50
111
89
122
33
2
138
125
147
110
183
51
168
73
83
120
135
34
84
34
19
12
66
112
141
192
20
151
3
121
135
28
155
192
83
10
65
57
7
53
74
25
80
97
43
171
179
77
45
176
2
181
49
190
182
143
96
67
133
166
47
150
137
59
71
11
51
177
2
48
161
194
14
31
42
156
169
167
53
187
118
86
95
198
124
40
158
40
161
3
124
61
191
81
30
116
155
42
48
57
193
44
151
72
134
115
129
108
101
173
29
39
22
124
155
11
23
39
122
94
107
137
121
35
47
149
36
89
157
120
16
112
184
36
100
40
146
163
2
45
141
7
161
54
48
184
40
13
108
152
158
71
199
11
67
47
101
51
137
151
75
135
44
43
74
86
108
80
99
172
187
151
26
142
56
182
190
128
