200
40
48
55
56
10
62
43
68
71
36
60
24
43
33
3
71
48
45
78
58
6
13
32
77
60
16
37
30
19
51
30
39
52
52
7
56
61
73
25
28
43
19
54
19
57
49
46
7
36
11
9
4
43
19
15
68
26
76
20
52
48
30
39
68
21
57
22
45
67
14
47
70
44
49
11
71
53
35
24
43
11
19
33
28
74
22
11
51
5
6
22
20
66
67
70
37
76
73
63
20
31
71
7
23
75
57
18
32
36
56
67
39
16
61
11
22
50
20
10
25
53
49
2
47
58
12
75
31
47
79
76
53
28
7
76
30
37
67
76
37
26
59
33
20
25
19
2
20
75
66
6
59
28
13
57
40
28
36
43
37
75
22
43
58
70
66
60
36
6
10
15
55
59
14
42
60
34
47
40
3
41
31
37
56
44
29
31
2
78
2
53
43
61
7
64
18
22
68
27
52
27
