750
50
10
76
40
18
61
52
82
69
3
35
83
73
94
64
2
90
98
25
87
86
10
57
25
96
99
9
83
44
76
15
67
53
89
24
43
67
7
2
10
62
45
3
65
88
7
7
36
17
89
60
11
83
6
80
39
44
40
38
46
55
77
79
38
37
24
67
99
50
63
57
58
60
36
47
55
67
60
18
80
93
56
57
96
90
30
82
63
93
82
79
46
30
53
87
80
17
2
12
34
18
48
47
53
77
2
83
74
81
61
12
13
55
62
73
37
11
16
52
97
77
68
89
66
7
81
22
34
8
61
43
8
37
29
13
48
52
54
82
88
74
76
88
21
5
85
77
22
14
32
95
78
7
94
91
60
3
20
87
34
37
48
44
79
70
64
80
43
65
29
23
29
15
41
10
18
97
42
78
96
69
5
26
24
4
21
65
17
57
45
23
6
65
73
99
90
22
9
21
9
38
3
2
12
72
59
31
56
30
27
10
19
37
28
83
23
17
46
22
38
82
99
80
79
74
11
66
69
87
26
41
81
2
17
35
1
40
5
4
2
68
73
46
61
65
61
2
69
99
27
48
75
45
54
89
68
42
48
57
4
13
54
79
3
77
27
78
98
63
7
54
12
67
65
81
3
58
95
48
43
77
92
96
77
85
51
35
67
87
53
55
82
19
31
28
83
50
39
47
29
11
44
94
8
73
1
1
83
73
45
45
92
86
52
55
86
47
30
40
56
61
23
3
27
41
67
16
63
73
71
77
6
30
37
5
2
84
96
10
36
74
22
5
22
74
83
16
22
59
27
2
93
26
1
83
99
88
89
52
61
11
84
64
94
4
11
30
21
21
39
24
26
23
10
23
47
77
80
83
92
30
11
50
47
63
91
63
33
70
29
35
2
3
49
81
70
69
2
9
20
85
1
68
45
29
38
21
42
78
61
70
48
37
19
90
46
54
72
95
27
7
23
59
65
30
100
30
28
24
80
88
40
95
69
60
80
34
50
73
58
19
92
24
13
37
57
10
36
45
46
41
87
24
87
42
53
30
29
89
6
18
47
79
13
52
19
5
6
14
72
61
47
27
66
54
60
95
3
40
70
59
93
25
78
28
56
77
56
42
67
19
40
55
10
44
48
87
84
79
9
15
21
97
37
70
38
47
26
77
9
2
52
8
63
55
90
14
21
71
58
73
19
81
34
83
43
48
21
95
76
72
88
61
95
10
59
77
69
82
93
63
31
90
99
7
3
34
20
9
11
15
27
97
86
68
46
43
3
8
44
51
100
30
31
6
31
72
81
21
30
85
35
5
7
92
86
39
43
64
83
86
67
46
89
40
3
81
92
31
8
45
9
53
65
90
64
69
11
59
11
62
98
58
99
64
33
59
88
62
82
100
8
3
20
44
3
76
49
54
4
5
27
21
36
67
87
50
61
74
46
99
51
18
1
100
14
22
41
8
93
36
75
51
27
23
7
62
74
17
36
7
53
43
8
79
79
7
17
95
42
38
15
19
75
11
54
2
14
60
36
36
63
27
33
22
70
91
47
99
65
16
85
21
18
34
91
31
10
5
96
40
30
2
48
83
72
81
26
32
30
56
46
52
70
35
22
11
98
63
95
86
95
3
83
48
22
24
68
14
66
60
89
91
15
94
86
11
24
5
26
15
29
18
15
69
85
18
36
42
50
45
93
29
36
32
20
1
23
56
42
21
