1000
100
98
22
16
25
71
95
91
97
43
5
33
10
27
53
2
59
23
55
92
32
88
58
19
41
90
94
51
89
95
81
20
46
17
39
78
59
90
58
84
16
75
42
60
92
98
72
29
89
27
47
62
5
14
37
23
68
12
34
81
20
38
24
86
60
36
54
99
57
21
14
8
31
75
98
38
16
94
90
26
59
10
16
80
94
79
11
45
87
98
77
96
11
37
75
13
71
57
42
77
36
64
75
6
48
67
26
78
4
95
66
49
90
97
55
2
12
40
16
27
68
90
18
20
96
1
47
83
36
20
61
16
86
26
82
57
20
52
47
82
63
94
17
5
21
35
50
83
41
51
72
60
18
76
44
73
5
89
84
76
12
91
82
56
90
72
29
82
94
76
73
66
88
36
86
14
71
55
30
80
56
24
42
42
43
87
12
56
16
14
59
80
93
31
29
7
85
62
67
78
72
55
14
74
44
72
28
79
63
19
48
96
43
15
89
28
10
1
90
70
53
60
73
72
94
70
43
78
86
85
68
50
15
55
29
97
35
11
55
21
74
90
40
19
17
52
71
44
3
14
3
1
83
51
2
57
21
57
59
51
62
24
96
50
57
51
41
43
94
89
48
38
25
85
42
15
82
41
70
80
4
85
4
23
26
47
98
19
83
81
40
46
61
5
89
65
78
49
31
3
45
97
67
56
11
61
33
68
30
60
61
86
25
46
31
74
72
58
8
16
33
7
93
32
53
98
99
10
1
79
83
16
46
3
12
7
15
24
21
51
11
10
78
24
30
65
65
64
91
99
47
64
2
4
62
92
65
55
20
67
74
33
87
10
30
7
82
49
33
22
12
6
74
36
88
55
80
9
5
9
85
1
89
52
23
88
80
47
94
77
12
71
29
80
13
28
16
45
91
35
14
64
14
27
95
21
67
53
55
78
88
2
65
30
41
15
90
35
88
63
10
91
42
98
24
62
58
49
47
22
78
20
10
50
4
17
76
10
42
87
49
36
3
66
73
65
84
72
2
62
41
76
34
8
90
21
31
26
45
90
76
95
7
11
61
27
44
18
64
16
61
56
43
5
54
18
17
36
30
77
55
9
61
84
28
38
56
31
91
49
82
27
42
40
36
86
35
72
65
9
49
71
88
34
39
31
16
32
95
62
9
31
81
32
72
51
1
77
93
11
93
18
11
55
19
20
50
2
87
83
65
9
24
66
45
97
22
78
84
38
32
86
86
12
78
9
33
80
12
18
66
59
97
6
60
73
49
72
39
74
32
8
98
53
91
18
59
53
49
76
28
26
99
18
98
15
86
4
25
2
67
87
31
99
47
76
31
3
51
55
35
62
30
1
21
79
48
10
97
7
77
72
65
73
18
45
16
70
6
62
16
64
66
15
30
63
85
100
45
50
41
25
97
44
1
73
27
38
100
99
82
73
64
66
62
42
41
17
63
2
5
8
35
36
88
95
90
20
12
36
49
46
97
92
3
86
9
84
2
98
26
39
78
30
100
58
10
38
20
31
62
11
72
57
16
73
55
59
7
26
2
87
60
79
66
87
87
78
42
2
27
49
41
9
47
20
42
46
15
62
88
5
45
95
26
51
15
27
40
89
84
29
88
29
23
87
44
89
73
9
43
4
34
87
2
74
26
70
96
88
87
28
82
51
41
62
93
71
73
69
72
20
80
56
76
7
3
9
2
67
56
86
74
60
92
82
71
45
2
81
50
81
19
41
31
100
61
80
98
72
85
24
96
80
57
82
1
98
99
42
29
20
9
77
89
69
94
45
71
20
96
87
99
19
5
85
12
89
93
82
95
38
49
91
86
11
46
69
65
41
46
55
37
15
23
47
45
88
63
21
84
47
58
23
53
12
16
6
43
9
31
89
2
86
97
67
96
60
52
84
39
80
67
62
20
85
97
28
55
66
10
53
15
96
44
3
13
94
26
90
34
85
58
52
5
60
87
75
30
84
76
17
13
29
42
25
56
3
41
5
73
59
20
99
49
86
28
32
60
12
66
65
64
40
37
20
92
7
19
26
8
97
46
2
89
52
32
13
76
9
27
46
98
39
95
6
24
17
49
72
84
29
79
39
10
16
16
4
62
23
10
24
91
24
88
80
37
20
85
85
66
4
78
37
96
86
98
79
34
30
39
12
31
80
56
36
37
59
18
2
1
13
63
78
35
93
1
4
53
46
26
36
64
52
49
33
69
11
25
100
85
22
87
72
80
46
100
73
36
36
10
2
81
82
41
84
49
15
35
37
20
