250
50
51
12
89
73
81
80
37
21
1
28
9
75
83
54
61
32
7
42
55
31
98
92
32
89
10
2
96
29
47
48
16
94
21
100
42
31
6
93
38
52
71
38
25
82
65
44
28
91
80
37
98
46
75
13
25
87
50
18
6
95
95
15
50
70
35
46
11
9
91
49
10
96
40
23
7
34
88
26
25
10
32
68
4
60
52
98
92
69
4
32
26
72
4
64
92
5
36
3
31
63
50
9
81
48
98
31
65
66
87
30
4
41
63
11
50
22
15
62
44
22
87
57
76
91
21
61
79
87
35
53
45
74
9
51
40
47
61
20
85
38
70
60
77
73
69
45
100
9
27
85
88
87
83
16
54
60
54
89
60
75
99
94
13
27
42
42
42
96
25
34
71
4
85
91
12
33
87
21
32
3
62
1
20
77
39
35
86
90
27
86
83
36
57
96
47
81
12
19
31
85
97
28
8
48
56
75
89
36
65
56
94
84
43
40
34
32
91
2
58
42
30
85
40
1
68
20
36
97
57
41
1
25
47
66
63
52
67
73
46
97
78
57
21
100
31
94
52
8
16
41
