300
20
37
28
29
21
31
27
32
21
34
35
23
28
39
23
25
39
35
32
27
35
22
29
34
28
25
34
36
23
20
29
31
22
36
36
25
27
22
25
36
21
26
21
25
31
21
21
34
39
35
34
38
29
27
24
22
25
39
29
36
35
33
38
24
22
24
35
29
21
22
25
30
38
30
35
38
32
30
29
39
38
30
38
20
32
20
29
23
24
27
36
30
31
24
32
30
37
21
37
26
37
25
38
34
28
29
26
24
21
28
23
23
29
37
37
25
38
29
21
33
23
33
23
38
36
35
39
36
39
23
35
23
34
34
32
33
27
33
27
22
26
25
33
23
32
22
32
23
27
30
30
23
38
30
30
28
25
20
37
25
26
31
20
39
33
29
23
20
32
33
36
37
29
32
32
24
21
34
29
33
22
33
33
20
32
36
32
31
35
24
29
39
24
35
20
33
28
38
21
29
28
37
27
25
31
39
37
21
26
26
30
33
35
24
21
33
25
31
24
29
38
28
33
30
28
22
29
25
30
27
34
38
32
21
37
25
31
23
36
25
37
30
35
25
32
21
28
35
23
39
39
37
38
29
38
32
36
33
39
32
30
25
31
23
39
21
23
28
33
31
21
26
38
39
33
29
37
31
20
22
33
30
39
22
23
26
31
34
39
22
25
24
37
28
20
36
37
24
38
29
29
