450
90
135
79
23
73
37
5
106
81
8
21
135
129
154
30
57
174
163
39
137
43
23
97
153
159
60
151
63
90
81
25
8
175
67
168
174
75
140
17
49
127
1
129
9
159
71
122
16
113
108
89
27
168
162
16
148
61
174
20
35
83
50
179
177
170
172
55
95
49
85
90
54
177
99
67
68
121
52
179
4
107
112
100
8
37
59
48
139
134
147
89
165
4
145
167
154
167
52
126
49
160
162
20
76
107
42
119
45
138
129
135
43
103
155
79
98
137
147
100
22
65
101
156
143
38
11
167
94
33
152
73
79
120
162
159
23
129
24
114
81
163
122
119
65
159
149
39
177
131
92
134
31
81
23
148
89
38
117
37
167
113
46
83
69
148
129
134
94
95
30
172
56
174
22
76
120
145
51
20
107
116
37
10
119
111
25
163
84
151
118
42
22
157
67
24
134
157
109
173
32
152
97
18
31
137
151
14
164
80
143
14
117
11
95
36
23
58
70
154
54
104
176
99
45
176
101
68
33
155
33
96
163
46
165
63
107
82
31
162
53
43
140
69
29
161
129
149
31
106
105
131
115
63
2
149
35
62
15
86
66
162
107
161
22
147
1
15
109
123
169
78
77
125
45
81
65
155
151
110
53
125
89
78
142
127
45
28
19
100
3
82
168
103
5
5
115
32
45
43
64
64
105
69
170
89
22
120
161
95
75
65
119
162
76
134
54
87
22
42
132
103
41
158
119
61
26
162
115
23
130
126
146
15
50
148
21
157
135
45
71
42
113
117
88
139
154
124
29
10
170
23
18
90
18
17
12
174
118
39
84
121
8
18
43
148
99
111
124
171
152
68
52
35
157
159
175
91
38
91
105
85
167
23
3
44
116
37
55
89
102
73
9
86
21
33
177
136
94
159
124
52
156
129
10
109
56
73
45
123
163
152
159
81
93
121
79
159
125
119
22
19
72
160
20
22
73
60
177
144
121
27
7
168
76
48
5
47
140
147
119
121
126
82
128
87
117
4
1
147
35
164
