900
60
16
59
91
92
81
33
23
45
83
66
61
49
87
29
16
102
72
12
4
33
7
73
66
52
59
87
53
111
100
63
83
58
88
24
81
33
88
34
3
2
80
69
103
10
13
97
105
113
25
110
38
27
20
113
44
19
89
88
107
11
40
106
114
55
115
101
15
28
31
70
52
32
119
97
3
72
12
7
104
63
114
15
35
15
57
56
108
75
13
57
10
74
96
5
85
31
57
3
1
112
117
89
27
45
42
111
119
105
81
116
105
57
48
13
105
10
47
113
100
5
89
113
90
15
89
119
76
98
30
96
33
76
15
74
69
106
58
45
67
24
42
1
86
54
87
58
47
64
10
99
119
40
111
66
4
76
78
8
33
1
115
76
31
115
68
93
48
9
14
116
2
37
47
112
92
40
9
78
72
40
53
29
113
34
7
49
109
92
79
15
99
81
73
100
93
10
73
82
5
14
106
108
110
74
61
16
49
74
86
90
113
82
51
44
53
89
64
6
67
113
44
6
81
23
14
37
72
95
19
80
32
119
12
119
93
45
84
49
56
53
90
84
2
60
105
24
38
109
89
90
34
13
37
53
94
5
63
85
102
9
101
90
15
109
46
100
108
65
75
62
18
40
69
59
12
97
99
9
67
61
62
111
39
93
115
78
55
75
14
79
43
113
94
75
112
41
36
78
89
83
9
60
1
78
77
24
32
50
66
100
66
91
83
90
64
44
87
94
64
74
9
96
71
27
39
98
8
28
75
102
38
117
41
108
78
98
60
16
116
61
82
58
98
96
117
33
72
97
58
87
70
108
72
72
13
75
43
78
59
117
64
50
90
64
34
59
10
73
77
109
36
118
6
97
112
44
86
80
88
42
98
68
32
111
91
18
23
57
89
111
84
113
117
82
113
1
38
108
44
19
56
45
109
83
33
97
73
19
15
7
40
4
77
13
36
83
97
105
39
105
88
2
16
63
15
65
96
91
53
47
20
4
7
111
48
58
32
60
30
7
72
16
10
59
102
98
119
5
70
43
82
85
51
2
95
74
56
25
86
66
32
32
37
87
90
61
80
35
94
89
30
71
15
112
73
18
116
76
96
11
2
30
61
19
3
40
18
37
57
71
12
4
117
77
49
85
62
37
15
1
70
77
89
36
90
46
16
2
103
27
71
8
115
25
41
42
110
27
72
75
44
72
67
45
102
115
68
12
104
30
55
49
21
46
22
48
33
59
35
81
26
119
30
117
117
90
41
22
106
13
110
95
30
90
117
52
75
30
59
46
20
19
95
56
84
16
28
95
14
8
90
25
78
31
96
7
7
6
116
90
52
67
104
64
55
79
59
47
15
102
101
51
98
77
29
117
93
14
107
82
50
73
43
45
104
57
6
116
13
27
17
69
1
23
30
44
75
57
41
15
110
79
101
109
2
53
26
79
90
5
94
28
54
46
12
56
24
39
41
103
98
80
50
21
99
43
13
41
93
96
2
5
114
11
1
4
77
44
64
21
119
39
78
25
90
31
87
88
80
33
29
55
45
18
4
89
67
72
53
97
96
22
99
7
59
13
55
11
116
11
116
22
28
25
115
44
81
94
34
27
10
22
55
22
16
105
94
91
117
101
15
71
101
56
100
15
75
53
7
25
43
109
97
80
89
94
23
29
67
13
102
18
98
40
21
51
39
69
82
48
95
28
27
27
1
36
10
79
41
8
98
34
75
70
112
30
55
46
67
10
55
100
66
92
20
50
23
22
76
73
71
1
16
101
104
67
99
80
59
30
31
31
62
89
78
59
80
80
13
44
12
33
15
31
22
26
45
35
100
86
76
92
16
50
119
7
55
100
116
103
119
62
94
104
66
53
89
60
53
28
73
23
92
9
92
59
102
33
99
51
88
76
18
8
44
65
24
64
12
69
116
61
69
2
58
41
101
11
113
34
42
19
55
44
101
90
87
117
62
70
3
90
75
106
69
38
18
100
114
11
106
22
93
70
113
99
103
40
60
6
12
69
87
118
7
9
119
43
42
24
32
76
95
112
78
83
37
112
7
62
