300
30
5
1
10
9
7
5
3
5
7
7
8
5
1
10
2
10
1
6
1
4
8
8
10
4
4
1
7
4
6
2
10
9
5
1
3
6
5
6
10
5
4
9
10
1
6
5
6
10
1
5
4
2
8
5
2
9
10
4
1
5
3
2
10
8
1
1
5
1
9
2
2
3
5
5
9
1
6
5
8
3
7
3
5
5
7
8
8
6
3
9
4
10
3
6
9
2
9
9
7
2
10
4
5
7
6
4
3
2
6
9
8
7
4
6
9
1
6
9
8
3
3
7
10
8
7
5
6
7
6
9
10
5
7
1
10
10
9
1
2
8
10
5
2
10
3
6
5
2
7
8
2
4
7
6
10
2
2
9
3
4
10
10
5
10
6
10
7
2
3
9
4
8
10
4
2
6
9
5
6
9
6
7
1
5
6
6
10
5
6
8
8
5
9
10
3
4
1
4
6
3
5
4
9
6
9
8
10
10
9
2
10
5
2
3
6
5
8
2
7
4
6
10
9
4
8
2
9
6
9
2
2
10
3
10
10
2
9
4
10
3
6
9
3
9
6
9
4
2
8
3
6
1
3
8
6
4
6
8
10
10
1
7
6
3
6
10
3
10
6
8
4
9
7
10
10
5
9
6
5
10
4
10
4
1
10
10
4
9
7
8
6
3
1
5
1
6
8
10
1
3
