181
90
612
1112
383
1030
1435
146
1014
1438
776
192
1741
1800
1193
785
1748
725
1114
620
1375
89
896
932
1515
1060
1350
1745
1394
898
702
1634
682
1143
1048
115
1721
507
1236
250
802
140
1511
787
1714
853
1431
541
1412
48
685
1497
1019
786
1355
2
1656
492
551
1782
1296
251
172
1377
999
266
1204
1533
1688
1424
568
1521
647
1790
834
77
493
1441
128
741
1496
1443
134
618
1530
1274
785
1724
1676
1762
139
592
700
733
364
1210
1036
1168
1804
1503
491
1764
681
722
1666
124
612
42
917
1031
925
772
829
1129
529
1724
803
1451
974
1313
1323
1214
841
148
1326
970
382
798
1380
1369
259
1026
1621
585
1070
510
1408
677
535
445
1124
844
1270
247
43
1395
15
1268
1578
965
519
1797
650
1645
442
690
498
961
908
1491
1317
879
1542
912
1630
1531
420
1390
111
1253
38
551
1607
1245
937
902
39
761
52
1799
1598
1704
1723
