600
60
51
83
85
84
22
58
44
62
39
96
41
12
18
55
29
34
15
50
42
3
74
7
87
55
4
56
4
15
98
54
91
69
99
56
59
41
19
90
62
61
77
58
13
32
11
84
83
82
27
39
39
97
72
76
11
76
22
47
97
90
75
39
86
11
76
63
95
38
21
31
50
88
27
1
2
61
100
79
98
83
40
20
21
75
69
22
55
36
70
48
21
96
29
52
53
36
83
48
55
95
14
80
49
6
97
88
18
38
22
7
47
12
29
2
72
57
46
52
5
86
40
23
97
87
100
100
53
45
95
68
71
77
72
82
18
6
15
71
41
71
3
58
26
80
5
52
35
46
22
71
82
27
67
51
23
30
78
45
59
41
83
68
38
26
64
82
13
37
35
74
72
1
3
65
81
76
63
4
85
54
33
57
32
37
47
25
36
4
69
27
73
37
5
87
70
73
21
8
52
98
55
90
20
73
85
48
43
75
86
58
35
49
26
61
14
25
64
87
90
27
15
5
53
41
69
83
30
13
6
56
38
91
59
32
52
56
74
56
61
62
49
38
41
82
29
37
5
41
65
47
76
60
27
46
39
45
2
29
30
100
70
55
14
33
52
38
75
46
97
92
32
61
31
53
87
45
8
90
92
55
79
98
69
12
37
25
17
29
35
2
9
74
88
43
61
72
54
38
74
65
57
41
54
73
2
32
69
87
56
79
57
49
80
84
88
36
81
72
65
31
83
28
42
95
23
29
67
2
22
24
17
31
79
13
2
40
52
66
70
8
69
61
60
45
12
25
20
50
33
46
39
46
33
58
84
58
37
49
61
55
5
68
88
49
57
28
7
67
92
96
59
58
99
76
81
42
93
90
22
100
74
77
45
67
83
76
68
45
20
16
99
41
97
83
87
2
49
89
53
42
18
20
30
77
93
36
60
87
28
85
25
20
81
72
30
88
26
39
14
60
13
100
77
62
73
26
2
96
54
40
50
80
62
100
40
95
68
36
56
75
91
98
95
74
29
22
11
50
37
89
73
55
19
10
82
15
63
81
58
56
97
97
57
82
78
46
75
93
49
77
80
83
26
35
87
47
48
65
5
30
18
25
96
26
26
96
85
90
53
15
32
38
12
95
23
38
100
17
38
72
60
38
21
36
80
98
37
20
55
41
98
86
46
21
89
65
38
54
15
37
83
19
58
64
31
11
10
20
10
16
51
26
40
41
18
23
88
13
71
35
41
20
35
69
21
68
42
61
74
21
38
15
82
76
74
73
95
93
76
75
93
23
47
98
13
69
50
33
63
57
45
95
26
30
86
9
75
62
94
97
31
16
69
73
8
2
87
42
47
7
31
54
49
6
5
12
95
80
49
70
