1350
90
57
43
2
16
78
8
21
36
92
99
6
36
72
41
52
73
45
86
73
49
100
3
47
24
22
27
17
46
3
45
3
83
91
95
15
74
29
74
23
95
43
96
67
10
62
28
45
33
38
100
32
23
22
28
58
93
59
64
19
64
93
22
5
47
17
25
89
64
35
37
14
88
6
50
59
46
31
71
5
91
37
22
59
61
88
9
96
49
94
54
2
4
2
9
76
58
34
20
13
86
87
62
48
67
23
27
14
8
59
100
56
35
4
35
67
39
48
85
62
97
22
44
7
48
88
73
8
75
29
57
12
100
32
58
57
79
31
15
68
7
59
71
38
83
48
34
32
4
21
51
26
73
66
14
67
27
25
53
63
86
17
35
57
78
45
69
45
9
25
20
2
4
7
59
73
61
3
15
99
16
24
23
24
54
44
31
40
83
62
16
92
36
33
78
7
87
40
40
40
21
95
10
21
71
46
45
67
29
64
57
95
11
45
39
99
57
8
42
71
76
69
57
1
15
97
52
83
8
91
56
23
95
84
45
76
61
16
47
22
82
19
50
9
77
40
35
41
29
19
74
76
19
83
64
71
65
18
87
26
54
7
34
24
41
4
62
88
60
22
29
13
29
3
50
15
60
40
16
4
30
67
48
42
64
45
72
82
14
28
94
38
82
33
2
18
22
91
40
45
66
45
69
15
91
41
35
30
38
26
96
17
12
66
87
52
76
48
61
72
58
23
68
57
31
41
35
73
98
61
30
14
23
33
26
42
65
70
33
72
57
100
57
40
5
53
69
38
76
72
9
79
12
53
35
13
8
57
61
12
19
80
41
91
50
25
15
18
45
68
99
99
89
1
50
6
73
85
5
36
25
22
74
38
26
34
36
70
87
77
8
33
75
47
99
55
96
61
76
65
21
9
62
73
77
23
54
5
88
84
38
68
78
85
63
57
77
49
23
11
30
59
83
10
23
15
83
14
19
70
49
8
93
97
31
84
34
63
98
49
78
73
37
61
27
2
30
85
41
32
72
94
13
69
86
43
56
24
38
26
76
17
96
76
53
47
44
84
34
85
31
26
82
18
74
51
32
78
10
1
42
54
28
14
18
84
54
98
36
99
42
69
70
24
21
49
1
92
53
57
95
47
55
92
46
36
27
92
29
96
98
62
3
97
84
8
72
48
62
68
7
8
11
56
3
12
45
37
93
72
57
32
11
44
38
51
41
89
97
71
17
51
82
90
93
98
63
52
77
51
50
6
97
27
2
15
66
85
59
75
20
30
79
7
63
52
76
93
97
24
71
100
47
13
33
56
70
21
67
17
42
60
37
90
51
48
100
77
59
36
59
17
99
86
76
78
93
30
59
47
25
79
40
46
86
42
60
47
16
58
95
99
68
89
27
93
100
75
59
57
69
95
21
63
60
82
84
50
26
6
28
60
78
51
63
22
40
27
66
17
91
74
62
97
17
79
24
72
76
70
26
13
29
27
17
85
52
44
2
91
44
8
79
21
28
23
34
98
42
69
5
94
87
72
62
20
44
94
31
8
98
92
89
53
72
1
99
78
93
97
59
99
1
81
47
34
50
59
50
68
73
12
99
9
65
26
15
84
46
27
32
55
95
79
11
35
31
57
87
25
21
41
95
70
38
77
3
77
7
19
69
12
41
80
89
78
72
16
79
92
41
2
66
99
14
18
65
48
38
89
43
3
17
91
86
21
81
3
71
66
33
65
78
64
93
54
5
50
40
69
91
57
99
4
17
2
4
7
2
29
13
50
80
88
61
26
25
11
6
98
65
70
56
23
35
14
100
72
67
39
100
75
99
91
28
82
48
13
36
90
54
69
97
23
53
83
40
29
9
17
78
71
79
89
75
28
29
51
78
10
51
36
83
71
88
91
78
39
8
58
78
7
27
4
64
37
10
27
11
44
12
80
57
90
99
85
14
29
41
88
83
41
92
36
80
13
99
100
100
10
90
69
56
30
96
2
11
57
11
54
69
89
94
55
85
81
22
29
11
59
44
90
41
83
79
19
99
80
13
56
28
20
48
30
74
99
92
68
83
75
32
62
86
48
30
93
84
81
73
66
67
30
74
99
37
32
5
73
85
95
28
83
63
75
55
76
8
35
27
32
8
92
61
94
3
39
90
55
6
18
5
74
56
93
29
92
74
10
100
74
13
58
28
97
80
46
35
32
19
46
100
82
56
12
7
81
57
4
56
15
71
31
40
14
5
47
57
46
85
18
35
5
46
72
8
100
87
53
12
63
70
15
79
59
82
12
99
17
49
96
68
78
25
6
29
51
13
6
62
15
28
7
29
15
96
1
90
57
17
84
35
9
95
11
81
34
9
77
30
16
43
66
12
95
85
80
19
53
90
46
17
40
55
11
6
78
62
92
2
95
53
9
54
10
36
91
42
98
41
6
94
95
43
12
50
69
12
82
54
43
81
40
96
90
41
21
81
71
89
64
39
75
92
71
81
36
61
72
17
11
49
53
24
43
61
50
54
56
19
22
13
12
97
73
37
73
71
70
94
50
25
99
68
41
3
22
89
95
79
51
29
48
23
18
78
56
7
94
23
28
18
91
40
70
77
28
82
52
7
75
100
18
15
29
4
1
48
54
78
53
13
97
20
4
30
64
81
25
12
19
17
18
11
72
82
68
82
90
31
28
24
31
72
85
21
37
62
68
36
17
30
36
90
27
53
13
50
68
12
71
51
21
47
69
14
32
84
41
42
63
2
48
33
83
11
10
67
89
19
68
53
77
9
62
87
6
47
8
87
51
67
6
89
48
36
96
13
26
75
74
11
37
63
63
49
7
28
69
53
24
18
27
34
91
2
36
80
15
84
10
10
97
91
79
2
95
84
82
20
94
6
65
37
15
11
61
96
67
11
2
33
65
29
31
92
65
87
46
84
96
60
7
40
45
44
91
41
57
19
23
2
41
16
34
60
76
48
55
73
40
63
68
19
62
73
2
11
66
85
70
14
44
62
87
34
25
78
25
8
2
40
90
54
69
24
66
72
85
77
59
72
37
98
29
33
27
29
67
19
34
38
