300
60
97
69
99
69
108
68
99
118
97
62
63
95
106
107
93
98
81
109
116
79
82
61
93
70
76
114
74
96
103
73
80
96
83
96
72
98
103
111
62
94
61
117
85
96
89
101
70
66
66
79
91
60
64
65
115
119
89
108
69
101
70
87
115
83
67
76
66
79
100
82
116
104
65
112
92
97
115
95
84
73
98
63
84
62
117
97
82
65
99
109
96
97
99
118
82
111
99
113
89
101
94
93
72
82
73
117
116
77
86
83
89
78
70
99
88
66
84
113
77
116
87
67
69
69
90
104
78
118
70
62
91
102
88
84
73
106
81
81
113
73
89
116
73
96
81
116
105
102
109
113
113
74
91
69
63
113
96
85
62
101
70
113
110
74
104
65
89
99
73
101
65
89
75
71
118
116
118
78
84
67
111
65
86
111
67
101
67
95
61
95
93
111
108
105
113
82
75
79
78
86
63
82
86
85
94
104
75
73
64
119
92
64
99
84
82
104
88
72
76
77
94
112
61
98
116
60
69
77
76
106
64
111
112
110
103
66
103
70
106
74
69
96
79
89
108
114
104
73
79
76
96
60
105
82
107
108
108
113
83
83
89
95
87
106
73
87
108
75
88
116
73
62
68
68
79
88
116
84
87
113
74
99
71
115
72
113
91
118
102
73
113
116
104
63
90
79
112
94
66
105
