1200
80
97
78
158
154
40
81
70
19
84
108
41
19
49
142
56
103
129
76
90
23
15
106
113
134
50
127
128
142
121
7
125
91
98
107
79
39
149
62
158
32
141
26
108
94
119
18
78
46
34
58
22
63
89
65
43
138
82
118
127
65
48
122
91
45
147
109
121
46
15
50
145
143
121
128
66
104
45
44
82
15
138
17
57
60
88
50
27
156
85
21
131
59
121
82
66
56
116
28
61
110
110
26
158
53
136
21
10
29
149
88
156
50
92
145
142
12
119
134
123
134
82
10
94
146
54
7
47
80
37
44
53
45
76
137
51
9
101
74
57
101
75
115
99
17
86
90
16
11
119
107
85
56
29
141
54
93
52
82
101
20
87
121
151
102
115
57
72
27
28
22
11
5
109
41
31
20
3
7
147
158
55
98
50
25
120
122
11
60
88
146
63
6
21
2
90
33
82
148
5
76
100
39
52
4
142
46
94
61
12
153
84
1
76
16
41
35
83
147
47
113
116
98
6
57
47
149
39
143
140
123
66
13
143
40
1
142
116
112
69
98
68
98
67
18
14
66
140
152
35
126
102
48
129
44
122
37
36
108
102
159
30
76
69
157
36
153
132
114
27
40
155
69
58
106
44
53
99
92
50
109
18
45
152
67
94
19
103
29
41
80
129
10
139
77
73
46
18
157
77
53
23
145
41
18
114
135
105
18
20
66
98
4
64
43
41
123
15
92
82
30
8
148
25
115
144
30
77
75
121
91
152
35
20
55
70
109
139
10
95
156
147
15
134
59
158
151
109
65
144
134
6
85
145
122
134
130
77
51
135
73
8
143
74
67
62
81
76
156
100
131
57
42
149
47
75
104
49
113
59
147
124
151
72
19
66
27
33
16
32
119
97
13
22
79
144
66
135
44
98
98
121
150
51
138
126
85
26
90
100
110
93
134
48
19
75
30
56
15
13
41
32
136
97
22
62
130
154
15
106
106
24
106
122
26
81
60
94
44
159
90
35
34
86
98
52
27
55
3
89
41
34
14
141
155
75
18
31
156
123
18
2
16
12
29
78
128
139
62
121
64
135
54
89
111
76
56
105
84
35
103
68
103
14
42
141
86
156
134
137
155
50
33
80
87
157
3
16
146
84
121
30
59
97
61
20
136
120
153
72
24
118
132
148
3
126
101
31
75
8
27
62
65
108
41
88
84
48
150
3
45
141
114
50
61
94
98
120
131
13
134
105
14
134
155
53
69
4
146
69
78
110
90
22
129
155
154
111
123
82
9
30
14
95
109
150
86
121
127
48
153
150
96
5
3
96
81
95
50
150
138
116
88
76
142
45
40
61
137
34
28
157
77
124
39
24
3
2
10
19
66
105
115
147
56
29
106
57
26
49
103
158
30
96
31
156
133
71
69
7
86
97
63
101
34
30
108
23
39
60
111
157
123
49
91
86
104
101
120
23
143
101
84
42
140
134
34
138
67
16
134
13
108
113
126
135
108
36
33
6
51
54
84
33
73
102
100
63
24
7
127
147
156
4
78
49
100
57
33
19
101
128
75
12
128
142
24
121
88
84
102
69
152
64
75
109
40
111
68
106
38
65
77
107
26
145
139
92
128
36
62
129
16
127
131
133
136
123
22
100
101
113
61
23
156
129
79
131
104
27
103
91
138
110
120
118
37
88
100
116
99
62
147
43
146
64
80
102
94
55
143
117
79
55
127
31
142
137
134
143
63
68
17
72
3
47
155
34
84
30
56
47
155
121
31
76
99
10
27
58
156
102
94
58
78
11
152
36
10
9
139
4
136
15
39
94
85
52
50
102
2
82
37
113
138
96
86
158
155
130
145
64
5
93
17
95
134
62
109
85
70
103
158
17
101
150
79
117
154
74
94
72
99
115
35
88
106
11
85
82
23
47
111
54
118
21
127
109
148
102
82
144
36
45
25
70
111
127
16
113
73
153
58
48
49
63
134
48
134
61
17
154
54
15
27
102
123
6
74
40
49
55
4
128
97
103
66
117
105
7
104
126
46
23
30
70
44
90
24
83
8
64
75
113
145
21
1
7
84
44
84
125
5
109
58
104
129
52
136
159
155
14
56
156
34
151
23
62
69
8
111
27
147
152
56
3
148
150
139
109
22
56
77
33
26
3
114
157
105
125
38
16
5
38
117
135
85
38
125
53
95
120
32
11
6
12
91
130
22
11
47
58
124
120
105
99
143
79
2
95
152
60
5
68
51
98
4
89
107
28
141
54
16
123
20
9
50
112
56
58
83
2
47
158
16
96
19
45
32
68
58
156
131
21
12
133
76
81
125
90
154
40
148
21
145
43
143
137
143
62
10
44
125
116
132
97
16
102
95
132
95
138
126
111
26
25
30
49
127
29
87
56
157
79
58
10
123
97
18
60
117
155
117
70
53
52
124
58
149
114
132
144
34
143
105
25
79
135
123
105
157
65
56
3
88
131
67
35
62
32
53
52
6
130
103
153
103
148
92
62
147
156
152
91
92
122
5
74
12
32
101
37
26
114
40
20
126
72
35
99
40
144
57
11
114
152
11
159
23
152
86
10
79
112
53
30
122
92
35
90
56
146
68
114
44
131
154
104
96
131
36
81
47
140
136
24
123
141
48
95
22
3
80
41
112
23
34
88
2
15
90
73
137
71
19
32
106
40
134
151
41
109
145
77
137
107
92
26
90
92
65
7
106
55
137
2
70
40
98
75
124
