600
60
104
98
70
109
103
104
70
109
91
116
115
69
96
119
82
97
94
105
117
103
88
80
110
62
71
85
70
62
114
103
114
65
86
114
108
110
86
83
114
61
106
107
84
90
95
72
114
97
68
85
90
98
93
101
66
67
61
106
67
116
73
108
87
97
104
107
110
68
85
75
70
94
66
84
119
95
109
87
78
79
107
79
93
63
62
65
92
61
64
102
99
86
100
91
105
80
74
83
94
73
80
91
115
114
111
97
99
119
77
78
86
112
101
62
116
107
96
72
84
91
63
86
92
81
76
118
86
70
100
112
75
93
63
103
88
63
82
96
77
64
97
75
77
94
69
86
98
80
64
72
98
73
103
115
72
101
114
118
60
74
91
81
80
81
83
70
63
78
105
61
102
96
80
88
84
83
62
67
99
106
101
63
80
104
92
93
86
81
96
109
72
112
107
103
84
78
97
111
98
103
118
77
69
61
102
110
103
77
116
91
64
114
62
119
65
68
109
78
70
119
83
90
62
92
61
104
63
65
107
104
85
91
112
96
113
99
104
105
103
67
61
79
109
69
73
86
82
79
103
115
78
83
116
92
117
89
99
74
101
117
117
102
80
117
94
79
116
78
86
76
76
90
80
96
109
99
109
109
80
93
63
87
74
63
69
108
63
77
84
97
102
84
97
77
100
109
96
100
108
105
107
70
63
60
105
105
66
89
71
107
71
115
96
104
76
69
91
70
99
67
105
79
108
79
97
116
100
110
87
86
69
90
65
78
111
85
69
109
77
99
109
74
76
70
105
67
83
69
73
101
74
104
65
115
110
105
90
89
86
65
118
110
74
61
101
77
102
71
87
72
91
112
102
101
71
68
107
67
60
99
103
77
99
64
84
76
77
87
101
66
71
101
61
101
84
114
62
77
71
62
114
83
82
65
93
67
98
95
79
103
97
116
86
98
92
70
61
113
113
67
89
70
78
100
67
71
98
72
61
109
72
73
66
68
104
72
95
111
87
83
110
67
95
66
99
90
100
76
75
103
63
76
90
105
79
109
87
68
88
85
86
66
116
83
92
112
65
114
82
116
106
99
102
90
78
99
93
84
111
72
115
107
80
99
100
105
84
85
112
110
74
64
98
119
98
103
118
112
107
101
67
105
70
113
119
81
74
115
86
102
113
85
91
105
113
76
74
116
75
93
92
87
63
72
65
91
116
118
109
101
110
65
106
77
88
114
87
108
84
92
71
78
119
78
68
117
96
61
88
90
65
119
62
85
108
78
106
78
96
87
114
69
82
74
102
75
66
106
90
101
86
106
94
60
107
102
72
65
113
86
112
72
77
85
92
94
112
95
107
82
82
103
118
115
69
79
78
64
76
111
