200
20
8
21
25
17
23
13
8
19
30
16
17
21
22
39
10
18
4
8
39
27
22
9
39
20
10
11
26
13
22
15
4
3
34
2
19
17
38
23
4
16
6
1
4
4
8
22
17
31
1
1
38
23
26
7
10
14
15
17
4
13
10
15
28
11
26
12
18
10
27
32
9
30
9
39
17
10
28
2
3
22
11
39
21
12
23
32
35
6
17
1
38
15
15
17
34
21
1
22
12
36
23
28
38
29
30
28
23
38
33
7
6
11
13
34
32
36
9
34
6
26
16
39
13
16
21
14
17
8
21
14
30
39
20
18
36
16
7
28
12
32
2
4
6
4
3
22
18
36
6
10
38
25
4
12
23
2
31
23
7
5
2
17
10
34
39
32
27
24
14
11
34
21
19
2
17
23
14
6
12
8
3
22
21
21
23
17
2
33
20
32
16
3
2
14
18
18
14
23
5
27
