300
60
28
29
34
35
50
79
41
64
85
24
96
69
72
24
11
18
62
5
95
94
88
12
78
3
84
30
44
30
36
78
49
1
69
39
64
47
15
88
6
52
87
100
34
46
75
75
96
34
97
96
63
28
34
58
83
67
28
30
42
94
14
100
14
2
25
65
76
42
58
23
31
28
67
92
89
97
82
80
9
66
95
75
26
93
80
4
34
16
4
25
67
27
78
100
75
54
8
33
49
56
4
35
95
20
28
22
87
98
1
22
4
95
69
22
39
6
66
23
50
22
37
34
27
31
70
80
59
77
23
98
24
86
67
26
95
69
93
62
86
1
52
59
25
53
13
62
56
25
71
81
53
67
69
30
14
54
13
64
87
61
94
33
95
8
1
6
82
33
46
51
50
30
53
68
8
28
86
20
66
93
37
46
88
80
88
56
64
58
93
95
35
1
66
43
50
51
58
31
75
45
90
92
83
26
90
89
46
49
38
93
8
59
78
96
72
59
89
60
77
100
84
29
26
70
39
63
40
49
34
64
48
46
68
30
5
28
10
24
53
45
97
35
64
71
76
4
72
33
91
21
82
51
62
69
55
37
89
95
63
53
28
75
38
57
52
33
16
81
58
49
53
48
69
12
74
4
86
36
12
56
19
56
40
1
93
29
57
58
80
59
98
43
17
33
51
24
59
12
16
10
