300
60
2614
2645
390
1139
1199
948
2008
2435
287
1943
159
1136
1263
1771
1425
1915
2101
841
1903
703
1010
2480
104
179
1636
1728
857
1898
829
851
226
2737
2706
2195
2275
491
2133
2794
2092
1922
2960
2523
2145
2102
2592
2153
719
1947
292
627
67
655
2164
2215
1800
2449
211
1427
1823
2266
2162
2621
1021
1100
2620
716
493
721
1992
1938
663
2161
1768
207
2847
663
1428
177
679
2715
1020
892
1501
2202
60
1409
2533
613
2629
501
1473
2591
1432
938
2073
2398
192
371
1934
95
268
210
941
1724
2744
2118
847
2829
2470
2056
732
723
2058
2148
2588
1882
1718
1656
60
1959
2994
2961
2514
1496
1440
2438
340
2626
2394
2290
252
1300
1161
1253
1248
43
1410
1768
2915
1257
1570
1880
33
1079
1555
2508
2923
2620
1360
1982
1062
1552
1161
2456
1294
660
1454
2126
2191
638
891
1144
896
2623
840
2800
2884
179
2815
276
962
2410
20
1285
2718
2232
140
1255
680
2733
2585
1411
2236
752
2901
1245
2652
1943
2959
2
895
2269
1375
1414
294
2736
2086
509
1844
231
809
2629
349
1532
240
796
2056
2749
2466
737
460
1906
1541
1876
1378
1308
351
2923
2452
2055
2838
1777
1860
1539
1848
1998
1136
966
2795
2356
1459
91
2464
644
2683
2025
1670
976
2763
2498
580
651
1349
269
2273
518
1556
1948
1251
2998
1561
1306
2466
901
1387
1102
1657
2955
1738
2649
2959
1153
990
1892
571
2475
472
152
2398
855
1912
2372
1927
774
1500
2515
2077
2977
1056
1229
1227
2145
1594
2318
2615
1653
1406
283
560
2545
1178
1334
2647
2659
397
2671
1924
1099
819
68
