240
80
103
103
100
102
98
104
99
101
105
96
95
103
98
101
105
100
104
104
100
99
105
96
96
96
104
96
100
104
103
96
100
98
104
99
98
103
101
99
102
95
105
100
101
97
99
98
98
104
100
100
97
102
101
100
105
98
98
95
95
105
105
96
100
95
103
103
96
97
95
102
98
95
100
97
95
96
100
98
104
102
99
104
97
100
99
99
99
99
104
100
100
100
98
97
101
99
103
102
103
99
100
96
102
102
96
100
100
105
99
97
101
100
104
98
97
104
97
99
95
103
99
104
103
102
103
104
95
102
104
98
98
100
97
97
99
99
103
104
100
95
97
95
97
105
100
100
104
96
101
99
105
98
105
100
104
105
100
97
105
98
100
98
98
103
99
104
105
102
102
95
99
99
96
105
105
103
101
97
102
101
103
98
99
102
96
103
95
101
105
105
102
101
101
102
96
96
98
98
95
101
102
98
100
100
100
101
102
100
96
98
97
102
95
95
101
99
101
99
104
98
104
103
99
101
99
96
101
97
101
105
96
101
101
97
102
97
97
101
98
95
