500
50
3
1
8
10
9
5
2
9
6
10
4
10
10
3
8
1
1
9
3
2
4
3
7
9
2
8
6
10
4
10
9
10
1
9
3
2
1
3
9
1
10
4
8
4
2
1
3
2
1
1
1
7
8
4
4
1
3
1
7
9
3
7
6
1
9
10
5
3
2
6
9
6
8
2
4
4
7
8
10
8
2
10
4
10
10
5
9
3
8
5
6
4
8
7
2
9
2
5
6
3
2
7
9
10
8
1
10
8
7
2
8
10
7
3
9
10
8
6
9
4
5
9
10
7
8
7
9
1
5
9
4
2
3
9
3
10
5
7
10
2
4
3
3
7
4
10
9
5
3
10
4
6
6
5
1
10
10
9
9
6
5
4
3
4
6
8
1
7
6
2
6
10
6
3
2
4
7
2
3
3
1
2
7
5
6
7
2
10
2
10
9
2
4
3
6
8
1
2
9
3
9
2
10
5
10
10
6
2
1
9
10
9
2
1
2
5
2
10
1
3
5
4
6
9
1
5
5
1
2
2
2
7
7
10
7
9
3
6
4
9
3
6
3
8
7
9
10
5
5
6
7
2
9
8
1
1
6
1
1
4
9
4
5
3
3
7
2
1
6
8
10
9
6
8
7
7
4
5
4
6
9
4
5
9
1
5
4
7
1
6
10
5
8
4
8
8
2
8
7
5
8
9
5
10
9
10
7
8
1
9
2
9
2
5
1
9
6
9
1
10
2
9
4
6
2
8
5
1
2
9
4
10
9
1
2
8
6
10
1
2
2
4
7
10
1
3
9
2
5
4
7
2
6
10
7
3
9
3
4
6
6
2
2
10
10
10
6
9
3
1
6
4
5
8
1
8
9
3
10
6
10
3
5
10
4
8
10
6
2
7
8
10
4
1
5
7
9
8
3
5
8
5
2
9
8
9
6
3
3
1
10
8
4
2
4
3
2
10
1
8
1
9
9
1
3
5
4
4
2
8
3
8
5
4
2
8
2
2
2
9
10
6
1
5
3
2
5
10
5
8
10
2
5
6
8
7
4
9
9
6
9
1
3
4
6
1
8
6
6
8
6
2
9
2
1
2
7
9
3
9
3
3
6
4
2
7
3
5
10
9
9
5
5
6
8
8
4
1
8
3
