300
60
117
41
3
30
25
54
65
40
42
70
51
114
105
21
88
2
53
112
113
50
98
35
73
56
17
88
99
31
15
67
45
43
58
101
43
31
92
11
19
23
96
62
81
56
99
102
68
114
24
38
49
19
82
94
45
82
109
83
59
42
86
98
60
5
114
9
52
25
96
42
83
29
57
16
94
57
73
43
3
82
105
45
47
42
26
18
78
26
100
85
28
62
9
101
117
82
10
84
113
119
84
53
17
106
94
89
88
83
1
54
11
56
6
21
115
10
90
87
80
111
100
16
10
27
70
110
49
27
20
58
69
96
40
58
103
87
72
45
49
78
31
65
59
24
40
100
68
96
15
103
64
35
86
47
104
14
24
45
69
90
39
100
76
104
46
48
52
76
18
23
22
103
102
116
42
85
5
12
32
88
57
2
115
6
69
84
29
88
40
44
49
33
69
20
7
115
48
18
69
114
42
116
7
73
61
98
53
80
31
106
117
26
97
86
69
37
69
7
20
117
4
56
44
23
79
66
100
115
59
83
2
113
79
110
14
87
34
11
19
89
21
50
80
77
61
56
117
9
34
48
23
66
110
18
30
32
111
108
37
49
45
62
74
93
10
116
54
21
83
99
64
20
73
31
22
13
82
22
19
35
61
64
29
85
20
114
83
14
109
15
8
13
55
12
29
36
97
111
79
61
