900
90
42
42
95
32
78
57
83
46
58
65
83
22
83
62
95
99
77
7
29
53
22
70
60
86
36
56
46
50
82
39
3
38
80
23
13
78
24
46
62
53
82
53
1
84
97
3
95
71
22
3
79
15
12
72
56
41
64
77
14
40
64
60
95
68
50
88
3
56
55
24
1
47
78
36
88
15
66
90
17
66
86
46
100
52
48
56
20
1
42
99
27
10
45
5
18
68
44
21
66
63
21
15
87
11
65
12
20
10
17
99
6
93
90
46
94
54
82
30
26
90
37
3
31
97
42
62
60
46
74
87
98
25
28
64
18
94
40
79
38
18
94
71
12
57
27
44
70
96
48
31
96
73
63
4
47
57
96
58
10
47
24
94
78
48
68
99
41
93
16
72
33
5
75
80
60
64
49
60
84
20
20
84
94
13
4
94
70
83
19
56
62
25
47
57
4
75
9
2
26
42
74
27
64
1
54
44
56
22
20
74
98
41
83
40
54
1
87
71
71
37
87
26
48
4
88
6
100
43
1
7
96
38
7
98
100
36
16
4
60
79
94
59
22
29
29
50
55
12
30
73
6
7
91
3
50
32
97
84
22
30
13
11
74
47
70
6
32
85
2
90
38
86
34
32
79
66
92
89
85
28
37
11
41
79
45
10
58
63
85
90
17
70
69
68
42
67
56
95
12
72
13
63
8
86
31
22
38
26
11
87
71
95
24
87
87
17
49
29
91
56
89
11
6
60
15
10
99
6
30
84
36
5
19
95
35
58
12
10
21
18
3
13
24
32
48
11
41
42
87
60
74
71
95
77
55
90
78
33
93
44
27
91
80
15
60
25
9
60
43
29
45
30
84
34
50
61
52
31
19
8
43
43
11
55
36
84
30
17
50
8
81
62
76
43
36
43
75
94
7
66
83
20
61
13
9
90
70
48
24
66
31
34
4
3
99
96
4
26
99
29
47
80
64
72
47
5
99
34
21
83
81
74
46
53
81
43
84
84
82
44
63
70
28
12
11
42
11
77
34
32
90
3
58
54
56
76
25
97
44
54
32
12
18
6
7
92
75
2
97
60
37
74
98
24
60
44
49
34
73
17
3
92
33
12
98
62
21
93
59
9
72
39
17
9
13
53
73
9
55
100
25
82
57
23
92
36
80
35
71
24
21
56
18
37
94
32
62
72
56
82
52
14
44
83
58
19
72
51
90
22
74
19
12
98
27
71
89
45
4
8
34
31
80
29
65
28
67
65
36
65
86
88
90
1
45
80
4
86
77
56
93
90
17
51
2
85
68
57
28
29
30
100
81
87
21
41
63
51
6
50
80
79
84
24
68
32
15
47
59
9
81
96
47
24
2
63
21
15
55
73
51
98
15
94
45
81
16
34
96
51
43
62
63
10
64
15
22
11
12
72
73
92
36
70
31
84
59
17
76
31
67
45
73
68
23
51
2
47
64
89
53
100
87
22
63
46
90
29
50
21
32
3
31
51
33
76
78
91
16
95
85
30
80
45
8
73
10
99
83
19
68
7
71
24
83
96
91
77
44
90
89
78
17
64
72
26
23
94
53
82
28
56
50
86
53
7
46
2
57
77
23
4
31
94
79
66
48
68
43
37
56
58
81
33
55
21
85
66
84
92
47
38
30
1
64
82
28
2
3
76
35
28
77
7
82
24
11
45
75
74
9
66
25
60
23
5
57
18
11
63
67
12
81
63
35
35
23
9
64
27
67
32
1
79
70
60
99
66
22
72
42
56
59
45
97
53
61
80
69
72
28
10
37
68
22
40
26
4
50
21
41
38
5
41
94
71
66
71
27
87
70
26
76
58
42
79
80
79
29
39
25
49
97
68
58
80
93
75
28
25
56
13
85
19
100
10
62
18
52
60
27
95
58
4
41
72
14
67
6
61
70
44
49
21
76
21
63
70
35
85
41
96
78
5
83
3
51
84
67
96
83
78
25
36
31
96
62
45
77
46
23
32
81
76
17
92
4
93
84
89
50
11
28
6
100
50
16
19
17
84
51
58
12
80
37
76
6
64
36
49
