500
100
10
5
7
9
8
8
2
4
9
9
4
6
10
5
4
10
6
2
9
7
1
5
5
9
2
10
8
8
6
1
1
4
6
8
5
10
3
5
9
3
2
4
4
4
8
10
7
4
7
8
8
4
2
9
1
6
10
8
3
10
10
1
3
6
2
10
10
9
3
7
8
5
1
10
7
10
5
10
2
7
10
3
5
2
6
3
9
8
10
8
1
8
4
3
3
2
2
9
6
3
5
5
8
8
5
7
6
7
8
3
5
10
6
7
3
2
6
5
10
5
10
10
1
7
1
9
1
1
4
3
4
2
6
3
4
5
10
1
7
4
9
2
10
5
4
5
1
7
1
4
4
9
10
7
6
3
9
7
5
3
10
1
3
5
5
2
3
7
4
6
3
2
2
1
10
4
10
2
5
7
1
1
9
3
4
2
2
9
7
6
6
6
9
7
8
2
10
7
7
3
7
4
9
5
5
10
8
1
5
6
6
8
4
3
3
3
5
5
2
4
3
4
9
2
6
4
6
2
10
7
10
3
2
9
8
8
7
6
5
5
4
10
4
3
8
1
1
1
1
9
10
4
7
1
9
1
7
4
5
6
3
9
10
1
9
9
6
5
7
3
3
5
8
5
10
7
1
8
8
9
7
10
4
9
7
6
5
1
7
9
10
8
7
8
4
7
5
7
7
10
10
3
1
2
9
1
7
6
1
7
1
4
4
3
1
6
8
7
7
9
2
2
8
4
2
1
9
10
6
9
6
5
10
1
1
9
7
7
7
8
7
10
3
1
1
2
1
4
2
2
1
5
6
3
1
4
9
4
2
5
6
9
3
1
7
7
7
7
1
4
8
9
6
1
8
8
9
6
10
2
1
2
6
8
2
6
1
10
2
8
6
3
5
5
3
6
5
3
7
10
5
6
8
3
3
10
9
1
2
3
7
4
3
1
1
9
7
5
6
4
10
9
2
10
4
7
10
3
6
5
7
3
3
10
2
7
10
9
1
6
3
6
2
6
7
3
10
9
2
2
7
2
1
6
4
7
7
2
8
2
9
9
1
3
7
5
4
5
5
10
8
6
8
3
7
4
2
9
5
3
10
9
1
8
3
3
8
7
2
5
3
6
5
7
7
3
8
8
1
8
