600
40
68
88
10
38
44
80
95
15
12
65
28
23
65
98
2
15
96
84
31
92
48
79
16
76
69
3
45
88
60
66
89
20
1
84
35
34
57
93
60
95
41
72
73
46
72
26
28
28
77
44
90
17
12
1
39
15
26
71
60
26
41
30
13
3
7
82
16
35
83
42
68
68
89
65
7
91
2
96
94
66
7
7
26
30
26
48
85
35
60
69
68
73
64
47
40
90
83
11
66
47
76
3
32
55
67
91
21
2
48
100
23
81
92
38
36
10
15
3
78
75
95
47
72
31
27
91
69
90
54
6
64
82
44
85
56
39
16
11
63
71
25
51
1
46
29
44
15
67
23
87
56
97
7
83
70
93
68
50
5
75
88
17
50
20
73
93
65
17
7
24
99
85
6
24
76
4
41
72
15
40
57
98
46
22
52
2
10
97
39
70
6
39
13
5
65
8
22
59
44
92
84
55
79
45
60
89
93
18
88
100
23
53
15
65
56
14
73
39
32
98
100
13
69
98
66
9
34
96
44
85
58
93
79
53
23
15
37
99
3
88
7
58
77
46
47
53
29
16
90
73
72
74
37
93
16
92
20
38
48
5
22
82
21
35
50
83
70
99
91
8
81
58
75
13
23
78
36
10
75
67
46
16
70
77
81
2
58
5
56
22
71
75
75
13
18
4
3
98
59
81
22
57
58
8
84
53
11
4
78
73
77
67
21
52
81
54
19
43
40
19
10
83
75
2
48
36
61
39
40
4
61
64
40
32
21
78
95
60
2
10
79
80
11
15
28
69
66
24
60
27
56
59
80
66
12
77
98
37
37
13
9
3
68
2
59
15
97
41
68
24
56
61
62
66
33
40
77
97
16
94
31
41
9
40
67
52
94
68
72
38
39
72
99
43
88
26
71
63
59
96
98
31
62
82
21
35
38
72
44
88
18
44
90
84
57
70
20
32
89
72
98
98
8
98
98
31
10
95
13
16
63
49
50
28
39
70
15
59
73
12
15
68
95
6
47
55
82
4
32
21
52
91
71
26
12
74
47
87
78
6
63
36
7
84
35
24
76
96
46
19
14
67
38
55
65
17
31
82
11
18
2
5
68
8
45
38
99
52
16
92
30
64
36
35
44
29
91
31
72
47
35
15
95
91
63
75
38
57
71
10
55
84
4
94
6
61
72
22
69
94
34
5
30
30
6
30
24
56
4
32
38
81
33
10
100
57
43
4
52
14
70
24
16
5
48
70
92
57
19
5
73
46
74
13
26
12
22
98
61
33
80
48
22
60
5
89
37
81
15
86
24
90
55
63
20
57
28
37
83
7
30
75
8
11
57
70
50
53
42
80
37
18
66
70
89
54
55
35
82
21
