240
80
133
105
74
21
78
28
65
128
135
29
42
106
149
152
10
139
82
115
49
19
28
137
58
56
84
16
158
113
21
11
145
40
152
22
126
20
67
78
122
145
47
156
91
51
122
49
77
27
85
95
39
47
124
57
49
40
109
85
99
158
75
10
56
115
91
136
31
121
85
26
148
14
122
100
8
113
140
35
47
84
112
22
48
128
81
39
97
119
141
51
61
124
113
107
62
60
24
66
27
54
66
66
153
155
112
100
51
18
113
83
74
37
100
70
117
111
116
37
94
115
130
30
33
84
122
9
67
111
74
68
21
98
47
152
33
157
21
57
149
115
62
32
50
96
56
78
127
120
80
79
74
55
122
131
63
120
81
99
41
36
7
85
45
108
54
100
52
86
63
26
111
130
44
127
8
139
131
64
12
17
70
44
72
20
136
156
22
137
44
49
103
105
112
71
56
11
82
79
131
126
48
105
50
115
157
93
112
86
150
82
42
40
76
153
45
44
22
64
88
6
72
142
62
76
119
148
29
83
124
90
13
96
53
63
77
81
147
159
6
151
