250
50
94
50
55
55
72
78
60
65
95
91
74
95
55
56
99
94
87
86
51
84
76
52
95
91
78
57
83
56
63
66
80
83
68
66
83
71
76
98
86
80
90
89
60
65
97
65
58
88
82
67
72
61
89
89
88
77
91
89
93
61
91
54
54
60
60
73
50
52
70
60
77
90
54
72
87
58
57
65
57
58
87
52
63
64
64
72
75
92
86
51
83
55
73
86
98
71
87
95
55
75
93
87
96
80
51
73
83
50
92
77
60
96
83
78
61
72
56
67
50
63
51
59
91
88
72
57
81
70
72
65
93
99
95
62
71
50
64
52
50
77
81
88
94
65
77
52
66
64
63
51
82
54
81
62
63
52
66
72
99
81
69
60
72
69
69
77
50
93
62
78
55
88
95
68
96
91
51
83
57
55
50
60
79
52
71
72
50
80
79
76
83
62
81
80
54
59
52
71
75
76
50
53
84
50
95
74
87
72
89
68
77
86
72
63
82
97
57
86
81
70
86
63
59
74
90
69
73
87
50
62
94
98
83
97
92
86
55
90
58
87
61
68
68
96
80
65
88
97
97
60
