161
80
675
1495
888
920
743
1515
149
596
355
109
272
310
529
473
926
205
368
478
712
379
1113
330
568
344
427
898
303
620
476
1136
1444
690
596
1538
33
761
331
610
44
149
1291
796
486
601
217
642
575
1421
1026
241
454
924
210
364
1314
796
1050
94
1557
768
1500
525
1227
1584
1391
579
575
587
1244
1609
371
674
844
1216
1073
12
546
331
32
63
199
568
38
412
1199
861
302
1152
308
1268
1361
531
1533
446
948
560
298
466
351
872
665
938
1277
1588
1214
1256
1488
583
1223
1301
668
968
1129
1441
838
297
1309
759
244
1216
713
1264
424
550
229
76
678
4
1250
1208
148
223
1079
1499
442
61
1519
968
413
336
208
1146
1478
529
1426
25
859
677
580
1423
1193
1547
949
68
1206
1285
10
1510
92
366
309
