600
60
66
79
100
70
76
71
82
62
104
119
89
112
101
109
103
113
60
75
96
109
98
78
94
94
75
83
96
95
88
85
90
74
95
91
102
108
60
74
113
84
65
100
87
100
71
76
72
91
113
109
67
115
82
71
84
92
80
99
113
70
73
118
119
64
64
77
113
113
88
73
86
96
93
108
87
109
89
107
115
66
61
78
60
110
78
76
75
84
87
100
95
103
73
67
102
80
62
96
88
107
69
105
95
113
113
85
99
84
107
74
96
91
90
112
112
97
99
62
73
74
86
88
82
101
86
70
63
83
72
115
90
119
82
110
93
63
99
95
113
101
65
91
117
88
102
93
108
84
66
60
113
107
93
93
60
93
95
61
103
108
62
73
111
77
89
99
116
97
87
77
99
60
63
89
74
90
71
79
86
109
117
65
78
118
89
89
115
62
78
107
102
73
108
81
91
110
80
88
78
104
88
84
60
118
106
67
110
85
79
94
90
110
86
104
118
105
85
72
70
117
115
73
81
99
115
87
100
97
109
92
99
75
85
117
75
71
67
89
95
117
108
102
81
92
97
110
119
87
60
74
111
78
98
76
95
69
76
62
79
81
112
110
114
98
85
80
105
95
73
87
63
108
73
86
93
83
108
92
77
102
106
81
119
117
64
61
113
65
110
69
84
115
88
112
71
69
106
108
92
111
85
86
93
89
71
93
98
64
110
84
114
106
96
62
113
78
90
90
104
117
76
79
92
63
105
88
118
64
106
78
92
111
68
87
74
93
103
96
75
64
110
107
82
110
118
112
100
60
87
84
87
85
115
99
110
83
87
95
108
67
98
65
88
64
81
104
61
81
75
66
101
68
71
67
112
72
80
78
88
91
115
111
62
93
106
90
93
96
115
92
84
79
105
99
79
101
83
66
69
61
114
89
63
81
82
68
78
81
117
81
105
63
91
106
80
60
102
95
106
83
105
89
95
65
108
98
92
116
63
65
69
89
119
90
116
109
68
64
113
81
87
71
108
82
79
75
105
92
96
62
84
74
68
108
111
105
118
78
117
101
113
64
62
91
118
92
87
84
107
108
101
94
71
61
97
62
77
104
69
71
105
113
66
66
110
92
83
60
69
68
82
75
61
68
118
98
101
74
79
67
78
92
98
71
87
63
93
100
109
60
77
73
103
106
65
111
90
116
76
115
106
92
93
62
96
77
103
74
116
75
85
82
111
100
63
62
102
90
104
64
102
90
100
92
102
101
92
113
62
72
103
86
71
79
88
76
71
62
103
64
60
92
71
91
69
72
111
65
63
94
75
99
81
98
100
86
70
115
83
103
66
65
69
69
118
102
108
93
78
69
91
60
78
107
118
103
65
107
73
95
