450
30
9
6
10
4
10
6
9
3
9
8
10
1
6
8
1
1
7
7
10
8
1
10
4
8
8
8
5
4
9
5
10
3
2
8
7
4
2
3
4
5
2
9
2
2
10
6
5
8
7
1
3
8
5
6
1
3
1
5
10
2
7
10
10
10
3
2
4
6
7
1
2
1
4
3
6
8
10
4
9
9
10
3
7
10
10
10
4
6
4
3
4
1
7
7
5
8
6
7
4
8
4
7
3
5
4
9
10
3
9
9
4
5
4
9
7
5
1
4
8
2
9
9
5
7
4
3
1
7
7
5
2
6
2
4
10
8
9
10
6
7
2
7
10
7
5
7
10
4
1
5
2
1
2
6
4
9
3
7
8
9
1
2
2
6
4
3
10
8
4
1
4
8
3
2
6
7
2
9
1
5
7
9
1
6
5
2
8
9
9
10
1
9
5
4
2
4
9
9
7
10
9
5
6
1
10
7
5
3
9
3
10
3
5
10
6
6
3
1
4
9
2
10
10
1
6
1
9
1
10
10
9
3
4
9
4
7
1
2
1
2
10
5
1
1
4
9
4
6
2
7
6
6
5
8
3
10
7
5
5
7
4
9
5
2
4
5
1
6
8
3
3
3
2
1
3
8
4
9
2
9
10
7
4
10
8
10
2
1
7
5
2
6
3
2
1
3
7
10
8
2
5
1
4
2
7
8
7
3
6
3
5
1
6
4
10
7
3
6
8
8
10
10
9
8
1
2
2
7
8
4
9
6
3
4
4
5
8
3
9
9
5
7
5
6
9
4
4
6
8
4
10
6
2
1
7
8
5
6
6
3
1
9
8
2
2
10
4
5
1
5
6
3
3
6
3
2
1
2
10
10
10
2
2
7
8
2
4
1
1
8
8
8
1
2
5
9
1
9
7
10
4
9
1
6
8
8
7
5
10
9
9
7
5
7
2
8
9
3
7
2
10
5
2
6
3
8
8
3
8
2
4
4
4
9
2
10
3
6
1
8
10
10
6
7
5
4
1
7
9
6
