300
30
95
96
99
100
101
98
104
98
102
100
100
99
99
97
101
97
102
101
97
105
99
95
104
96
95
100
96
101
100
101
97
102
102
103
96
97
105
99
102
100
105
99
96
103
103
95
99
98
104
103
101
98
103
98
95
100
96
98
105
95
103
102
100
97
99
104
96
95
97
103
104
96
96
100
97
98
99
99
97
98
96
95
99
105
99
98
98
102
95
105
97
95
97
100
101
105
102
99
104
99
97
104
99
99
102
95
100
102
98
101
100
100
104
99
96
95
104
99
103
104
105
97
98
96
102
99
100
96
104
105
103
104
99
103
98
104
96
102
104
97
95
99
96
101
99
96
95
98
102
105
104
105
97
101
98
95
96
98
95
104
99
96
104
99
102
105
104
103
100
96
101
101
95
103
95
95
97
98
101
103
98
95
96
102
105
95
103
100
99
104
104
100
101
104
99
99
97
98
95
100
97
103
100
98
101
97
103
95
105
96
97
104
97
97
101
95
101
103
105
99
102
99
97
97
98
105
97
100
98
102
105
102
95
105
104
96
101
99
98
100
97
98
103
105
95
97
100
99
96
105
102
102
96
95
96
99
102
104
104
96
103
101
95
95
105
105
96
103
100
104
101
99
102
104
103
102
98
96
99
97
98
96
95
99
101
102
105
97
97
101
99
98
99
102
99
99
101
104
101
102
