180
60
89
50
100
20
112
52
106
45
34
93
25
39
36
80
69
61
44
36
113
61
66
107
6
39
70
115
74
118
66
106
101
32
85
46
67
20
4
14
30
114
44
47
19
21
68
51
111
116
101
100
115
8
69
21
13
118
16
54
85
79
101
75
76
33
57
71
41
59
59
107
34
59
99
26
27
23
69
19
20
6
12
3
3
11
56
56
20
18
69
64
16
53
21
62
29
12
92
20
31
4
55
4
92
52
115
86
113
3
94
93
45
96
39
61
102
65
50
82
89
52
117
60
114
65
13
19
54
81
64
53
71
104
104
9
48
18
48
97
24
15
39
68
27
104
92
91
108
5
94
91
110
42
42
83
24
19
59
119
37
51
88
104
46
2
42
9
85
85
64
111
98
39
31
10
18
8
13
10
81
29
