750
50
82
57
68
65
37
16
91
24
91
56
27
62
42
79
3
2
31
22
47
18
25
22
79
8
60
86
32
90
71
45
95
31
29
99
19
22
99
8
33
19
89
75
44
23
23
93
38
1
73
82
21
100
89
98
54
25
85
21
35
80
43
35
27
71
60
96
22
76
5
69
6
9
97
59
69
89
16
30
93
80
30
22
52
38
5
67
47
69
13
70
14
94
30
11
21
8
60
67
36
48
49
4
98
86
13
5
69
78
79
11
25
99
95
100
70
26
49
70
50
64
17
52
6
95
13
65
73
30
17
42
12
4
23
58
49
15
98
10
81
44
16
86
1
12
29
51
6
17
98
90
86
61
9
75
83
82
90
76
23
84
78
88
86
90
81
90
82
8
11
34
100
46
79
11
53
92
86
60
47
74
40
11
52
57
11
75
21
10
83
9
86
85
97
78
8
39
92
30
96
50
24
32
65
85
58
3
98
4
77
40
78
56
12
100
28
33
100
48
27
59
45
3
98
99
48
53
85
41
44
34
47
66
60
33
97
18
63
33
46
100
93
39
88
25
75
30
66
70
94
10
9
25
45
3
84
46
16
56
56
46
71
80
91
82
73
98
30
95
8
93
42
15
15
59
88
32
78
74
88
49
30
27
48
95
73
67
51
15
24
55
23
48
65
9
99
6
9
24
71
49
78
88
70
15
60
61
2
82
44
67
55
61
60
43
80
25
51
20
32
6
9
45
5
10
44
8
55
10
11
7
94
80
96
55
49
72
26
31
61
51
25
55
33
76
37
5
18
5
54
72
39
64
24
64
11
69
97
41
10
82
4
62
64
54
27
71
87
60
66
88
21
69
67
17
77
86
31
53
5
75
25
4
84
64
98
69
66
28
86
15
61
83
27
38
57
14
17
61
85
38
56
44
7
22
6
54
86
99
46
8
69
30
54
99
9
84
33
3
26
96
22
72
21
25
38
73
48
79
70
32
98
64
89
60
9
73
68
41
86
81
30
37
13
83
62
12
98
95
44
56
28
89
82
10
71
7
19
1
58
66
49
49
47
2
45
99
17
35
47
99
92
3
98
98
25
41
11
45
5
79
51
58
54
98
59
66
58
63
51
34
96
19
30
2
28
21
42
91
66
11
69
61
47
96
35
11
19
90
48
31
2
97
70
37
7
3
94
35
38
2
68
70
27
78
4
36
68
14
80
10
23
94
87
82
66
70
23
7
78
68
23
41
93
91
63
89
17
97
38
23
55
25
64
4
24
69
83
92
20
31
90
51
74
95
28
88
9
85
60
60
46
48
82
18
32
7
63
30
79
97
15
46
16
76
12
49
43
19
35
51
36
12
8
47
81
46
42
58
5
86
73
15
68
27
27
19
67
49
95
2
34
40
8
23
14
90
60
13
17
20
37
7
38
20
42
76
62
99
85
51
61
84
65
58
67
53
30
27
23
66
47
23
78
29
78
18
71
14
22
32
52
44
2
82
82
91
90
66
17
62
86
60
28
30
76
52
83
99
26
9
32
45
80
31
86
4
68
71
71
39
29
41
99
37
75
11
25
64
28
57
39
42
39
55
71
51
96
88
6
81
64
1
35
7
44
66
36
90
52
82
72
35
3
15
63
42
33
60
72
12
1
83
25
34
6
49
100
64
78
41
35
12
80
31
2
63
74
87
41
74
75
91
70
79
58
49
18
56
64
63
