300
20
3
28
20
37
27
27
36
18
15
18
2
33
24
29
30
36
37
28
6
9
38
12
16
11
5
26
13
21
35
1
19
3
28
19
32
28
33
21
18
19
13
15
30
3
24
20
22
28
9
25
26
13
30
10
10
29
19
30
20
33
35
37
17
34
35
37
25
5
13
32
16
16
15
29
15
36
19
31
20
20
17
39
8
32
30
25
14
18
39
18
15
21
17
9
13
4
33
12
8
30
17
3
25
24
4
36
22
28
14
29
4
20
37
21
37
18
5
1
29
8
39
10
8
20
1
30
39
29
34
1
17
29
15
15
6
27
23
5
20
16
10
35
25
36
25
19
39
33
27
5
10
7
4
28
34
4
15
23
21
39
18
7
24
8
37
14
6
26
17
24
6
14
39
2
7
21
32
32
31
29
27
12
33
13
26
11
24
16
14
29
21
35
34
15
19
30
15
13
14
21
39
16
2
25
39
8
17
27
18
15
10
30
1
38
22
29
39
39
17
9
13
33
29
6
20
20
34
5
32
28
1
36
21
34
12
37
16
31
1
22
23
26
28
32
21
24
4
12
19
24
20
39
21
18
4
1
25
28
32
39
7
13
15
6
12
16
29
30
20
35
14
37
29
20
22
28
3
4
12
33
25
33
16
26
29
29
5
36
28
13
20
22
7
7
38
15
39
2
15
27
