800
80
59
18
63
43
11
40
91
51
11
51
89
67
56
61
77
99
95
62
9
40
66
57
71
70
8
51
33
63
24
90
31
55
73
23
62
36
97
7
54
81
37
61
43
3
15
23
14
54
48
95
39
25
60
65
99
29
66
91
27
38
3
76
23
99
43
52
78
93
65
38
89
17
5
70
21
63
78
6
33
55
64
16
95
47
18
5
52
91
60
58
88
2
88
16
94
4
18
32
63
15
5
100
8
89
27
61
15
40
52
50
59
89
59
30
77
77
49
88
56
36
85
95
25
61
61
58
99
50
49
14
70
46
23
81
8
70
80
84
8
33
79
47
23
30
51
40
26
78
27
36
18
14
87
11
81
29
32
14
71
7
3
79
89
58
37
1
66
41
23
30
86
79
12
96
14
19
78
64
8
59
67
31
77
57
95
25
59
28
57
12
11
17
11
27
28
83
87
60
88
61
96
23
41
82
4
91
2
5
42
70
60
34
41
38
83
47
47
59
13
41
60
70
13
90
53
26
97
38
93
61
77
62
52
72
17
72
26
77
21
9
63
30
60
48
13
82
99
93
84
60
74
94
36
43
81
42
31
100
75
81
40
82
86
87
18
87
50
69
52
44
24
29
8
49
72
36
73
21
5
37
65
94
19
45
11
10
12
91
78
79
33
70
17
34
26
45
95
96
57
50
21
89
62
44
3
62
27
77
23
50
26
38
12
69
10
59
65
36
81
20
45
70
89
28
88
54
75
79
50
57
89
60
67
95
19
98
72
91
36
19
82
79
60
70
1
25
22
22
8
44
66
17
93
53
25
45
17
78
62
92
9
77
1
10
99
32
13
37
79
90
75
39
21
30
20
90
60
66
61
70
96
65
30
32
87
69
76
57
46
5
68
79
15
66
59
19
36
54
27
65
90
84
86
28
89
30
2
93
73
68
99
40
6
7
48
15
37
78
9
36
32
85
11
32
89
96
5
32
3
41
83
85
82
20
71
22
11
38
77
67
11
65
8
65
76
98
54
66
85
68
47
28
61
56
65
15
39
83
51
6
67
30
45
16
89
52
99
9
65
71
75
76
94
85
52
10
10
47
32
15
21
20
12
49
46
9
67
25
97
17
84
85
97
78
39
53
64
43
37
81
88
86
53
67
49
17
98
95
98
19
78
7
75
77
35
29
91
39
82
43
45
72
50
68
21
34
18
24
80
36
52
6
71
69
64
77
50
73
96
79
39
44
97
17
37
90
55
99
11
27
90
48
96
26
11
56
22
27
77
56
67
50
39
63
88
25
30
60
66
76
87
55
81
17
82
27
64
32
7
72
53
56
41
61
35
98
78
44
88
19
43
48
84
20
69
42
70
6
56
10
30
19
45
87
95
97
33
20
57
35
98
86
19
60
40
13
73
76
29
11
65
45
31
93
39
54
72
8
35
15
71
96
100
81
11
70
18
49
48
72
60
41
90
98
29
85
100
46
81
13
17
32
14
31
53
3
86
4
31
51
33
59
50
52
86
43
30
89
78
95
79
28
94
12
25
99
80
51
68
33
62
18
85
81
96
14
64
45
97
67
43
64
15
9
1
11
2
55
16
76
64
52
40
96
50
66
24
61
70
29
96
44
65
35
54
39
84
56
56
38
80
83
26
26
48
66
6
84
14
92
28
70
45
7
13
33
79
79
45
68
70
53
50
90
12
79
72
29
25
3
70
65
80
11
55
79
81
28
81
3
100
23
93
6
96
48
89
83
53
70
83
83
98
22
98
75
65
52
51
10
65
74
73
11
58
35
44
68
77
11
61
15
29
65
58
67
88
28
89
44
