300
30
58
59
13
33
58
50
24
12
7
19
8
26
44
25
38
59
26
13
29
46
45
22
1
18
9
14
49
42
36
19
30
7
8
32
37
28
54
18
25
36
48
16
34
38
31
27
14
13
42
25
4
50
4
4
5
16
52
50
52
41
37
15
32
31
20
30
52
26
27
40
32
30
23
34
41
44
30
37
43
23
56
14
20
33
31
44
18
28
40
18
56
8
7
34
56
58
29
54
44
6
20
31
1
31
13
6
29
53
19
28
49
1
20
25
24
21
51
2
51
23
33
51
11
39
38
33
30
15
36
15
9
58
1
17
37
27
31
38
3
40
29
35
6
37
39
23
35
51
11
12
38
5
59
29
23
16
2
23
7
18
50
38
17
32
55
8
45
38
52
38
19
27
19
46
10
13
8
30
48
7
21
35
16
26
51
49
42
9
9
24
50
9
55
15
19
26
30
21
8
6
52
8
27
56
27
25
8
47
53
23
56
32
39
48
47
50
24
2
5
26
47
41
21
3
57
52
12
3
12
56
8
43
26
6
57
7
46
37
2
34
28
8
52
38
58
58
48
33
44
53
43
30
44
40
47
39
26
43
12
52
51
7
27
35
34
11
34
39
43
10
54
50
38
17
10
51
14
32
52
50
7
22
35
9
5
41
22
28
47
23
7
55
22
46
47
51
9
7
5
52
