200
20
39
38
28
28
33
28
24
28
24
31
37
31
23
27
35
24
38
38
36
35
30
34
31
20
21
23
24
20
32
33
30
31
33
29
37
33
36
33
39
24
23
21
36
31
37
26
37
28
34
33
39
29
31
22
29
37
37
20
21
32
27
32
31
35
38
33
30
24
36
38
38
21
22
37
23
22
26
24
32
30
36
38
23
22
20
20
30
36
20
36
20
28
29
32
21
36
25
25
26
22
36
36
21
27
31
31
31
33
37
34
23
32
20
23
31
20
21
34
38
21
20
28
22
37
27
22
28
20
20
25
35
35
29
20
20
26
29
25
36
32
20
32
39
35
30
26
20
27
37
27
25
28
25
27
23
32
36
28
25
26
36
33
38
23
20
23
20
39
25
31
22
39
23
31
24
24
36
27
30
38
39
39
33
31
36
29
28
30
38
28
35
36
20
37
20
21
37
29
33
30
