200
20
95
96
98
103
95
102
104
104
99
95
102
99
101
97
103
99
99
103
96
105
104
100
100
96
102
101
101
105
103
105
102
101
101
95
101
100
103
98
95
104
100
104
98
104
105
101
101
104
103
98
96
97
99
96
100
104
103
96
100
103
98
99
101
100
103
99
104
97
96
97
104
96
102
98
104
95
96
97
104
95
104
101
105
96
97
103
100
96
102
95
104
97
97
99
102
99
103
101
104
103
103
103
99
104
101
103
104
100
102
96
99
102
99
99
101
102
104
105
104
105
98
96
103
97
104
95
98
97
104
100
98
98
104
97
100
104
100
102
105
100
104
104
104
104
96
104
102
101
99
104
98
104
96
97
103
98
96
103
98
103
104
97
105
105
97
102
104
101
97
103
105
99
97
104
95
102
98
101
102
104
103
95
102
97
105
99
98
105
98
105
99
102
100
97
96
98
102
96
102
98
