400
40
39
54
84
40
6
18
18
89
18
14
13
34
53
26
61
59
9
39
96
69
58
45
10
60
56
69
52
77
67
100
29
64
39
54
55
93
47
71
55
34
24
39
6
93
92
23
33
49
10
58
85
14
12
24
19
84
65
66
21
68
17
17
9
5
19
48
89
28
92
68
39
26
90
10
34
34
32
12
51
84
8
65
9
73
42
11
48
10
62
43
29
74
46
84
27
15
3
26
91
22
20
24
60
19
88
97
25
65
63
52
29
5
56
15
6
48
85
76
36
38
61
73
34
62
65
50
37
7
2
10
19
67
86
27
81
4
93
86
28
50
18
62
32
84
67
72
32
89
59
9
72
52
50
98
9
23
75
83
65
29
21
63
19
74
62
35
49
35
66
47
94
27
10
13
41
68
97
29
27
76
8
68
60
49
97
89
97
52
33
37
46
5
5
45
36
21
27
22
37
42
5
52
10
1
57
43
38
26
8
54
26
61
51
93
97
28
35
45
62
75
37
3
78
45
33
93
4
78
72
91
92
100
77
69
34
22
51
61
49
83
47
91
68
44
15
78
66
62
80
82
26
4
81
56
44
6
19
87
26
85
95
87
64
38
28
91
93
89
56
78
30
11
48
84
68
34
57
30
33
20
95
6
92
41
44
14
85
8
92
93
96
89
99
42
4
11
4
69
72
73
29
50
44
81
78
44
52
36
29
42
25
27
32
32
57
62
6
81
72
80
59
55
39
95
78
90
91
61
19
79
15
55
26
23
81
98
57
6
52
96
50
12
33
66
97
93
50
56
76
5
16
11
98
46
73
59
72
90
50
34
59
16
64
11
10
8
48
33
37
42
28
72
41
72
78
63
48
92
24
54
54
66
36
88
23
72
79
44
24
21
89
95
67
62
55
70
49
93
63
6
