1350
90
137
140
95
175
125
98
169
109
164
172
134
110
141
97
139
98
170
173
170
151
95
119
146
95
169
116
112
99
124
108
126
151
170
147
146
137
158
134
152
168
121
121
151
135
159
161
159
164
108
101
97
124
143
134
127
172
104
140
96
143
148
125
150
158
92
114
173
138
139
132
173
95
179
134
124
141
179
132
157
91
146
124
171
110
144
114
116
129
96
161
178
141
105
156
147
109
177
99
172
107
113
149
117
103
105
178
138
129
144
179
125
175
130
91
113
90
117
119
177
107
157
170
126
110
156
117
101
91
106
94
122
176
127
145
93
127
124
117
110
144
153
174
124
101
138
128
96
145
172
103
162
163
165
158
91
159
135
141
116
139
107
156
148
163
159
147
99
117
156
104
92
94
175
155
112
94
107
155
154
144
143
116
137
120
116
134
135
161
168
148
137
91
136
118
152
126
174
111
165
150
149
146
176
136
118
102
119
118
97
142
148
161
129
140
113
161
174
143
161
112
135
93
94
142
103
152
118
149
164
131
135
98
159
146
175
125
119
177
126
134
142
96
92
96
100
94
95
166
176
136
175
165
110
139
167
96
109
116
134
141
99
117
122
100
105
156
133
95
155
144
160
156
107
130
118
112
142
90
139
175
106
100
96
134
114
125
130
149
156
116
179
173
120
96
92
133
144
137
151
145
166
113
128
152
140
125
90
131
168
138
100
163
95
164
164
118
91
168
132
106
168
90
179
159
153
136
135
113
118
123
108
121
111
157
103
144
139
104
158
175
135
179
90
137
179
176
120
157
129
114
113
108
110
172
161
154
96
169
109
145
108
94
116
177
103
116
159
170
101
117
129
110
115
158
90
153
105
117
168
147
150
179
137
90
130
113
104
107
103
169
176
169
100
131
113
97
126
165
141
137
95
133
155
125
95
165
160
170
160
137
102
125
132
147
178
169
90
94
98
124
131
131
116
169
107
122
142
113
163
115
160
163
91
111
98
146
90
163
103
161
98
123
176
157
134
130
97
164
99
138
147
125
126
135
110
99
120
167
102
173
173
112
116
117
96
139
150
147
156
116
138
157
96
134
117
139
143
131
133
98
132
133
162
168
156
92
128
173
134
117
174
108
127
166
139
146
139
102
160
142
139
108
149
158
126
121
164
152
135
138
94
134
147
161
128
125
98
179
164
140
95
105
162
112
115
99
106
134
134
102
178
91
157
175
105
135
158
168
119
168
159
117
175
163
139
119
156
141
171
138
127
99
108
159
133
141
148
105
152
157
93
153
111
91
152
140
100
92
174
178
178
126
172
150
92
120
161
116
118
161
163
173
161
121
150
140
93
108
137
148
151
156
102
125
157
165
165
150
174
151
107
158
99
97
112
98
175
111
112
127
90
92
144
123
147
165
168
116
163
132
104
109
171
155
175
167
111
125
136
128
150
103
170
161
177
179
160
178
168
143
139
179
179
100
160
154
153
124
160
135
177
129
167
116
151
132
151
159
95
113
148
169
156
151
90
131
173
94
99
116
129
134
164
102
163
104
136
171
147
100
96
179
111
140
152
137
96
90
150
112
134
92
120
162
177
178
118
117
143
124
91
133
158
167
133
140
117
148
150
124
175
128
101
92
142
108
139
167
156
152
168
166
150
96
164
176
115
112
152
149
105
174
114
120
146
97
170
161
174
95
142
155
127
162
132
149
155
108
110
116
117
179
93
158
115
125
149
173
148
135
98
95
96
138
112
150
122
176
116
93
109
95
165
179
100
107
100
98
179
91
169
134
168
103
158
98
100
120
173
151
167
146
176
146
124
144
140
166
163
117
93
147
138
127
137
165
140
135
117
156
132
141
116
122
95
131
113
170
143
129
177
90
146
168
120
178
148
103
149
160
117
138
174
157
93
131
164
153
102
172
172
122
92
127
135
111
167
160
111
167
159
108
134
125
174
175
165
125
94
130
126
153
130
123
164
147
93
155
145
149
158
163
173
169
137
104
144
165
164
151
141
157
163
155
128
143
143
126
153
163
148
161
100
130
163
158
140
124
168
133
162
154
120
130
175
157
112
111
164
139
145
149
169
137
91
93
170
163
94
99
127
99
163
134
99
91
132
159
96
121
133
137
136
118
118
92
112
96
124
133
164
167
172
167
153
143
152
134
166
115
176
154
129
177
135
172
112
133
174
102
169
157
92
178
134
142
175
103
92
168
168
106
179
96
123
157
120
171
132
176
164
135
150
97
111
136
142
92
159
119
108
158
98
151
115
92
113
130
172
159
92
156
96
126
128
166
127
142
123
150
171
137
145
117
129
163
118
115
155
121
136
143
142
127
149
158
146
92
113
101
123
115
92
133
148
94
109
143
92
144
99
107
105
112
177
176
141
159
149
156
105
158
100
113
165
157
154
104
158
109
138
171
142
164
137
140
127
139
100
106
143
151
151
137
129
125
151
168
164
170
120
166
156
166
179
124
142
134
100
169
103
154
165
149
107
177
164
145
107
137
139
139
177
154
148
134
113
92
111
116
142
179
115
94
105
101
149
123
149
161
108
133
170
112
140
160
147
154
92
176
131
93
156
162
135
157
152
154
117
120
146
92
92
110
168
152
112
126
163
142
95
112
97
131
125
153
163
103
170
103
101
101
98
134
152
156
100
110
130
140
166
115
125
98
129
136
123
113
117
126
123
134
130
95
170
103
137
136
109
158
103
106
107
169
173
119
113
112
170
150
155
109
95
104
162
112
163
126
130
126
117
146
117
146
102
118
137
158
157
165
146
109
133
110
104
108
133
167
160
164
91
151
154
145
104
168
155
167
157
127
112
115
143
142
108
124
126
165
177
92
108
116
99
155
113
176
134
159
167
98
120
115
176
108
125
138
167
155
117
175
172
164
103
142
177
161
158
129
146
111
137
148
164
117
144
117
142
141
96
158
130
130
167
161
141
155
158
157
148
131
159
112
102
179
173
125
176
128
179
103
119
167
93
172
160
149
118
171
93
163
176
163
140
161
177
164
161
142
101
113
102
141
128
148
158
138
158
153
90
119
126
115
101
136
142
148
103
134
129
166
