700
70
3684
6462
1484
4303
2606
5666
3112
5701
2914
6112
803
4741
4975
2439
1407
2720
3749
3806
2608
976
3440
5037
4043
5325
568
4977
6306
1402
2523
3820
2437
3442
747
313
2938
240
265
5660
2410
3672
4540
6301
729
986
1246
6797
3128
5925
6179
578
5710
1033
648
1077
5490
4036
763
4395
6025
2470
1997
3747
5427
565
5554
1614
2378
3016
5887
478
6912
3195
882
5626
4178
5130
6810
4763
6126
3619
2701
2847
6054
6282
3983
5263
6987
2751
5039
5575
2255
6685
3604
4511
2274
5207
680
2767
1663
3929
854
6193
2643
792
703
5542
3394
2835
4366
6424
123
6428
4275
1929
348
585
363
6588
803
4519
439
4337
2051
4256
5615
1391
4769
6314
6469
1542
2919
5203
4611
2064
2657
4819
33
480
5541
1115
6263
6723
789
2233
922
308
2596
4589
687
5621
3607
4428
606
3477
3874
810
3340
3799
5047
1472
5237
394
6043
6192
6946
5023
5582
6960
4906
2870
2097
3331
581
378
5345
6005
3081
4665
4782
3168
2516
2458
5373
6395
426
2847
5276
720
2750
6825
3993
2782
2833
1916
6104
5299
1472
1805
6663
543
919
56
869
5860
3439
6709
5530
5390
2864
6218
1934
6226
1819
2645
5200
553
1544
981
4926
6568
1043
1026
5105
3271
5418
5185
4543
5864
5819
5077
1488
1132
3841
6995
738
1161
6826
1256
1753
5687
6713
1044
5751
4936
6498
6541
2248
5892
1721
880
2088
6787
6248
3810
4701
1511
3295
4575
1211
2985
3598
866
5618
504
3568
6546
6399
4522
6182
6162
5895
1617
3405
45
5101
988
1297
6101
3379
2227
2660
4029
3233
2409
3555
5544
5493
1375
1817
1777
6210
2903
5479
1918
447
927
3502
5179
5778
2936
657
1177
1183
6279
2892
1203
5859
1280
2270
4507
3314
3849
418
265
2530
199
2872
5990
2245
2087
4424
2851
4012
2762
6971
4864
6347
258
700
6366
1623
4876
2804
3535
6740
776
4223
5830
1575
3956
1517
3544
6674
1512
5350
2856
2540
5651
2246
4928
2147
3745
856
4412
2192
5396
3450
3717
3230
4459
4496
2727
3333
6174
5829
3776
2861
3341
3258
3448
5965
1717
111
701
6540
3387
1873
3486
6559
5307
561
3756
513
6491
4075
454
1664
6635
2834
6168
6773
5640
727
3607
2309
3999
3404
5925
408
5163
6087
1233
793
152
4807
204
1184
3345
828
6811
6561
1581
4708
5374
34
4327
6616
2039
1009
803
6306
2647
2387
774
3868
2875
684
5481
1597
3956
1852
3042
6421
313
2442
1722
4513
1651
3205
1984
2079
4969
1375
1087
4520
6983
891
5015
1637
3793
909
5851
4036
2108
4081
5979
5420
4547
3035
4236
1808
5791
5462
1315
5306
6910
6957
1929
2482
4605
4835
3070
268
5102
2934
996
847
1564
4305
6958
4693
598
5899
3795
4288
3927
4388
1624
6780
1129
6489
4165
4081
5369
6802
4562
1704
4438
2064
4285
3538
5956
3660
1598
5708
2071
52
4907
1515
1937
1686
4291
2202
687
5035
2566
1621
1895
6157
2619
6252
6153
4579
3518
6695
844
5997
4240
6608
2361
5217
3724
3774
3459
2537
3801
1107
4087
3844
5914
2763
5212
5602
5953
3858
3190
4198
2208
5316
4644
6020
1307
2496
1580
2183
3630
3510
3528
5559
2600
1613
3163
2843
6459
1358
6280
3227
1290
2275
6505
5378
1901
3281
1314
5538
5701
6385
4749
1205
4643
6896
3042
2114
559
5544
221
361
6868
6654
5366
1995
1123
4257
6914
843
2684
1774
1517
6855
6610
1265
3332
5590
5030
2155
6452
2107
3434
2965
4469
6852
5523
3545
5319
4131
1069
2158
6193
6710
3557
2757
530
2911
4548
1373
206
2613
2372
6767
5575
1711
14
1942
3090
1511
226
607
598
1419
2815
6254
3488
3533
6018
5130
4036
98
2659
2494
2927
884
3291
1076
6747
2484
2966
4382
2312
4111
4922
3956
2256
1790
810
5288
2525
6662
6726
1848
4132
6557
1161
1890
1044
3027
5725
5632
3031
3544
1686
558
1713
5728
2563
651
4756
5366
4549
1879
277
6253
637
6542
6013
5873
5221
4340
2770
772
6681
