400
80
135
152
145
153
87
102
105
141
94
83
138
107
101
130
147
100
85
105
111
117
110
106
82
139
149
106
148
100
151
149
83
104
103
93
80
152
125
154
93
93
107
151
157
86
145
124
120
92
92
134
80
86
152
155
159
145
125
121
111
101
84
88
157
156
99
135
113
103
83
83
108
157
99
145
95
144
147
137
82
149
149
140
97
127
132
127
109
150
154
96
129
157
141
93
97
144
114
122
98
121
142
84
130
115
111
130
119
107
145
115
110
156
93
116
111
94
145
95
101
132
103
80
158
119
113
120
148
158
155
125
131
154
150
148
133
141
134
132
83
119
138
86
87
120
105
141
82
84
153
138
115
104
123
158
129
90
112
88
141
114
116
104
100
147
94
116
155
89
153
89
119
104
118
99
124
86
110
128
138
125
83
118
89
136
111
105
103
120
133
150
131
142
122
97
135
84
126
84
116
80
80
108
95
108
154
137
96
81
136
141
132
86
120
141
115
85
112
113
97
111
113
150
154
114
136
124
88
92
156
128
136
158
140
138
123
115
143
122
127
99
107
102
112
143
135
133
155
82
140
152
118
137
153
119
157
80
151
85
123
149
80
139
141
80
101
117
99
141
142
115
142
93
120
127
129
141
91
125
117
125
159
143
152
156
139
113
133
119
130
124
148
157
149
157
139
102
146
104
156
151
148
129
80
131
91
113
84
105
137
109
88
113
135
144
151
109
138
140
98
138
122
84
138
87
117
94
99
89
105
107
128
136
150
106
87
102
136
96
82
105
155
124
98
114
137
113
152
100
127
152
128
148
87
151
105
105
109
146
113
142
132
82
123
151
131
131
80
92
143
95
120
112
103
109
151
147
129
120
90
116
155
90
92
158
117
82
150
123
131
131
112
112
131
97
102
130
130
84
121
94
