210
70
829
1702
2006
1057
1231
1668
47
2100
1165
86
1063
552
1856
261
1667
961
159
1969
286
486
629
1540
1407
1404
866
1302
558
1052
1405
1450
1133
331
2094
629
111
978
256
1293
627
2068
1843
406
465
348
291
624
764
1866
357
1447
1044
1682
218
1559
763
1773
529
271
1413
1322
9
1452
1694
1029
1428
1036
505
1870
144
2023
488
384
331
56
113
1976
648
1258
919
1898
1162
1156
1481
175
58
1759
1021
779
1970
359
1919
506
1486
1782
173
2078
465
609
1103
1435
129
865
1890
1441
1525
1833
1473
1403
1315
2039
1309
349
601
197
418
293
990
1289
141
593
727
1319
832
396
1610
1523
267
528
1112
723
1225
1800
1050
1242
262
149
1241
1778
1849
102
1581
1427
1555
138
986
21
562
1016
256
79
91
524
1564
655
1548
2003
180
941
1098
120
1587
336
703
822
1875
1766
1496
941
153
1780
446
2100
1468
479
1273
1563
446
94
277
820
598
30
1241
375
945
1895
1296
1409
527
104
334
161
1181
113
2094
1976
1398
239
1531
1114
1598
1266
1863
1523
195
1578
315
1955
931
300
