150
50
102
95
101
97
98
99
96
103
102
103
103
103
99
104
96
104
104
99
102
105
95
104
95
101
103
97
102
101
97
105
97
102
97
102
98
103
100
101
98
103
100
100
98
96
99
103
102
102
100
98
103
101
97
102
105
99
98
104
96
96
98
97
100
95
99
105
103
95
97
98
99
104
95
99
103
102
97
99
96
97
104
99
101
95
98
102
97
97
102
97
105
104
101
105
104
96
99
99
102
102
100
103
100
99
105
95
96
103
101
101
99
99
96
101
102
105
99
96
96
99
95
102
102
97
100
100
100
98
104
105
102
98
99
95
100
98
95
102
95
97
96
95
99
98
97
101
103
97
96
105
