181
90
40
1408
731
1016
1456
1708
1410
1642
465
1255
1488
1378
995
1357
901
1107
1584
1197
296
1686
125
984
90
1503
1257
474
1526
1650
1706
158
1634
720
58
664
1796
961
1010
422
654
1794
1400
377
90
245
1262
382
71
543
626
1406
1638
1074
191
785
42
932
189
4
109
1195
1611
1073
689
1233
176
1163
14
1462
833
373
1314
260
458
61
1039
611
565
952
645
954
860
817
669
1490
1179
690
629
684
747
1390
662
1228
179
592
1534
1484
80
1360
1093
715
168
962
1128
1344
1357
808
380
741
1345
1726
478
1643
71
1348
1444
1087
474
1070
612
1357
431
86
201
490
1790
1671
911
186
844
1482
118
51
1068
636
433
683
1392
484
1691
395
83
166
887
1643
35
369
1185
1664
387
269
959
386
1042
78
909
763
1598
1023
258
1083
857
1488
80
618
1758
366
406
402
668
980
843
655
1810
1287
626
1170
1105
656
219
1296
1695
