270
90
130
173
128
93
49
57
91
174
13
123
98
40
171
23
96
12
137
82
93
6
113
62
65
46
138
24
104
12
22
64
66
60
70
104
119
149
5
68
1
91
115
30
151
146
93
157
141
57
5
157
20
113
158
71
21
86
159
162
24
69
25
22
171
37
84
116
48
91
97
9
67
134
126
88
5
20
163
81
28
92
144
82
33
132
31
90
60
119
56
25
53
31
77
83
148
132
128
166
113
154
45
176
174
16
157
175
3
126
13
133
122
165
82
82
126
130
26
40
55
32
52
111
90
35
44
75
38
14
46
118
30
135
81
46
160
64
5
33
6
132
3
161
153
79
129
113
62
118
89
98
81
171
85
104
141
164
133
164
17
73
166
37
96
106
137
93
61
72
117
68
10
38
164
9
5
55
136
47
51
18
11
113
64
109
154
22
125
168
62
138
49
132
106
151
173
174
153
16
119
150
49
166
170
29
127
146
33
126
131
108
4
33
173
133
176
42
5
50
32
62
136
164
177
175
136
160
83
85
19
51
156
119
132
36
113
36
167
70
105
91
143
177
80
159
48
82
52
82
49
107
60
112
128
160
141
127
144
151
130
177
138
24
148
48
147
27
78
36
84
52
