350
70
77
118
119
112
115
100
131
100
138
114
116
108
120
82
93
76
96
99
119
73
76
88
73
125
99
93
92
126
72
84
122
70
70
98
99
87
96
121
82
85
94
123
100
82
95
103
131
124
85
107
127
126
94
86
126
126
123
100
119
112
128
102
113
80
99
87
96
92
90
100
80
138
94
136
111
117
95
112
114
104
74
110
112
78
96
91
70
125
132
70
84
81
115
108
80
77
129
76
124
128
126
118
71
106
136
95
70
118
86
116
75
107
71
134
125
109
100
113
123
88
95
89
76
99
115
73
133
100
137
83
135
90
118
103
113
113
131
99
71
137
73
77
132
135
89
130
139
89
94
103
84
125
110
139
128
78
113
132
73
137
117
116
120
105
78
97
86
101
74
111
112
75
128
95
135
109
94
128
83
81
87
109
120
120
81
119
111
94
131
74
71
122
135
99
89
138
83
96
96
101
135
105
87
79
73
114
112
84
96
70
123
89
104
101
71
132
114
70
87
139
129
124
84
95
101
113
121
89
96
73
104
86
90
90
133
133
134
130
109
80
82
120
120
71
114
137
132
118
77
85
87
82
116
132
74
104
86
101
74
109
126
98
139
129
95
80
108
76
113
73
130
115
128
121
82
125
75
122
89
84
115
84
91
131
94
117
130
90
132
93
95
113
71
135
101
93
74
82
133
103
74
109
117
85
90
81
79
74
118
94
119
122
131
133
86
135
89
119
78
74
80
132
90
80
120
137
84
132
76
106
95
118
114
111
73
105
119
114
132
71
95
74
112
71
86
110
118
119
130
132
