1000
100
88
53
126
62
165
178
73
178
112
47
36
139
168
113
138
80
156
121
44
32
32
160
183
155
69
121
133
170
153
160
66
3
132
85
34
102
74
55
7
134
5
33
60
39
35
43
159
150
72
188
153
21
95
93
71
75
46
153
159
172
153
161
90
11
171
71
40
101
31
25
90
21
57
58
115
101
49
164
127
50
6
133
149
28
165
194
178
130
110
141
176
153
133
12
109
177
13
95
51
127
24
21
135
20
69
87
180
190
53
73
14
1
115
62
33
47
20
172
168
5
64
69
19
159
43
61
20
26
179
98
169
166
98
148
132
146
153
128
55
46
2
105
13
176
188
172
104
169
73
88
170
87
47
128
193
121
70
53
165
92
135
29
69
166
31
14
15
3
128
155
104
74
36
36
67
15
141
171
92
122
147
7
138
198
110
18
113
73
25
197
123
185
31
190
145
169
23
78
197
100
137
38
152
101
4
110
100
29
45
55
112
23
99
198
42
182
83
6
35
19
88
1
17
107
56
199
151
99
100
69
168
72
107
194
137
121
20
58
199
48
86
17
197
3
181
134
22
76
93
184
50
8
64
39
133
53
3
11
178
111
183
60
180
125
21
140
120
47
108
192
95
54
69
180
75
9
2
40
168
115
145
144
195
8
39
191
8
198
139
70
146
102
156
110
11
3
134
84
68
14
77
151
61
6
146
63
197
159
99
159
116
133
118
87
164
180
194
29
104
144
46
85
16
177
30
89
171
199
48
188
19
110
99
156
117
20
66
79
51
21
177
160
131
147
84
191
84
41
36
199
199
27
185
143
22
170
86
144
86
191
45
80
36
128
9
72
197
65
149
50
178
124
33
28
175
190
148
99
106
164
141
96
10
46
126
62
70
43
61
174
14
188
8
132
147
181
120
164
2
110
61
73
151
163
151
5
157
180
136
133
49
154
126
86
90
114
60
142
193
119
168
27
84
175
136
115
58
159
47
9
183
91
73
15
185
189
87
140
54
199
161
5
83
15
100
111
94
20
75
193
1
160
24
51
193
171
113
144
53
39
161
129
33
72
133
5
169
113
126
139
123
89
170
12
64
167
1
87
50
181
20
143
143
174
125
140
95
131
112
85
103
44
96
92
57
174
86
116
92
168
38
197
103
176
31
169
34
154
70
166
159
45
188
184
156
71
69
189
142
81
20
142
80
175
115
12
15
195
36
65
84
3
184
86
180
10
173
139
117
139
188
107
98
83
71
125
132
110
82
185
121
39
68
128
34
157
158
56
66
54
24
145
134
113
135
176
183
11
194
88
142
53
160
98
91
127
81
88
110
119
157
164
140
164
136
162
107
9
153
25
169
197
183
24
93
32
98
70
162
100
29
198
41
70
82
186
104
142
194
138
157
79
141
52
171
159
110
184
157
155
40
119
142
83
34
38
126
103
44
64
197
63
5
10
171
15
49
2
184
21
8
125
171
6
111
144
35
185
70
23
155
62
110
50
197
4
158
126
168
186
101
22
153
141
177
59
80
177
153
96
139
14
143
17
147
66
52
6
178
10
97
131
122
128
133
26
116
167
62
107
154
196
103
172
92
119
44
150
62
157
66
182
21
98
131
89
76
11
13
118
6
88
9
2
61
117
79
72
16
24
32
197
189
150
89
30
20
13
87
160
118
5
151
4
12
163
59
46
129
116
165
33
14
121
153
44
137
183
176
96
60
156
141
128
80
162
115
50
104
57
102
196
198
69
189
185
83
190
148
164
21
17
30
149
97
138
6
6
100
50
21
82
17
104
192
109
30
130
44
156
192
143
128
128
128
95
128
108
75
54
157
164
182
61
174
80
130
77
73
73
122
179
135
184
100
118
179
194
25
73
3
141
176
74
48
196
169
46
10
65
13
37
160
54
94
130
15
73
158
106
94
51
141
155
4
106
155
76
38
194
124
100
87
94
166
3
38
127
188
187
65
179
26
134
62
116
131
162
58
85
73
18
146
91
64
32
64
169
173
97
109
159
48
188
17
61
13
137
104
70
77
45
7
199
194
16
117
74
173
195
168
3
117
79
79
187
13
149
95
45
118
120
79
28
18
187
74
82
181
119
66
49
171
65
147
88
90
199
106
89
38
110
105
115
85
70
14
62
57
141
60
51
36
158
17
28
174
157
183
102
76
188
143
151
45
139
102
66
67
16
105
130
139
7
40
171
168
42
114
14
194
112
139
137
27
121
117
3
16
111
52
32
156
151
11
40
124
192
36
57
153
185
95
188
126
160
89
168
7
35
