270
90
102
97
104
99
101
102
105
103
105
102
103
100
101
104
101
101
98
96
105
103
103
99
96
100
100
101
95
103
102
96
97
95
102
96
96
104
105
101
103
103
105
95
102
95
103
102
98
104
102
98
104
99
100
100
95
102
100
99
105
104
103
101
101
95
105
98
98
100
102
95
95
95
105
95
102
101
105
97
100
95
97
100
100
99
98
101
105
95
97
95
105
99
95
98
99
103
102
103
97
100
105
99
96
98
95
104
96
97
103
98
95
101
105
105
102
103
95
95
99
99
98
97
105
95
99
99
102
105
97
97
96
99
102
100
95
98
95
98
96
105
103
105
103
97
96
100
100
100
105
101
100
105
97
97
104
103
99
105
96
97
105
97
101
95
102
104
98
104
95
104
101
98
105
95
97
103
100
104
96
97
99
97
96
96
97
103
98
98
98
104
100
99
98
97
104
96
98
105
97
104
99
100
100
99
96
102
99
96
105
105
100
105
98
99
95
97
97
104
102
96
102
99
97
103
103
103
104
100
102
95
100
96
99
104
97
101
101
103
102
103
96
102
104
103
104
105
100
104
101
96
104
98
103
98
102
105
96
100
97
101
101
104
101
95
100
100
105
103
102
102
