1050
70
95
67
37
15
66
87
32
73
63
68
36
39
20
78
25
15
79
80
29
44
26
51
40
45
69
83
77
50
55
39
51
8
62
14
6
24
54
22
64
45
59
100
20
72
11
99
45
40
42
84
43
36
28
61
2
81
30
84
1
19
53
53
47
1
74
26
67
13
69
10
56
94
26
47
87
95
46
8
20
68
75
37
19
14
39
94
31
98
3
18
62
45
19
49
70
36
18
57
16
47
87
68
39
88
29
98
60
49
47
11
23
59
95
66
36
26
67
43
46
68
17
17
21
53
2
48
4
69
34
32
60
28
25
61
39
80
76
13
71
59
39
75
16
49
42
97
2
89
26
49
5
67
28
68
44
36
70
63
76
83
1
96
45
16
7
52
81
31
14
48
23
99
39
93
80
10
92
38
70
94
100
27
95
5
44
11
6
11
26
59
35
88
15
80
47
76
19
18
25
45
56
58
59
72
57
40
45
68
25
62
53
5
53
25
44
33
17
87
68
35
35
33
66
89
91
58
32
55
86
11
2
95
58
14
94
7
15
74
26
40
37
25
25
27
48
94
89
77
96
12
96
53
96
6
39
58
82
58
47
54
49
54
88
36
35
25
58
13
41
32
86
93
11
65
69
27
62
91
80
35
81
26
89
31
37
27
47
56
61
28
13
56
9
86
78
78
27
65
12
11
90
45
9
98
92
31
22
19
8
68
7
99
86
46
14
50
91
53
3
40
25
64
73
88
69
38
70
100
21
49
24
72
2
92
16
65
31
61
70
64
97
92
54
63
90
18
13
70
72
24
12
75
9
88
2
91
17
30
29
91
12
44
39
16
80
83
35
79
33
73
28
45
94
23
86
25
31
96
94
62
30
76
65
21
55
28
83
80
64
76
37
12
49
60
89
94
28
87
94
87
75
84
8
4
68
31
71
17
4
52
8
17
30
32
90
97
9
83
25
85
100
72
37
4
11
90
1
68
35
30
93
83
73
29
15
45
20
60
59
95
96
74
11
67
34
36
92
20
36
20
41
22
85
81
78
23
84
86
24
52
13
58
25
14
26
38
34
39
25
29
16
20
29
6
10
50
69
96
71
74
22
89
48
10
94
66
35
10
31
21
71
7
15
44
97
87
71
8
18
64
23
58
91
15
83
67
77
84
90
80
74
46
7
70
62
58
31
66
95
89
54
36
95
13
20
68
36
26
9
56
71
8
96
29
76
20
62
42
72
16
71
72
87
79
52
67
86
99
15
68
99
30
49
85
9
58
4
100
6
11
52
32
5
22
95
49
63
32
100
54
47
55
80
70
52
48
99
30
80
66
72
92
72
96
33
85
73
84
33
3
84
48
35
86
49
69
84
55
20
91
41
83
15
80
60
10
11
20
33
10
67
89
67
94
61
44
55
76
50
100
61
12
87
7
46
94
90
8
62
95
6
20
34
38
37
50
45
77
16
19
56
62
72
39
55
54
66
28
60
5
3
89
32
23
33
76
49
100
25
62
38
42
60
95
74
49
98
78
66
2
41
72
69
2
84
43
53
17
58
87
49
37
69
13
36
4
27
55
95
59
28
14
67
21
36
41
42
85
3
91
45
47
74
26
99
78
92
52
97
57
36
17
30
76
97
2
31
39
3
54
76
2
19
73
9
42
50
59
75
52
3
84
18
17
95
55
84
86
63
3
84
73
17
47
63
95
65
45
96
26
20
36
26
29
100
6
19
16
75
11
98
80
71
36
32
96
48
60
56
98
93
7
9
48
18
85
91
19
1
44
33
14
95
72
11
66
63
69
36
59
30
22
51
77
62
6
64
74
4
16
27
77
48
51
73
2
38
55
95
87
8
78
31
88
34
71
19
55
36
31
14
28
47
36
69
38
25
39
53
14
6
56
6
93
19
73
67
44
97
52
6
85
4
27
62
1
12
66
97
5
58
44
3
38
38
42
84
17
71
59
99
25
24
70
71
72
24
26
22
42
29
89
65
37
71
21
79
38
28
70
5
1
64
23
29
67
44
7
45
20
31
69
7
92
40
91
20
24
70
18
76
86
58
54
82
79
81
68
78
88
61
34
40
16
64
46
95
11
46
24
48
88
56
56
92
15
50
61
66
68
66
53
11
12
77
82
9
91
51
58
60
29
43
55
37
90
67
49
35
44
77
37
83
91
93
8
11
38
93
73
28
67
13
13
79
92
48
32
21
28
25
97
99
4
60
39
49
61
66
40
76
30
62
65
39
95
8
8
80
68
37
2
60
85
5
54
87
96
86
77
30
55
85
60
22
17
3
22
49
87
84
30
80
59
85
79
67
91
31
1
9
93
86
26
14
20
27
11
88
1
33
70
41
26
71
16
33
44
13
87
89
61
24
72
70
37
40
46
64
48
