700
70
48
83
29
2
17
65
60
19
66
40
78
8
92
37
22
98
94
98
95
38
86
49
3
43
68
40
10
14
99
70
28
16
85
27
69
10
90
22
53
67
27
68
14
40
55
90
52
56
12
15
68
84
62
54
98
93
34
2
48
51
62
63
50
92
38
98
59
75
61
1
79
31
6
8
18
63
18
63
24
53
57
82
77
65
14
68
92
5
55
54
57
75
10
86
37
58
87
85
38
70
46
56
80
6
33
28
15
25
100
20
45
45
86
34
78
18
6
2
8
33
31
79
47
62
90
65
85
98
42
8
56
17
76
6
61
85
100
29
23
90
87
72
2
88
21
58
62
56
22
63
26
5
35
7
96
7
60
86
35
70
53
18
28
34
77
22
31
24
97
70
75
69
49
25
60
96
23
13
61
60
76
72
65
20
19
15
71
15
51
93
27
41
15
98
54
16
17
1
100
37
94
40
11
2
50
12
83
57
27
77
49
19
25
10
37
21
88
91
86
92
68
49
76
36
10
56
87
57
79
20
1
83
1
42
25
73
12
97
40
61
99
53
99
45
33
81
16
91
62
1
91
88
31
19
24
9
53
37
2
5
68
96
48
55
61
92
3
41
65
93
51
53
74
44
38
70
24
93
37
97
45
93
7
65
98
26
67
81
8
42
66
15
15
74
93
74
71
54
15
100
10
38
46
23
24
83
62
42
27
28
35
48
24
76
13
9
3
8
4
83
4
90
62
8
82
54
78
49
51
26
84
44
7
17
5
71
53
13
32
9
89
76
67
90
56
51
80
74
66
59
72
20
27
20
74
19
81
57
88
20
84
34
24
23
95
42
76
93
60
57
27
23
13
78
2
11
62
99
33
55
84
10
6
81
66
48
62
72
49
37
3
80
75
58
62
87
20
23
71
96
49
34
88
47
19
51
68
54
4
78
50
99
3
8
5
48
9
29
4
5
61
67
11
90
95
39
99
48
21
5
53
69
57
61
35
78
80
68
43
78
82
43
75
76
65
68
58
23
93
72
95
68
3
74
86
86
34
51
81
9
48
15
73
85
87
3
32
84
45
1
48
16
82
73
27
59
52
87
100
74
32
20
65
20
79
50
12
4
27
13
73
58
27
7
78
30
76
20
17
91
67
42
94
75
4
28
95
7
37
77
80
73
82
15
74
6
71
77
83
40
54
93
10
83
48
53
82
46
61
26
66
44
18
29
31
84
38
68
38
15
2
17
49
18
42
92
11
81
79
77
35
74
10
37
24
49
60
41
23
14
70
21
84
68
10
55
71
69
24
98
52
32
12
53
22
67
48
51
44
90
74
78
63
95
64
41
42
45
47
68
32
43
61
37
80
80
39
100
85
91
42
90
83
74
61
67
68
74
56
21
80
84
42
34
62
4
86
25
98
29
73
72
42
54
57
97
82
94
94
27
80
62
17
77
18
10
59
87
76
34
46
62
28
65
40
60
83
76
52
32
21
27
87
62
83
52
14
71
49
100
83
82
43
2
99
28
87
98
89
36
81
95
39
55
24
100
43
51
34
60
21
87
73
90
27
40
9
70
80
53
12
77
87
47
57
44
6
100
78
41
