800
80
141
121
59
32
67
25
47
150
84
69
48
136
144
9
110
75
8
87
126
22
81
138
44
13
45
144
86
64
108
49
40
92
27
128
52
140
57
9
88
110
56
112
35
5
39
145
32
100
94
26
63
13
92
43
104
88
69
116
121
158
102
69
29
65
87
121
158
135
28
26
43
125
123
83
13
47
90
25
22
119
39
40
45
55
22
38
64
139
122
34
47
157
23
34
156
126
53
22
27
97
119
47
50
25
80
159
43
20
3
51
61
90
97
97
125
41
3
3
123
51
87
87
117
2
114
103
158
52
139
48
133
28
78
156
87
59
134
6
63
18
54
44
9
75
154
18
36
102
97
67
15
108
130
67
111
39
5
145
17
47
126
69
78
130
12
54
91
138
49
8
28
28
33
105
91
150
37
99
24
53
30
79
124
154
67
57
99
94
14
30
86
40
11
49
158
140
147
72
30
58
11
49
29
19
144
46
34
61
119
72
34
125
64
63
87
65
42
88
96
57
87
86
97
128
59
72
37
140
99
63
5
96
18
16
81
60
49
112
15
22
143
108
57
134
22
111
77
77
75
138
73
74
65
75
10
109
124
15
5
85
95
51
138
103
151
131
9
139
72
7
9
100
67
88
152
124
53
43
74
118
11
39
90
61
124
37
11
55
65
132
141
123
153
74
143
110
48
36
17
15
97
120
35
141
70
74
94
12
124
24
75
43
112
87
38
44
157
3
119
36
132
12
29
46
48
146
152
15
36
69
98
112
114
116
126
159
35
36
153
118
80
3
107
43
146
103
89
132
102
94
103
38
114
130
110
18
91
90
4
33
87
138
155
89
114
12
67
112
100
76
144
32
38
132
149
115
30
4
146
107
119
154
31
123
67
113
44
111
149
26
103
116
29
152
109
40
56
63
128
156
83
1
77
116
22
69
63
25
113
16
140
52
92
10
110
45
15
142
88
104
80
93
124
25
48
5
80
7
52
30
5
21
49
70
121
40
69
63
75
95
150
22
67
71
50
105
69
97
143
50
80
137
28
64
69
133
143
37
126
152
41
36
2
147
119
156
38
62
108
117
37
85
97
128
128
12
65
112
143
2
69
124
149
67
130
58
129
16
70
54
99
115
35
66
157
4
127
123
125
33
104
70
33
20
45
44
44
21
106
98
33
90
138
147
102
69
147
113
137
73
7
43
92
22
35
124
56
32
58
86
100
128
83
138
159
36
117
66
51
111
93
142
153
58
97
68
124
126
111
10
92
146
22
68
89
19
134
31
70
31
24
125
35
120
33
23
13
94
115
35
145
150
65
80
12
127
21
8
107
80
147
31
156
139
1
16
36
90
126
103
123
154
65
37
135
18
46
56
84
19
99
103
95
64
58
1
157
48
54
146
142
115
37
20
77
68
20
17
57
86
15
8
125
63
144
45
90
95
51
94
97
157
2
113
140
103
132
27
17
60
147
132
99
105
89
50
110
46
142
118
50
75
151
17
143
44
136
45
32
55
143
58
28
138
83
125
70
158
83
104
84
77
122
156
15
80
87
156
153
156
99
129
150
130
77
144
9
39
118
132
114
63
2
92
85
131
46
117
96
46
130
155
49
49
93
12
117
60
110
72
72
10
90
137
152
124
120
34
140
99
144
117
55
2
46
10
62
97
45
54
62
74
18
12
69
80
52
91
91
60
109
153
75
22
73
61
117
9
51
71
65
128
87
41
121
24
126
154
8
22
144
84
60
73
29
72
69
40
14
138
26
1
76
143
141
90
131
130
42
85
92
59
98
151
48
117
112
53
117
15
76
53
153
148
75
58
99
96
68
56
