210
70
92
51
30
53
25
82
86
72
80
44
97
67
86
60
23
70
54
45
13
59
3
63
82
100
30
9
95
74
49
52
23
32
27
83
73
65
15
33
54
41
96
91
7
55
36
19
75
62
20
28
74
84
74
100
20
25
70
29
92
13
79
66
58
92
1
63
87
31
41
36
20
7
8
5
42
69
66
82
41
30
28
53
66
45
67
82
35
43
98
35
6
62
94
11
32
68
85
47
19
12
55
26
1
50
29
8
6
24
49
22
67
12
46
9
23
5
11
47
47
45
82
91
39
51
28
43
88
62
19
74
11
72
37
25
73
77
69
78
46
30
24
36
75
81
59
83
73
94
20
54
53
19
67
37
98
36
6
97
80
23
56
84
51
39
21
86
63
25
86
98
32
91
4
94
43
90
1
63
42
14
92
93
54
56
22
31
59
25
12
89
63
32
79
14
32
34
44
95
15
99
19
34
30
58
45
61
48
19
21
74
