1350
90
70
17
40
80
17
68
97
72
66
58
50
96
93
95
36
53
3
13
78
60
19
17
13
44
77
7
37
43
89
87
89
45
47
47
16
97
55
10
50
66
29
69
47
68
88
32
33
77
45
35
76
48
63
68
46
56
86
81
40
88
52
1
22
93
86
68
1
88
21
5
49
98
87
27
21
73
64
63
98
5
90
76
46
96
20
36
9
14
36
62
38
60
39
15
51
74
85
75
86
64
70
3
27
73
63
94
6
73
76
99
1
89
61
79
33
73
8
41
29
77
64
85
56
51
25
2
83
58
2
27
57
63
5
68
56
43
22
72
41
93
30
76
27
70
97
21
77
11
72
51
67
100
96
36
19
16
30
15
75
28
77
22
6
53
6
59
11
96
5
24
58
19
81
74
94
3
27
63
42
10
2
59
2
76
80
69
74
42
59
30
32
59
2
35
81
67
84
28
70
65
88
36
16
76
11
63
49
63
41
53
40
91
9
81
92
58
13
95
66
100
74
38
9
99
4
55
17
36
87
22
66
93
53
37
84
89
29
54
63
4
42
88
38
94
8
60
32
81
81
40
51
93
29
10
27
94
29
35
3
79
77
9
9
34
77
99
2
70
47
3
75
78
38
12
81
79
53
31
58
74
79
75
18
63
72
90
46
1
1
27
78
16
23
19
28
23
59
66
82
17
25
94
95
78
70
44
30
57
20
22
41
20
10
71
76
66
82
85
50
74
41
31
11
62
84
34
80
57
76
30
45
72
49
81
40
61
11
3
67
43
94
19
70
94
78
57
82
14
38
68
36
52
87
50
60
92
22
29
9
79
74
37
75
89
74
59
67
84
11
17
7
58
90
55
14
91
17
29
90
76
12
61
68
34
63
87
35
83
41
42
97
71
21
94
96
39
81
35
93
70
28
38
75
84
43
29
15
17
19
55
3
37
24
98
7
84
44
50
21
55
69
71
94
31
85
33
82
86
56
67
37
50
45
51
12
61
50
62
31
26
2
56
65
46
86
67
100
79
100
6
61
49
35
10
3
73
57
63
5
82
52
33
78
61
52
23
50
85
93
2
89
11
31
33
57
42
53
34
52
93
8
40
81
32
44
44
38
99
21
46
79
27
57
44
17
57
94
29
16
26
20
51
42
56
47
14
8
43
8
51
56
41
17
56
15
75
25
25
59
95
68
40
20
78
34
27
40
2
80
14
88
73
88
6
34
100
97
69
37
37
27
99
32
68
74
95
89
7
66
52
70
75
6
58
79
98
20
90
23
62
79
39
68
51
44
1
55
53
52
63
74
12
89
30
30
18
8
86
74
66
21
78
47
52
32
55
61
80
55
14
61
2
100
29
13
94
88
97
72
40
61
39
58
94
7
42
30
66
53
41
56
53
32
94
91
100
94
77
17
62
9
20
51
51
1
26
4
48
96
85
58
13
85
23
10
44
91
45
91
90
26
63
69
36
79
99
99
70
83
87
83
39
46
95
30
48
89
4
12
10
21
98
9
28
2
57
80
79
72
6
69
94
54
94
77
73
64
17
94
48
23
80
3
26
36
96
8
1
11
44
40
68
79
16
75
4
81
99
57
9
79
97
100
86
83
55
86
33
49
27
54
76
47
85
62
41
85
78
44
5
5
94
32
45
97
15
12
92
83
48
30
11
81
2
56
15
7
54
36
87
99
51
50
20
56
24
62
34
93
24
22
58
7
38
57
20
81
13
8
81
47
66
87
82
26
72
13
17
88
46
16
80
74
73
43
87
67
66
60
86
6
15
56
83
55
95
46
64
80
22
51
71
28
16
94
52
32
60
43
13
64
4
34
54
20
22
30
64
53
90
62
59
9
71
78
80
19
32
22
86
92
93
99
66
50
87
58
71
91
76
7
55
71
56
72
48
50
75
69
100
82
79
52
56
74
36
40
98
87
4
32
29
7
99
91
11
71
28
7
71
29
89
1
38
71
62
40
89
34
8
22
90
77
55
60
18
55
37
59
17
57
62
49
42
1
58
93
20
71
8
50
37
24
76
29
36
30
40
53
87
30
55
24
34
35
65
72
79
21
35
2
96
83
95
90
10
9
11
85
65
52
65
46
45
40
63
4
29
20
90
22
80
52
30
33
23
5
41
61
32
82
50
46
84
94
2
77
40
56
80
78
50
11
78
69
46
30
96
94
62
27
65
89
24
7
68
87
17
48
34
52
68
96
37
79
6
59
56
97
38
80
54
63
48
32
64
63
77
9
98
45
26
42
8
25
1
27
49
28
43
84
58
47
80
4
93
81
84
74
2
89
42
16
44
43
62
72
69
81
88
14
3
99
82
94
76
66
34
1
33
86
71
83
30
43
53
96
49
94
42
9
41
38
52
52
87
46
32
53
82
71
41
64
56
86
65
96
97
21
85
28
73
87
62
81
64
39
3
38
49
29
10
70
21
81
8
95
47
85
28
23
66
58
23
80
23
22
87
76
53
37
78
20
57
40
53
89
44
19
91
27
43
27
28
98
65
32
100
90
10
71
18
70
1
71
31
38
44
91
3
99
49
46
85
74
63
34
25
57
77
70
93
30
14
84
6
58
24
29
24
15
26
60
29
52
76
13
81
42
20
72
32
58
91
91
79
24
23
100
34
14
77
5
96
19
54
94
65
42
4
90
92
52
42
15
83
2
80
37
58
81
15
52
66
65
3
56
23
17
61
95
51
44
52
48
23
24
21
62
44
22
13
41
25
18
55
28
44
28
39
54
99
3
36
5
86
13
25
78
48
97
19
81
42
62
49
37
19
32
87
98
97
38
78
83
23
85
8
28
31
9
39
93
88
44
42
79
79
21
53
4
59
73
96
23
93
32
49
34
77
70
84
86
98
20
100
8
90
8
72
66
93
99
21
42
40
48
88
21
97
1
14
21
6
6
75
15
31
65
100
17
50
19
18
41
8
30
37
94
56
41
82
4
71
63
83
14
32
58
65
17
9
93
7
43
95
88
20
16
34
57
13
96
14
52
75
51
58
57
66
9
9
23
72
17
67
74
52
16
9
2
89
29
6
26
40
40
5
15
31
