1200
80
9214
10242
10406
9578
810
3801
11337
7088
8307
496
5241
5043
3934
11403
6677
3878
3559
2985
7320
4263
2516
2137
4358
2201
2413
9677
5760
7390
9334
1838
6960
5547
592
5848
11112
8321
2977
1965
6576
9021
11072
2092
6167
3708
2341
1755
9878
617
5347
3648
9233
3329
10791
4956
7338
3596
10752
8943
297
4346
3052
6575
572
249
1940
5320
7926
11907
11205
1190
9875
12000
641
2252
10113
8489
3736
5168
115
1579
8785
8670
1464
11305
92
9089
5246
2483
1987
7062
329
4785
9762
5593
6471
5778
5582
10445
8449
9683
4814
1930
5234
7114
7468
6165
6547
9205
7255
160
8387
4308
3409
1833
4529
7840
9071
9395
1856
208
10402
8603
10292
8596
4870
10264
10574
2738
5827
8253
2185
4193
3152
3730
2891
4078
4209
11670
4254
2488
4461
4432
8015
4010
753
9049
2425
8418
6243
467
1238
783
10084
10518
5049
9960
5654
8042
10879
8350
5603
6176
9602
7435
1760
11443
2599
8132
8230
3341
11260
1252
412
5135
5888
6601
2210
4135
6274
6117
1348
595
10588
8531
8975
9051
4718
10878
11185
2296
7258
4608
8800
9316
4341
6787
9824
5473
208
11926
1103
10842
9218
8892
6579
8985
6412
9046
8433
1558
2779
10581
9940
11749
7965
7829
306
1808
3860
4523
11942
3189
3459
1221
9972
7450
5983
2078
6284
5985
675
6075
9676
2372
6014
3673
9844
9819
9274
6024
8564
4416
11985
8361
3143
5482
3238
2895
11866
2069
6634
4604
5203
8431
2422
11539
3738
7022
7178
8184
2965
4417
5777
7821
2244
7747
6370
8263
9841
10857
1826
5591
7381
8534
7377
731
6718
10778
8637
3712
8224
4027
164
6154
4274
7234
3276
2654
1931
11524
7813
461
5862
3298
5287
8238
4627
6356
11821
7519
1554
403
45
7181
11910
10905
227
6183
1972
6010
893
1508
5475
10232
2779
6206
3858
7681
1187
2295
344
352
10310
5235
7654
11541
528
11307
4358
1054
11196
270
1954
1037
2887
7638
5901
6273
2510
2535
8467
9937
203
8483
4371
4197
2425
182
3720
11712
8024
8702
2843
4386
11353
7779
4050
413
4919
4464
11548
1570
803
6277
5087
10013
604
11145
9407
10605
3068
7775
7288
1288
9514
10289
1580
3861
6006
7394
5536
4463
10473
2340
579
11267
7480
2203
3323
402
10437
4143
11193
2027
10916
9815
6274
64
7017
9312
5063
740
3826
7385
9803
3963
9296
3810
4153
676
2500
3498
9525
7101
1675
4759
9653
6296
10963
3474
1615
8464
751
2931
196
2042
8839
5905
2174
9064
4638
11272
4205
3433
3458
4740
9028
8102
4769
2855
9511
511
9072
3524
2351
8116
9360
1496
10196
9725
10092
601
9856
739
5288
5107
6558
1397
165
9941
10428
8413
5909
7787
3426
9820
5944
921
580
10762
6011
10493
2468
542
2785
1153
1755
11543
10713
6065
1523
8617
3456
4374
9854
391
11974
5523
168
1664
1794
3284
747
4210
11321
3981
10783
8719
943
9515
7189
6514
8080
838
10722
558
6685
8988
7596
11821
9745
8867
7502
821
11514
1847
9795
11418
4897
7570
10414
5308
7949
10022
5678
1022
4966
7487
11017
6688
6524
11313
5006
1281
2712
670
1120
11759
5782
4294
11153
10419
2920
11299
6177
6199
4151
2089
11829
753
3401
7335
3171
7574
9414
3163
4569
7548
9285
1129
6113
11319
6025
9238
9703
1108
8136
5810
10344
5657
11731
1211
6474
6519
4554
3105
3674
9828
10993
8306
3629
430
11671
6563
8802
9946
245
3402
6527
9646
10532
11836
10930
6774
1671
5672
5644
6192
2006
9504
6613
4381
4193
794
2680
975
2259
7484
6063
10612
4715
9398
1503
623
9279
8475
3877
9067
5120
9696
4049
1213
3024
4881
11190
1692
10795
9888
6553
1221
644
5280
10360
506
9288
11212
11955
832
2465
4238
1117
9192
4197
6952
10035
5203
2407
463
3967
7764
2190
5086
4561
1316
295
2842
3417
10732
11008
3125
1588
4791
7385
3314
9319
11165
5421
2385
8926
11840
7958
8737
11418
5757
3734
1970
9531
11078
6634
5458
4168
9668
4715
5952
4351
4077
232
5768
7190
10309
11356
8119
8037
705
3930
6254
10362
4839
2927
7062
3741
8642
3542
7319
312
6865
3069
9682
10141
4320
62
7303
1703
2614
4192
11146
11546
10420
6595
4966
11361
8924
439
729
9428
3808
1454
1846
11250
10408
236
11263
10943
1993
7362
3855
2377
11162
2812
4945
9616
8984
688
3985
11846
2994
8631
3805
5073
6853
5840
10858
10754
4284
7161
8950
5358
11486
3893
6580
70
264
2028
6344
5549
10064
10625
2988
6758
7163
9737
8231
11260
4705
110
1306
4153
4945
5223
2017
5062
10246
3530
5388
791
5592
10038
5904
9255
3880
4975
1049
773
2626
4054
5136
11731
5622
11227
1800
367
8093
6189
919
3200
8065
5452
9408
10592
5725
7107
6303
5446
3533
10228
8975
5269
8362
10528
273
6940
5760
5074
2641
390
7080
2883
1821
7451
3008
3397
10259
7334
11529
3218
3838
3795
1492
11785
6986
4407
3620
2543
6833
11874
5537
9681
1414
5875
4015
1286
8665
8491
1
5559
5392
1215
7733
2611
4283
10863
11740
4927
10228
1361
8869
8830
324
8326
9183
10130
900
2399
2068
5128
8369
6671
7841
11142
11364
915
3407
3810
47
8141
11827
2745
8377
11360
9335
2399
5099
10835
5356
8703
509
1308
10840
5125
11890
9346
500
7737
10700
2968
8950
971
5083
8590
11630
10973
11273
2756
4874
930
3990
178
9954
11441
9238
8616
1925
4462
88
3906
8689
7284
10442
7139
6215
8470
6743
10897
7159
5426
10303
6718
6232
8885
4817
5867
10352
4683
10452
5157
11593
1999
1782
2195
4065
1361
4432
2251
3280
3793
11834
4369
11196
11458
2630
2122
7357
7198
6234
7609
249
7833
1876
10343
9521
2314
5965
265
8093
8210
10518
5511
9370
518
4108
9912
10994
9980
8151
3073
7967
6161
10970
11312
4962
10459
926
218
1728
4529
100
3153
1812
8696
2917
7817
43
6731
3173
5681
5701
5481
6121
11253
2595
3806
4150
7615
6857
3700
929
11001
6676
10789
584
3540
9600
11416
529
4338
5913
3389
9063
4624
5395
10619
2384
10714
10308
1184
9721
4715
10067
9115
8310
4375
10891
1319
11325
5727
7208
7176
7375
2853
7620
2202
171
1059
9474
2360
6419
3814
6257
1638
4130
4204
7008
10723
11473
1830
5815
11142
9386
4249
9007
536
2898
2150
2528
11883
8245
1042
11813
3755
2003
2367
9390
10905
8876
8126
11596
1728
11145
3588
8324
9934
4371
1339
2983
3304
5307
6687
159
2442
11696
8845
4181
5606
5646
1891
1238
9575
153
39
10455
10629
7483
11626
2303
6614
6082
9964
7632
7126
1889
8005
11072
6845
256
5729
11579
9215
2107
103
9371
4511
8125
3420
8131
9805
2944
7541
4006
4578
1018
4690
4612
7047
283
4263
9044
4736
10182
10658
11634
7919
9876
9156
634
3570
8737
7356
11650
10704
4854
1001
3657
2993
9930
4340
4481
8220
8084
2361
1949
4635
10088
301
11411
7174
8837
4246
9487
11834
2902
8268
10140
7206
11353
2991
10207
10275
9743
11193
5276
3645
8143
3396
811
7504
9203
2757
6775
1898
6161
