450
30
2383
3685
3978
1587
3173
4172
1231
2292
2726
2214
1060
1185
4198
3434
2252
3975
1979
3576
1257
2903
2571
2456
2471
1329
2213
1843
3623
3827
552
1748
504
1266
4150
449
3463
877
3023
715
4236
4433
3963
926
2956
1768
2392
4099
2696
1512
2237
3579
2772
411
4043
3177
4193
4417
61
3565
3305
2507
3741
1217
3218
972
2163
741
3448
1720
3746
40
2420
2989
4255
3418
4066
1947
547
3444
99
827
505
904
4337
894
3033
1469
3757
2361
3894
829
2918
4195
1258
799
48
1881
3793
1813
3035
1172
3012
592
3104
3841
217
2721
884
1714
1207
3167
3889
1294
3039
355
715
2802
2774
4469
2081
533
2076
223
2795
1356
4169
4197
2772
1497
1784
3649
2957
2221
610
1236
4097
2847
1645
831
3185
292
1797
3663
3081
2422
2380
2853
3287
2272
2015
575
560
2133
3580
3780
4119
4116
1324
3297
3968
47
2372
3715
476
1794
3920
2033
2145
1771
1756
3529
2318
235
4077
3591
2119
2319
3951
555
2786
273
1754
1152
1884
1445
287
2521
1506
1694
3982
3468
2566
1335
4287
1468
4454
2535
914
1916
25
2231
3074
234
3146
744
3939
1927
4347
454
2905
4419
3296
4183
2827
1169
1466
3561
4265
1375
3235
1467
281
1579
497
1454
3728
4057
2353
2438
3863
803
986
4462
1796
934
989
4051
2694
1830
4208
3503
4127
788
3849
2046
3550
2206
3469
1567
3353
1383
2042
1379
2964
2836
4415
702
2401
3978
1954
1763
3343
3871
226
3588
3117
3195
233
1569
1279
2652
2506
4218
15
1580
590
3820
3338
2973
3007
3064
4389
691
4473
1002
28
1709
4237
442
1410
2143
502
2450
3387
3003
3
586
1951
3750
2128
1177
2778
1763
4285
2097
2318
3403
3968
3773
1949
4158
1901
224
79
3043
3665
4359
2866
3953
798
2625
2071
4078
1453
214
1287
103
635
2178
634
871
2617
3392
3379
3059
1550
1597
987
2803
4466
3711
800
1761
4458
306
2858
745
2628
2333
2007
884
4044
4056
1750
353
2420
4043
3526
782
870
3540
2522
1046
937
446
3907
3479
1594
2076
2369
4464
3068
4221
3577
651
3244
4053
926
2671
1766
4023
1047
4293
4441
2424
300
3543
3247
1270
1155
623
1588
1764
2671
2933
1095
3440
1360
1105
2329
3839
3470
2698
1910
2952
825
883
3192
3088
933
1791
2474
1530
2865
4183
690
148
3025
176
1545
4324
4470
2738
152
3414
3718
564
1344
4001
2722
1093
2347
2204
3129
4049
100
784
2079
1731
2511
2024
2259
827
775
2008
1677
113
4023
238
2525
2671
