1500
100
38
47
95
79
54
80
82
71
54
9
92
54
71
16
10
25
50
94
39
81
16
94
65
51
33
1
69
78
58
30
8
83
41
31
83
42
4
19
33
93
86
61
67
53
68
72
21
7
59
34
78
100
3
98
20
91
57
35
37
27
76
61
82
80
65
52
84
53
48
7
39
8
92
27
61
89
92
20
62
85
90
10
36
84
25
40
36
38
76
52
14
11
6
34
73
91
16
66
94
98
33
8
13
52
94
23
10
44
81
67
15
24
5
65
71
53
23
30
86
96
81
85
82
30
15
44
70
26
99
67
13
97
71
64
100
7
51
77
88
55
50
83
28
56
33
6
40
67
92
19
48
37
12
88
96
64
29
89
4
70
7
40
80
82
78
65
47
45
47
2
81
28
87
100
43
14
75
14
71
36
62
39
46
62
32
55
25
33
61
56
41
94
1
18
26
100
45
80
100
89
76
98
1
63
92
8
94
61
86
28
90
91
14
89
76
55
39
68
8
93
79
56
15
59
56
52
49
98
76
33
67
38
97
42
10
86
57
8
1
89
8
66
94
57
87
1
57
73
93
96
26
16
63
29
67
54
59
61
13
96
19
58
14
73
34
3
98
2
75
2
20
9
54
85
49
58
72
80
70
53
62
12
55
75
99
61
57
38
67
53
1
14
78
53
2
90
82
80
72
67
67
98
90
49
21
55
75
29
81
48
23
67
75
5
64
69
12
89
56
22
17
42
50
55
6
70
51
30
76
15
51
45
32
54
88
80
41
60
16
2
30
22
87
60
95
85
24
80
60
72
55
16
15
20
62
97
100
68
40
66
46
83
90
3
23
89
35
10
48
34
52
3
75
53
82
14
48
44
39
2
68
79
29
91
97
61
22
35
30
73
52
14
100
67
94
47
11
4
5
21
35
43
49
24
55
50
98
88
95
72
11
17
35
9
80
100
56
7
77
7
16
24
52
38
2
30
31
75
99
48
55
67
61
70
27
37
56
47
13
33
85
6
17
15
45
26
84
17
92
1
62
28
18
69
90
97
58
46
65
83
86
47
35
27
86
17
86
60
96
6
18
57
12
9
76
57
27
47
68
39
36
33
26
64
24
16
85
95
83
38
96
62
100
62
1
69
91
34
43
30
36
72
74
49
11
79
98
72
65
56
17
57
67
5
4
89
90
1
40
51
27
62
51
76
45
96
89
89
17
32
9
51
91
50
80
76
64
56
8
9
93
31
77
65
58
69
83
2
61
72
39
60
23
91
38
74
62
66
41
37
96
27
95
24
71
87
99
9
100
30
40
94
46
80
19
62
26
92
29
73
19
56
87
33
52
69
51
40
75
75
81
41
98
94
87
55
81
88
28
92
57
36
97
49
74
94
3
77
99
68
7
72
38
68
18
97
26
15
29
47
10
24
65
1
29
96
40
48
8
21
2
77
73
28
37
18
96
94
45
77
86
100
72
55
35
51
62
6
47
4
99
40
44
34
79
51
86
53
94
3
58
63
89
16
5
90
18
7
53
60
34
84
37
12
85
2
43
7
46
64
98
14
47
3
29
58
9
71
20
97
83
44
5
98
90
6
96
52
38
19
55
58
54
82
91
62
96
29
59
45
91
92
97
89
32
83
33
49
11
24
91
46
100
9
67
28
57
62
88
7
78
97
63
2
60
56
2
27
100
20
18
87
93
81
64
71
94
67
67
84
57
52
31
92
47
44
73
26
38
4
97
40
46
31
69
31
31
13
40
56
55
95
18
61
55
95
88
99
48
73
6
57
23
65
65
88
60
45
26
20
24
61
74
44
61
83
17
16
45
97
39
61
46
48
79
80
38
95
13
82
1
90
43
88
74
42
45
52
9
48
83
40
79
49
50
77
76
84
23
96
31
67
43
41
56
15
68
97
91
28
62
95
82
63
58
67
59
9
29
51
20
59
17
87
90
49
93
87
56
99
70
14
97
47
86
97
92
5
26
28
62
72
15
89
33
37
64
23
90
56
58
55
86
53
100
65
71
63
66
15
73
62
31
68
68
14
22
59
65
89
17
64
91
18
87
95
23
18
74
48
48
14
97
85
99
59
21
31
23
5
9
68
82
19
55
93
70
37
33
3
77
65
76
4
94
1
12
8
24
30
74
95
52
41
70
46
99
31
72
77
93
42
37
45
64
54
14
70
55
80
35
69
59
26
68
35
28
7
65
18
6
86
29
35
60
1
15
69
94
21
22
30
80
38
76
78
83
55
46
9
76
39
96
56
5
44
11
90
8
22
30
8
27
15
6
66
74
57
77
22
39
100
71
28
3
14
89
20
61
58
37
52
89
24
28
88
31
13
87
62
80
60
40
91
68
26
50
35
80
34
87
28
70
11
9
67
32
36
1
59
46
80
4
23
31
18
2
49
37
47
56
69
37
63
35
33
95
30
2
14
83
21
13
60
84
90
52
7
10
41
7
54
96
23
99
34
56
48
97
33
81
67
11
37
16
51
86
29
30
82
82
36
87
26
38
32
65
74
87
67
73
100
50
75
2
86
59
89
59
4
65
7
18
42
67
44
12
49
59
24
58
82
83
66
35
14
58
78
37
100
2
75
25
70
91
10
100
93
10
1
94
49
69
99
4
97
20
66
33
19
13
86
11
35
53
50
87
45
9
55
7
53
61
90
34
50
98
74
51
73
49
53
38
40
8
16
66
82
33
66
17
91
55
62
99
34
10
37
98
81
34
91
84
58
71
12
35
71
90
18
31
5
19
48
7
81
99
82
27
65
70
41
51
42
32
97
8
40
58
36
33
10
23
21
39
61
56
78
85
2
25
33
69
61
70
78
80
73
84
22
83
48
97
10
55
4
80
55
22
54
60
61
75
87
29
32
98
67
77
90
2
75
40
36
90
11
68
2
18
40
75
36
49
66
81
5
21
19
31
29
39
30
3
10
53
1
61
45
26
48
12
65
4
45
44
44
21
80
50
66
88
49
13
76
31
78
84
61
43
93
45
93
96
36
43
56
96
83
34
80
48
72
71
8
98
23
37
60
20
13
69
90
66
16
82
25
85
63
37
54
28
33
95
70
85
3
83
41
10
59
61
50
37
73
9
85
21
57
41
23
79
20
32
33
90
65
80
67
76
76
99
34
12
90
76
65
73
68
73
9
23
16
80
87
30
28
1
59
22
13
24
30
97
58
94
53
46
47
9
93
8
82
70
18
20
57
21
66
68
97
50
59
46
70
93
12
45
8
92
68
33
13
45
93
49
6
1
79
51
12
69
69
80
45
19
90
67
87
3
48
56
80
66
59
57
72
56
89
9
40
69
38
95
29
56
88
39
84
41
25
82
99
12
83
19
8
52
41
21
7
52
20
10
77
22
59
64
59
88
33
16
71
39
95
45
97
31
76
82
29
