450
90
1387
3825
2262
1373
3487
1186
833
3041
4208
3896
3871
678
2070
1883
3232
1800
715
3779
3011
3210
405
1677
763
2407
1065
1432
3953
2246
4289
3939
331
2186
4260
260
3701
3273
4194
2761
3751
1915
1169
2414
1461
1606
2878
3397
929
432
3958
2798
213
3295
3441
4227
262
1017
2639
3524
3900
1942
4172
4474
108
1183
2432
1726
1794
3813
1846
3018
665
3650
3183
4480
2600
2299
2790
2659
2657
1556
977
2288
3190
3733
92
2710
3170
1918
3312
490
3276
2294
953
443
4485
2084
2323
2423
1693
3175
4083
559
4128
1565
4048
583
783
2305
439
1632
2507
190
3366
953
31
2370
4403
2115
32
1480
1879
3352
1548
798
2997
313
1014
33
2188
2540
574
1938
1850
1292
2175
3098
752
4274
1674
1348
3389
649
1250
4401
1576
2096
2818
2285
457
2387
3773
2095
519
3472
4284
15
3173
1614
2716
1338
1096
759
2492
1684
3632
2503
3914
1931
1659
2782
2034
2160
2653
1481
887
4392
4494
4160
2080
2329
3478
2999
2996
4324
841
989
37
4200
1797
2235
647
3845
1857
2624
3073
3833
982
1465
4274
4233
203
1103
3462
1884
2045
3852
2092
2082
31
656
2397
4386
3212
3194
2489
1934
2636
2366
927
2943
4154
1624
2627
774
499
3901
553
3084
4227
2504
1302
1977
4389
2722
1145
3181
3101
635
1228
83
2986
2769
3720
3408
3071
515
2110
2537
2025
3893
3823
558
2184
3544
3074
986
3108
401
3800
524
2902
1662
4215
3810
3426
2336
763
4274
2628
886
430
2569
1249
2568
3424
4133
4391
2979
4261
3979
1437
2727
4376
3916
4259
4426
2709
3805
1236
3903
3407
3692
3192
3564
2462
113
1647
310
3304
1596
2538
170
2318
392
3417
1802
2899
4427
4147
4247
3230
327
1583
927
260
1364
2789
1930
1894
2669
2584
4298
4246
4286
3677
4145
627
1689
3528
1205
1206
3225
4227
2110
3823
636
2799
4345
4320
4191
633
3431
4178
2834
1132
3088
3488
1982
2060
4208
3376
3392
2427
936
183
1523
2916
2602
2469
3089
1978
2381
1305
4149
1252
1148
2174
2018
1256
3596
2433
2057
3819
3277
3936
191
227
1929
2379
1371
55
3784
806
791
3507
4043
4026
2233
1761
1997
3554
58
35
2673
1897
956
3103
1650
3731
1746
3348
132
408
1459
984
4366
3372
1220
610
142
4314
3634
1402
2993
3994
4349
3740
2140
823
4353
287
769
302
4179
483
3793
4441
2841
1835
2599
4050
1544
2855
605
423
1282
4163
3076
1401
2932
3686
989
1431
1329
2290
3506
2335
286
3954
49
