450
30
38
59
51
59
49
45
49
55
50
32
53
49
46
38
30
55
37
45
44
50
31
39
50
36
39
39
48
52
55
34
30
42
45
34
32
50
35
36
52
41
40
46
43
50
42
58
46
30
46
30
52
39
35
33
52
56
52
40
33
32
33
39
57
50
59
52
54
35
51
30
36
57
39
33
35
52
34
57
41
57
37
32
50
49
46
44
36
53
52
58
59
43
33
51
52
30
34
46
48
49
36
57
36
55
46
58
34
40
30
34
51
52
39
46
57
34
42
55
41
41
53
59
39
54
57
44
55
34
56
56
52
51
47
46
48
37
32
32
46
34
56
36
32
40
36
51
52
32
54
54
30
32
47
51
53
56
59
58
42
38
59
53
41
42
51
37
33
31
43
50
35
34
59
42
54
55
56
47
32
32
38
58
58
59
49
48
33
36
48
31
43
42
49
50
59
55
40
51
35
30
40
52
40
37
55
59
46
37
33
30
46
40
31
51
51
40
30
32
50
43
45
41
36
31
46
49
35
34
47
36
41
31
56
49
48
55
38
30
47
59
45
55
31
43
37
33
51
37
35
50
31
32
53
44
49
38
34
50
54
41
39
32
52
34
47
39
56
44
40
41
56
48
33
33
40
47
54
57
31
36
58
56
30
34
50
42
52
35
49
58
32
36
44
49
45
59
38
39
32
52
58
35
55
30
41
54
51
54
45
59
38
55
58
42
44
40
37
52
30
37
44
35
41
59
34
47
31
59
32
52
53
37
39
46
48
58
43
46
53
46
34
58
41
30
47
36
42
52
46
52
42
32
38
39
51
31
47
55
39
35
34
49
48
36
45
46
35
58
48
47
34
43
33
50
32
31
48
49
30
31
39
35
33
39
58
30
44
48
59
37
44
34
39
59
56
42
44
30
36
40
49
53
36
41
43
53
54
46
51
53
38
56
49
30
43
46
54
48
32
38
49
50
54
56
35
39
47
58
35
41
49
34
57
31
32
59
48
50
38
50
47
46
46
40
43
47
54
57
48
38
