300
100
194
149
168
159
108
122
183
190
20
9
170
184
175
134
60
18
7
48
40
165
1
147
171
107
28
180
80
68
68
157
89
95
92
52
115
142
120
151
161
140
6
102
97
88
102
74
110
52
183
199
57
49
53
170
123
138
14
22
33
9
105
180
117
69
89
97
43
46
129
75
184
170
65
68
196
181
16
188
192
82
19
16
173
137
47
71
194
111
53
195
182
114
168
63
177
103
129
137
141
47
60
78
70
11
47
163
160
49
145
180
89
75
197
111
60
190
59
90
116
91
77
126
158
62
193
38
172
105
97
122
152
58
40
46
97
64
70
179
142
64
108
189
27
79
109
34
87
31
105
38
84
161
102
181
166
75
13
53
68
6
13
95
28
179
152
144
125
119
87
31
19
103
44
7
156
3
9
167
31
152
91
16
189
98
93
45
54
147
59
186
110
17
121
184
168
53
145
112
131
79
144
125
190
55
75
100
98
94
74
20
86
119
106
169
173
30
140
20
50
81
119
120
23
30
14
129
191
171
169
95
4
7
73
153
167
184
75
66
105
137
109
116
73
58
198
20
148
76
155
46
41
39
185
115
57
17
184
161
109
3
111
196
144
42
141
59
83
40
54
6
124
142
11
174
101
192
116
30
8
34
94
127
169
186
193
197
195
1
132
38
169
193
110
190
189
146
31
39
113
16
