500
100
13
96
89
79
23
56
49
67
74
68
44
7
11
32
37
58
45
80
28
56
29
92
41
46
30
78
46
26
64
52
30
32
94
25
76
42
46
95
97
67
33
12
17
35
42
58
55
23
18
97
57
2
16
90
40
22
5
37
80
53
59
21
9
87
14
79
20
13
20
84
83
14
30
3
9
9
30
60
3
35
51
77
28
35
51
20
96
29
86
70
61
83
30
67
98
94
89
2
89
91
78
59
73
4
28
99
7
18
43
44
96
14
62
57
27
15
32
25
44
90
16
65
41
5
44
55
39
64
46
36
68
44
1
93
94
11
91
50
29
87
83
3
75
88
47
8
59
71
91
69
44
11
60
100
17
47
94
87
96
94
72
63
92
4
63
22
79
77
78
49
79
54
8
34
79
93
63
31
50
15
3
13
55
5
65
86
50
9
28
61
61
41
93
65
92
33
28
2
36
75
31
62
47
29
22
2
25
5
27
81
69
59
99
57
33
57
36
43
76
23
25
95
47
91
74
84
83
93
59
75
97
63
80
70
38
40
65
83
96
49
67
3
75
14
6
31
94
84
69
81
21
44
42
52
29
79
89
20
90
54
98
17
58
32
94
11
92
87
41
49
41
44
37
44
30
1
91
40
48
37
20
54
42
30
2
40
92
15
44
78
68
100
98
3
26
89
29
27
96
83
6
20
90
63
81
84
41
58
92
36
92
80
87
28
36
82
41
26
60
76
65
37
98
43
39
22
6
82
35
74
40
28
46
84
47
84
84
65
97
15
80
82
41
63
61
41
100
45
98
38
4
16
11
30
11
66
63
2
87
60
31
74
36
98
3
85
87
78
76
17
23
56
61
41
73
29
50
57
42
41
35
87
40
93
27
91
24
82
3
63
55
1
54
47
48
76
97
32
56
95
48
92
29
35
57
59
26
25
21
75
63
81
86
1
49
59
99
96
28
59
49
61
27
49
14
4
83
45
69
7
64
61
53
41
11
65
77
41
76
47
21
8
76
10
27
73
8
62
24
12
90
38
31
94
76
45
94
7
49
15
18
71
17
53
24
46
41
36
97
85
49
40
15
4
20
98
9
80
55
54
73
11
99
18
55
62
12
2
52
47
31
68
43
29
58
32
22
49
1
55
