250
50
101
102
100
96
104
96
98
98
101
98
97
98
105
95
100
105
100
95
97
102
98
104
99
105
101
95
105
104
105
97
96
98
99
100
97
96
103
96
99
101
95
98
102
99
96
97
100
95
103
99
97
96
98
98
96
95
104
99
103
95
105
95
98
98
104
100
101
102
102
105
97
99
100
97
105
102
97
96
102
96
98
105
98
102
99
102
97
101
98
102
105
105
100
95
105
100
100
102
104
105
100
99
104
101
99
100
95
97
96
103
105
103
95
98
97
105
96
95
99
97
103
96
100
104
101
99
99
100
99
97
102
104
103
101
105
103
101
100
104
102
96
99
105
98
98
95
99
100
103
103
100
98
97
96
95
98
97
102
104
103
98
101
100
100
97
104
97
104
99
97
105
99
105
99
105
98
95
97
95
100
102
95
101
99
99
104
105
96
105
98
99
98
105
96
101
102
105
99
95
101
98
102
101
104
95
99
99
97
99
102
101
101
97
105
104
105
105
105
97
96
102
95
97
95
105
96
95
95
104
105
100
103
103
100
99
97
97
101
99
96
95
98
103
105
104
96
102
105
101
95
