210
70
91
75
105
134
118
87
100
118
111
135
104
136
129
92
89
105
107
115
131
74
135
95
76
127
115
105
89
131
138
113
127
120
83
135
99
113
80
93
136
128
104
115
115
121
95
89
82
132
139
72
117
134
88
113
135
87
119
98
139
104
75
127
129
82
127
80
118
96
112
82
120
123
137
86
92
130
127
99
120
109
71
105
75
102
114
106
89
101
112
71
103
70
85
106
138
90
97
104
94
88
114
119
112
115
91
124
132
110
82
113
128
94
96
109
131
80
77
105
132
122
119
85
111
89
137
115
71
110
109
76
116
139
79
116
135
134
89
90
98
115
75
93
87
88
108
86
127
81
136
85
101
71
131
135
124
125
138
91
122
97
120
77
116
95
91
132
123
80
134
135
78
127
87
117
136
81
91
122
104
133
104
82
88
74
75
90
110
89
107
81
112
85
98
103
137
97
100
82
78
102
131
87
82
100
71
88
135
138
99
77
