200
20
103
95
100
104
100
102
95
100
99
105
96
97
98
96
99
100
105
100
96
95
97
97
100
100
98
95
105
105
103
98
105
102
96
96
97
97
104
95
96
105
96
101
96
103
101
97
102
97
97
95
103
100
101
95
100
104
95
104
98
102
105
97
99
99
105
100
105
97
100
98
99
95
102
98
104
101
98
96
98
95
102
100
102
96
103
102
105
101
97
97
95
99
101
99
99
95
96
103
105
103
101
101
96
98
95
101
105
102
102
104
98
98
103
103
100
105
104
103
96
103
104
105
99
101
97
105
96
100
97
103
102
105
101
96
98
99
99
96
96
104
104
95
102
105
102
100
101
97
95
97
103
103
105
102
98
103
104
103
95
96
97
95
99
97
100
98
100
102
101
104
96
105
98
105
97
95
105
96
100
105
95
104
98
104
102
104
105
95
100
98
99
101
101
104
95
98
104
98
97
101
