1000
100
152
137
195
109
174
134
108
183
158
153
198
130
136
174
170
195
123
119
128
129
149
136
168
127
178
197
128
129
163
177
143
190
110
168
146
142
151
118
107
177
184
107
162
194
181
163
140
166
166
117
139
192
144
137
192
163
197
185
151
132
148
180
110
180
105
135
106
103
136
198
199
173
132
100
100
181
139
109
167
131
111
191
197
157
161
179
122
113
191
149
102
121
150
167
135
134
138
180
197
166
152
187
134
193
192
190
113
113
130
181
110
184
117
137
146
173
119
104
178
165
103
198
189
173
141
140
199
180
195
114
109
170
110
187
199
107
149
177
165
173
118
165
139
176
187
169
133
153
141
171
129
109
124
134
193
164
169
185
156
106
115
134
157
182
112
120
104
155
132
187
192
105
129
143
167
139
122
164
151
176
158
184
182
192
160
196
135
146
198
123
164
127
161
131
111
196
136
109
195
129
193
145
168
173
198
173
124
185
119
104
151
187
130
181
129
165
158
130
187
127
152
116
156
155
144
174
185
175
104
165
119
129
133
137
184
100
126
112
176
143
132
163
142
137
106
128
182
102
155
100
118
144
109
127
153
189
183
105
153
119
107
170
152
137
158
141
196
189
134
122
135
119
180
170
101
108
123
161
108
116
198
139
112
157
195
108
199
160
171
169
134
119
170
143
152
181
177
157
166
104
144
144
116
106
194
125
128
104
100
168
135
187
188
153
113
103
180
176
198
196
101
114
179
189
135
177
166
149
101
189
175
157
106
156
121
111
147
140
161
155
192
194
157
151
113
174
164
174
141
165
142
126
152
120
107
115
194
195
184
102
115
106
167
142
150
187
135
133
142
159
111
112
105
110
114
161
141
171
122
182
142
174
173
125
192
188
145
109
193
124
150
145
113
192
129
176
164
182
195
106
167
145
168
133
147
107
134
181
180
160
168
178
110
135
166
142
181
185
143
177
120
195
197
140
110
106
187
150
165
159
168
142
154
182
190
151
110
181
169
107
137
166
161
170
170
146
191
137
187
197
143
184
161
103
160
126
184
112
174
117
118
120
117
171
100
102
107
107
139
102
189
131
100
179
120
164
187
116
147
153
138
133
132
183
171
184
124
122
133
111
164
103
104
160
170
165
187
131
111
100
121
181
148
100
155
148
178
157
196
159
152
193
124
162
164
146
138
108
186
119
116
118
126
164
150
184
161
111
172
128
111
103
153
163
120
124
126
133
163
123
188
177
151
145
165
111
137
138
130
166
128
106
144
167
175
102
172
157
176
176
169
184
104
107
197
180
181
111
131
116
197
131
143
169
171
160
195
100
153
128
119
178
151
100
155
170
164
115
193
130
127
137
191
175
103
181
161
167
153
100
144
176
180
188
195
123
141
161
132
174
176
169
112
186
187
113
107
151
134
160
127
157
125
111
181
191
117
103
152
119
166
194
157
124
107
105
107
173
171
156
144
116
100
177
134
115
163
182
165
108
175
192
115
178
178
135
119
110
137
149
190
114
143
173
108
165
142
195
153
161
196
198
159
162
120
193
161
185
139
155
104
180
110
134
172
101
152
152
150
134
151
179
154
130
191
162
155
141
164
178
125
104
119
198
162
135
141
117
170
139
177
112
142
131
127
121
173
137
119
151
172
150
142
185
138
192
156
106
166
109
165
100
188
177
179
188
124
171
139
107
105
110
146
139
128
160
152
110
109
121
145
184
134
184
179
174
135
182
190
183
113
132
132
181
144
135
110
194
144
131
114
182
176
123
176
173
197
181
167
121
118
136
171
103
176
140
170
104
132
169
132
126
133
163
119
105
114
101
124
132
124
187
120
115
178
160
120
134
120
126
142
174
170
131
135
150
176
135
159
143
105
184
128
191
138
173
130
186
132
179
137
114
169
179
149
147
117
186
101
174
137
167
109
157
199
146
164
100
148
116
136
156
174
186
160
122
171
178
139
104
182
199
117
189
175
166
110
164
124
188
161
199
136
145
131
109
174
140
147
107
116
180
153
146
156
134
142
102
163
121
178
195
140
119
189
129
145
149
192
161
146
164
153
150
165
166
157
107
187
118
199
198
109
173
136
110
103
196
187
153
106
108
176
160
199
157
180
191
190
104
152
159
117
188
153
176
146
183
130
179
183
142
182
165
117
125
110
106
195
101
172
193
119
171
123
190
178
187
133
162
129
131
164
148
198
193
168
124
132
127
198
147
169
192
192
123
167
157
110
116
102
136
135
165
119
130
150
116
195
146
165
109
115
148
111
166
152
196
195
115
