200
40
78
30
18
75
20
69
57
45
22
19
1
48
26
46
69
63
16
12
17
67
12
43
12
5
66
2
17
32
71
45
21
45
21
33
59
13
30
63
63
60
2
6
10
20
7
54
31
17
7
33
61
17
50
65
37
45
3
47
36
15
48
23
24
74
71
70
17
3
22
40
15
59
66
5
28
19
74
7
39
16
4
19
63
75
73
61
68
68
72
36
65
66
4
35
22
35
68
66
28
46
29
13
72
42
64
9
56
66
33
27
76
62
20
60
56
26
6
54
1
42
24
33
32
13
72
14
1
64
3
25
1
77
66
42
60
45
8
65
30
36
28
68
26
7
16
33
14
14
7
77
37
56
57
30
51
59
22
43
71
6
60
61
10
25
35
32
58
67
13
42
4
72
42
65
55
14
75
3
77
53
48
64
73
30
27
25
54
39
39
56
46
5
75
25
61
41
63
63
30
6
