210
70
103
104
95
97
95
105
100
100
95
95
97
95
101
102
102
100
98
105
95
97
101
102
105
102
98
103
103
99
97
105
100
103
105
97
100
99
101
103
97
98
98
105
99
96
97
99
104
98
100
98
102
101
100
97
101
105
101
105
99
98
96
96
99
95
101
98
99
100
95
95
97
102
103
105
103
101
104
103
100
100
99
102
100
100
101
98
99
97
96
102
101
98
97
105
96
102
100
99
96
104
105
96
105
103
102
104
96
101
99
101
99
98
95
95
101
97
97
98
100
101
103
98
97
104
95
98
99
100
95
100
102
105
104
102
101
101
95
98
96
103
102
99
103
103
102
102
103
100
98
105
97
100
101
97
102
100
96
100
102
102
104
101
104
95
98
96
100
100
100
96
97
95
97
98
100
97
103
97
101
97
96
104
103
104
103
96
104
100
103
104
103
99
100
104
104
97
103
96
105
103
104
96
96
103
97
96
101
104
102
103
