200
40
7
80
90
50
58
54
8
20
91
63
29
56
47
48
66
57
25
68
91
99
28
81
35
78
77
47
68
63
45
44
50
76
73
40
1
69
59
86
32
97
73
71
90
19
35
49
82
70
59
65
88
92
35
41
54
25
79
23
58
39
10
18
70
84
86
76
76
17
61
63
97
84
96
22
44
49
15
44
98
3
87
59
15
29
8
38
75
43
79
66
67
76
74
34
11
92
47
68
55
70
45
41
83
19
75
87
48
86
100
25
60
57
87
69
1
90
46
62
44
8
17
88
100
41
67
23
46
97
3
96
31
68
92
71
60
41
39
55
31
6
87
12
72
45
29
97
86
50
77
74
13
55
86
42
34
5
38
30
13
49
90
72
42
43
22
23
46
94
8
22
33
85
89
7
71
33
30
72
89
48
2
28
59
13
16
67
26
50
63
73
15
13
100
60
93
83
92
62
85
6
