750
50
87
34
92
34
74
14
2
36
2
58
93
63
99
58
45
87
21
69
25
65
79
42
33
56
69
24
39
15
8
64
4
71
4
33
9
16
92
85
76
93
90
51
44
36
10
31
24
28
6
90
62
90
32
75
16
64
3
6
100
32
3
51
87
50
75
30
54
100
52
40
81
65
33
80
50
43
15
68
87
92
3
7
26
23
75
84
79
7
87
7
12
8
44
19
73
86
28
73
55
6
46
95
69
62
52
86
99
83
44
92
90
10
22
27
39
31
12
21
71
69
63
39
98
44
52
80
50
37
34
67
44
13
73
30
6
41
45
61
33
79
28
69
71
40
12
31
20
1
59
83
55
41
1
85
2
36
50
43
74
76
88
4
78
96
31
32
2
84
53
56
94
52
68
97
15
42
87
92
35
12
17
37
25
43
71
42
75
81
51
47
70
61
56
80
32
50
33
21
50
85
23
8
75
88
44
35
85
40
26
85
64
42
10
93
20
40
15
75
7
66
4
46
65
8
4
33
69
9
45
53
71
25
25
93
84
23
73
32
9
63
22
35
94
76
61
87
58
27
91
36
76
85
19
83
85
95
29
13
100
78
2
49
20
83
55
9
13
34
28
3
69
79
79
68
75
55
28
28
77
62
18
47
66
67
37
68
72
18
31
87
57
51
96
78
5
97
11
45
51
72
41
37
57
11
23
21
82
59
11
4
22
74
64
39
97
42
27
7
32
66
78
24
43
38
24
88
61
66
25
39
42
20
33
45
56
4
5
68
90
14
82
86
28
49
91
30
40
38
96
58
30
66
32
4
55
75
25
37
1
11
56
35
59
27
38
62
28
37
84
48
59
32
56
76
51
45
38
91
55
79
64
31
99
8
42
91
46
88
93
83
69
40
89
76
80
20
68
64
9
37
10
68
99
60
55
72
37
88
19
70
6
89
33
81
79
100
38
71
78
83
28
42
12
26
75
63
60
29
33
56
13
31
92
92
6
42
8
74
21
52
17
20
83
27
1
66
81
12
25
84
92
28
84
96
38
99
16
60
39
28
64
35
80
21
12
49
16
10
70
81
12
31
59
92
50
75
6
44
63
95
57
81
14
10
32
49
17
8
16
16
3
39
77
87
19
84
25
77
37
76
71
53
86
71
64
26
51
64
62
29
64
8
2
34
5
81
16
84
72
80
18
56
61
92
54
58
4
16
40
92
42
57
75
34
67
77
51
49
81
35
52
88
5
94
47
90
67
72
46
56
10
47
87
46
61
46
98
65
92
26
83
84
81
18
97
3
87
90
37
1
83
52
51
37
71
12
76
69
76
10
1
40
57
84
76
94
67
92
59
64
32
16
3
94
42
77
72
26
83
86
85
76
97
24
50
64
9
31
87
82
85
16
43
46
20
39
69
77
80
98
69
77
10
13
65
4
12
100
66
92
92
43
34
66
46
63
76
67
100
92
23
14
90
70
21
89
38
64
53
72
29
82
81
89
80
17
17
82
28
36
22
42
30
33
86
97
32
78
39
99
5
44
39
87
99
62
1
23
97
42
88
40
96
23
65
99
96
2
71
14
73
4
42
88
24
95
63
38
44
81
17
65
12
94
87
7
19
26
4
11
45
66
64
100
15
44
32
89
30
77
5
8
17
81
40
93
77
75
19
14
39
84
14
60
90
4
73
12
80
27
60
2
73
76
71
31
98
60
8
39
