161
80
158
129
107
143
89
135
106
154
102
132
115
91
124
153
116
96
89
81
157
113
119
115
159
142
93
96
118
98
119
102
94
108
118
98
153
152
154
94
152
126
103
151
104
109
81
138
91
122
154
154
139
88
110
91
123
103
148
156
81
106
142
122
102
145
87
149
82
126
100
113
96
121
96
138
102
155
154
128
145
90
147
133
138
132
118
97
82
106
85
97
146
93
90
96
132
91
157
83
139
118
87
131
136
132
153
148
106
152
86
151
112
131
116
157
120
152
106
146
131
144
148
110
159
154
91
102
84
151
83
137
124
159
132
140
131
125
149
127
148
111
120
157
156
149
105
142
143
128
116
89
82
110
92
139
150
158
158
107
116
135
94
