450
90
101
99
102
95
103
100
96
99
104
102
102
102
100
96
100
103
105
100
101
101
98
96
95
95
97
105
102
97
98
101
105
100
103
96
99
103
105
97
99
100
100
97
102
97
95
99
102
95
105
105
95
103
96
100
101
103
98
102
102
97
102
102
96
95
105
96
102
102
103
104
101
100
96
101
104
97
101
95
95
98
102
98
104
105
98
105
98
97
96
102
103
99
103
100
100
96
104
96
105
96
104
98
103
100
95
96
101
105
105
97
104
99
103
95
97
99
99
105
97
100
100
105
100
95
103
97
99
104
98
96
101
101
99
96
101
100
95
98
95
97
103
103
105
99
102
105
95
101
104
98
95
104
96
103
99
101
101
96
100
98
103
99
97
98
101
98
99
96
100
102
97
102
101
104
102
95
103
98
95
98
99
95
98
100
95
102
95
102
104
95
96
96
99
98
95
98
103
97
95
103
104
97
99
101
99
96
103
95
104
98
96
104
99
102
96
101
97
95
103
95
98
100
100
97
103
104
97
98
102
96
100
105
103
104
99
99
96
99
98
101
99
95
103
101
98
98
99
105
103
104
100
105
105
99
96
95
98
95
102
100
96
96
97
96
105
100
96
100
99
103
100
103
102
105
99
101
99
96
99
96
105
105
101
95
101
99
102
97
100
102
95
101
101
98
99
100
95
95
104
99
97
99
97
102
99
95
97
100
105
96
96
97
101
99
103
98
99
101
102
96
103
96
98
104
95
97
104
95
100
98
96
97
100
95
95
102
102
97
101
104
104
105
99
99
95
99
102
105
96
95
98
103
101
95
98
97
101
95
97
103
105
100
95
105
104
99
96
100
99
103
95
96
97
105
105
105
97
105
96
105
105
102
104
98
99
99
101
98
101
105
101
101
95
105
101
101
97
103
104
100
98
101
104
95
101
102
99
96
101
99
101
100
105
99
96
101
105
103
102
105
96
97
98
103
104
96
95
101
97
102
95
95
96
99
103
104
95
102
102
99
105
98
101
104
98
102
101
99
100
99
