200
40
1482
877
699
1255
1501
881
1414
1582
690
519
153
773
1565
1084
1089
1344
217
99
1082
241
701
785
88
288
698
1747
554
1750
1971
1301
576
966
1192
405
704
1878
1139
1811
1800
457
1784
1288
1548
1043
238
821
1222
1697
1208
1301
1149
1751
1365
1794
792
587
177
866
1334
1089
1276
1406
1641
1338
1457
478
1448
1754
1964
1607
1922
1438
1723
1684
720
65
1366
438
1016
1447
1329
1539
927
1198
852
673
725
1983
721
388
1786
554
1359
87
1693
497
1573
239
189
1315
242
272
1312
1138
1953
1908
1461
1414
562
660
51
1759
3
1569
771
527
792
84
584
209
607
1985
683
287
1828
513
1138
413
95
686
1685
636
564
310
1206
396
581
205
337
67
1740
306
1850
765
1466
591
383
1000
1616
1554
187
306
924
986
1053
1826
634
1708
1535
1192
1003
1755
950
1667
611
1149
1656
794
1013
431
1759
434
224
519
444
1385
478
525
1004
720
1521
457
184
1180
1787
1936
492
950
1112
1998
1264
1466
497
1322
1739
694
1772
754
831
892
