250
50
2
7
8
1
7
7
5
7
10
10
1
5
2
10
8
1
5
6
8
6
2
8
9
5
10
2
10
7
8
8
7
9
1
2
6
2
5
5
4
7
5
8
4
4
5
8
8
7
5
3
8
3
10
2
1
8
2
5
8
7
1
1
2
9
9
8
1
10
5
5
10
1
5
6
10
5
8
8
2
7
1
8
10
10
8
10
5
10
3
7
3
3
7
10
10
2
3
9
5
1
6
6
1
2
10
9
3
9
3
7
3
1
10
7
8
2
3
10
9
7
9
1
8
1
7
9
2
6
10
6
3
7
4
7
1
3
4
8
6
7
7
3
7
10
3
2
7
7
3
4
1
6
1
6
6
7
6
9
1
1
5
9
4
10
5
4
8
5
3
6
5
2
1
8
8
1
3
8
3
2
7
4
5
6
6
8
3
10
5
4
8
2
7
9
4
2
3
8
2
2
10
10
6
10
4
6
8
8
8
3
8
6
5
7
10
5
9
6
3
7
1
2
10
4
6
5
6
5
10
5
5
7
7
7
5
6
4
8
1
3
7
10
10
7
5
4
6
3
10
6
