150
30
1469
585
1260
1454
1183
395
1475
1306
1190
615
505
613
1044
36
58
1040
1136
612
122
399
180
1399
1268
62
1087
207
798
20
1403
153
183
797
923
241
637
1355
1029
973
284
227
772
805
1417
843
273
920
490
58
1221
851
544
786
1324
494
582
242
957
155
493
700
712
1020
330
713
1077
616
975
1101
1310
907
961
1258
1258
1305
1039
437
741
1352
1164
1101
1245
751
19
1026
567
402
1167
716
1082
762
889
188
681
71
75
417
686
1457
95
1087
787
1149
1224
480
1297
1329
906
897
168
273
1450
510
149
1405
1009
533
290
1491
1237
192
583
678
1321
329
586
12
1271
601
664
1137
876
305
1232
866
321
570
551
1421
905
713
1171
457
272
15
546
318
608
1088
1183
30
