900
90
164
90
110
93
116
100
162
166
131
104
164
116
134
172
163
93
132
129
109
150
93
97
135
102
123
168
100
168
109
127
103
111
90
119
164
156
107
162
130
96
146
142
106
102
131
107
155
151
141
161
139
133
171
94
130
174
140
93
112
118
129
132
92
125
127
109
95
135
115
133
138
164
137
175
164
127
109
124
90
120
117
114
115
133
172
113
177
123
155
148
96
163
153
161
131
174
156
100
148
116
139
171
134
143
106
161
90
98
112
132
108
165
101
119
125
144
96
175
140
135
172
109
119
130
104
94
136
132
167
90
123
118
174
121
130
127
141
104
108
166
112
168
179
142
126
167
152
140
172
129
160
117
101
101
171
123
157
101
152
143
92
144
137
162
153
129
123
139
107
103
111
109
150
178
171
96
126
144
131
171
176
108
92
126
157
108
102
140
175
128
174
93
100
92
107
105
152
126
169
114
113
153
153
170
99
146
94
170
103
93
121
167
152
148
99
161
113
168
117
131
98
127
130
177
139
145
145
159
143
144
169
174
173
175
125
127
104
174
103
101
112
127
138
108
99
157
125
98
166
104
93
129
129
158
104
104
144
118
148
178
118
107
140
146
91
156
131
100
124
138
97
111
100
132
152
99
164
148
136
102
176
112
149
179
113
107
96
127
104
113
90
113
113
118
119
159
122
111
108
141
156
159
179
133
143
175
175
110
139
105
130
120
107
99
113
99
120
163
122
136
152
173
103
102
144
143
93
162
122
141
97
104
132
157
148
121
150
129
132
161
165
135
125
136
136
102
112
122
129
159
133
174
127
110
175
174
153
137
139
169
110
113
90
127
142
135
128
163
173
90
141
166
144
179
174
166
175
128
138
126
148
132
147
109
112
145
145
104
170
138
158
123
159
99
176
167
102
135
131
175
121
143
100
171
177
163
123
162
149
124
123
124
173
156
178
105
99
138
113
142
123
118
115
115
156
153
104
142
117
172
90
167
138
126
139
136
104
128
165
96
122
171
148
96
163
173
172
101
169
178
127
123
98
106
163
138
110
171
99
129
149
114
140
154
129
153
171
160
152
159
146
169
127
152
126
130
161
179
136
151
118
164
105
121
122
121
164
93
155
168
155
137
90
103
143
127
130
179
165
157
104
132
133
96
160
163
98
142
116
115
160
135
106
122
137
148
155
121
170
178
105
127
98
117
156
131
116
143
128
158
99
106
121
177
159
133
129
127
144
91
164
111
109
174
108
109
144
173
139
171
118
96
96
162
123
132
126
168
155
90
157
90
110
164
142
159
120
118
109
132
96
106
146
121
116
163
138
176
91
178
132
166
96
171
90
145
122
110
158
94
178
129
96
132
151
168
142
168
144
107
163
144
90
111
151
118
122
121
114
161
133
112
130
110
164
142
140
104
132
130
159
158
161
134
152
163
93
114
158
110
178
109
139
151
103
117
175
137
108
125
101
123
131
92
169
108
108
104
176
105
149
97
102
165
144
153
150
112
141
136
142
103
109
155
167
146
94
124
148
157
149
161
108
144
122
91
115
175
92
139
95
97
161
176
144
102
92
161
98
115
135
107
112
177
103
176
101
118
118
124
144
121
120
112
168
91
176
104
92
140
140
179
110
149
176
97
98
101
151
150
153
169
109
128
177
157
176
165
172
150
118
145
175
133
110
158
119
123
142
138
158
164
94
136
153
121
177
122
179
119
98
136
108
175
148
117
156
132
173
123
179
116
137
138
173
106
97
118
92
99
125
177
129
139
126
130
119
121
125
165
162
127
125
130
92
135
171
110
116
173
147
129
139
114
105
137
122
137
150
167
90
134
179
99
127
120
145
162
171
125
168
111
149
170
179
166
159
140
135
160
179
100
114
137
159
176
121
118
179
174
144
103
127
113
116
99
169
165
153
104
167
111
175
115
92
114
118
111
101
144
153
110
134
116
108
93
168
137
175
171
139
102
146
178
127
121
120
139
147
143
168
140
170
147
131
152
177
176
134
159
157
139
115
144
138
132
109
127
135
178
136
160
176
101
117
134
152
90
102
137
