300
60
68
109
108
83
93
113
119
74
61
98
80
73
76
69
71
116
70
117
62
62
100
103
107
103
113
102
109
93
104
71
64
95
66
60
116
74
91
104
85
119
114
85
105
96
80
88
105
98
110
100
70
104
88
60
74
67
73
67
84
69
109
61
60
96
90
101
111
84
81
78
117
94
86
74
97
71
95
72
73
92
73
96
111
80
106
116
83
99
74
111
81
87
115
97
110
109
67
111
81
113
106
61
64
101
76
90
72
114
77
61
94
90
112
118
94
112
62
107
105
67
86
86
69
112
107
68
95
61
69
72
74
111
105
68
82
61
84
72
65
83
106
104
89
92
94
106
70
111
77
61
61
111
82
69
62
98
118
94
81
91
105
78
117
83
89
85
70
72
87
86
87
105
113
76
70
89
105
70
113
104
68
92
111
84
64
112
81
94
67
102
110
91
61
88
63
64
115
88
81
65
67
110
115
76
81
100
110
97
104
114
81
94
95
85
82
83
68
61
107
84
71
67
62
95
80
66
91
77
87
70
74
118
113
72
106
103
106
73
80
103
117
102
118
108
82
80
68
67
90
82
100
71
96
101
98
76
72
108
118
66
108
98
60
117
97
96
110
75
72
99
110
63
60
79
81
87
83
110
77
100
96
74
105
93
67
63
63
91
93
117
64
111
91
118
106
98
77
113
68
81
