150
10
1120
850
29
683
1158
878
8
43
1492
756
1270
617
1290
1408
820
103
555
635
919
557
559
73
1483
174
1005
744
705
168
574
1246
943
1187
1134
1323
508
548
667
1136
13
823
1123
912
834
421
435
198
903
85
1485
885
709
95
1065
949
1099
1050
676
700
1361
140
283
446
992
837
57
880
1167
918
1118
1170
282
1193
1310
680
1446
153
1115
908
1075
73
515
1031
961
1200
511
237
12
1066
994
1064
1159
273
1499
1231
255
1350
476
959
51
2
879
296
1270
949
392
1408
1489
717
1088
95
1405
240
1346
473
1445
118
612
450
782
1414
1486
791
1238
1205
1158
655
805
842
1222
1263
863
1436
1449
367
836
1117
669
965
1359
398
155
606
568
350
1331
431
1005
735
191
179
