201
100
132
177
134
145
123
161
129
169
150
167
144
185
177
120
147
103
152
157
129
150
172
158
167
186
184
185
179
107
182
176
172
130
124
154
132
116
117
173
114
143
141
179
119
158
158
174
186
134
143
112
164
137
158
181
147
169
138
162
145
179
129
102
191
120
135
145
158
187
159
108
188
185
150
132
100
191
140
178
195
146
106
127
186
155
190
112
170
106
150
130
161
139
123
132
171
150
180
153
150
177
124
123
193
193
102
197
188
181
190
151
146
154
110
192
104
177
135
123
120
144
143
161
163
181
187
119
108
146
174
118
176
179
155
176
152
193
190
141
196
108
125
142
165
181
195
178
171
155
149
164
128
184
139
154
105
165
173
143
199
132
196
139
173
190
197
106
155
176
196
113
136
179
159
123
120
129
149
194
166
123
182
138
100
131
150
124
148
108
172
195
137
111
135
192
182
122
112
164
122
125
189
