240
80
10
6
5
6
3
3
5
4
10
7
2
7
7
8
3
2
2
5
3
7
8
8
5
5
2
2
6
10
8
7
8
4
4
3
8
2
4
3
4
2
1
1
4
4
5
5
2
2
4
5
8
4
6
8
5
5
6
6
5
10
1
8
10
1
1
9
4
5
8
5
9
5
8
9
1
2
10
5
7
1
3
8
7
2
10
2
5
5
2
5
10
2
9
5
7
8
5
4
4
4
3
10
7
2
9
2
10
10
4
2
7
3
5
1
5
9
9
7
6
10
9
1
6
5
2
9
4
5
3
3
1
1
4
6
3
3
9
7
2
7
3
6
8
5
7
4
6
7
9
6
6
5
5
6
8
3
8
9
1
1
6
9
2
8
9
9
2
10
7
1
7
1
10
9
9
9
7
5
2
3
9
2
3
10
3
6
2
8
3
3
8
2
3
10
1
9
2
5
8
7
5
4
1
1
2
1
8
10
6
6
3
9
10
10
6
2
2
6
4
5
7
10
8
5
6
3
5
7
6
7
2
4
7
4
8
6
2
10
10
1
