200
20
31
20
87
42
80
1
75
75
77
18
81
85
71
49
16
97
65
55
91
57
22
22
65
36
80
16
49
24
35
18
59
40
89
69
94
20
75
91
23
60
16
62
15
12
41
90
95
75
48
53
89
41
30
72
11
88
84
7
59
7
47
43
14
82
73
26
90
23
73
9
18
30
14
40
68
12
71
68
2
23
40
50
20
69
37
13
58
12
96
22
89
45
28
62
33
92
76
41
7
23
94
80
73
39
92
90
47
28
79
64
74
67
73
46
18
13
5
1
4
50
45
11
67
54
11
1
84
63
12
86
100
49
32
9
24
10
18
91
11
48
34
77
54
77
70
94
58
59
11
54
38
76
83
45
70
40
63
39
60
9
67
16
39
16
97
73
64
84
15
49
63
35
64
91
34
23
61
72
18
6
28
52
6
28
49
32
15
94
31
24
93
100
80
69
22
52
76
3
90
94
