150
50
205
630
210
279
17
321
1141
125
521
40
83
505
9
623
1205
302
1227
887
562
1277
884
673
1110
811
909
946
1188
115
225
625
179
943
640
1205
973
147
40
520
418
515
779
695
284
570
935
180
1214
1462
767
24
1323
205
1267
1441
17
971
919
1363
73
303
7
738
637
1424
358
1035
274
431
572
334
716
103
554
1327
78
497
1250
1099
1441
14
1318
1013
132
1220
224
558
1076
1312
116
1076
980
247
786
1282
682
773
633
1364
656
1193
467
510
1196
233
977
1159
1442
17
1419
737
784
1295
1452
802
1100
947
660
826
826
1419
609
1168
1159
1321
455
1347
812
1230
1219
1314
476
133
804
945
1457
1413
1329
1187
770
1499
171
846
455
1236
483
1356
47
1281
575
296
