400
80
1895
2659
978
2671
2010
2557
1882
2170
3278
3058
2220
3635
1487
186
673
2962
2340
3462
2721
541
3092
511
2797
385
1435
2125
2431
3030
2251
862
3588
3523
3990
1642
465
261
1518
1136
2971
1256
2020
312
2433
1430
2565
1598
3220
1190
3621
3048
397
2990
1439
1310
223
1835
2068
2534
2538
2455
297
3392
3438
3533
2872
1522
1957
3985
3446
742
616
2443
774
981
567
3129
3284
1080
1536
3896
3677
168
3536
2364
3380
945
1655
650
3296
788
1388
3270
3865
3058
2374
2652
1695
533
2960
1488
2794
1851
937
216
2163
3940
3588
2894
2470
3620
3450
1222
950
1801
939
2949
481
1740
852
3740
299
449
3335
908
2073
2022
455
3196
2261
2979
3615
1904
1000
2901
1927
2007
3590
2737
3860
3200
594
1552
2602
2067
360
1202
1421
2620
2185
1550
2638
3358
377
1838
3781
3680
466
3145
471
2717
880
1854
1349
1611
742
1594
2951
2256
1209
3488
1661
2262
246
686
2490
2516
3966
1533
3248
3594
2670
585
30
3745
678
2587
30
3155
2679
2590
471
3960
2152
3568
2956
2014
2516
3738
1845
518
455
2771
1308
3040
3780
3973
992
3766
284
592
3257
201
83
3021
3250
3318
3934
10
1646
3660
1299
3411
1126
3057
3028
1653
2737
2827
1695
2098
1068
1404
1519
1304
2986
3416
2076
1593
3102
2031
492
3468
2905
1569
1480
1875
2158
941
919
1255
2434
2501
2989
1014
2243
2952
1283
3358
1101
2945
2978
1690
2337
1320
515
3013
1452
3566
2747
2709
1144
3258
3666
2221
3391
1500
500
960
2552
986
2286
1449
1219
1865
772
142
1851
3875
2097
1438
3524
2492
2720
2226
1665
1352
1539
655
2856
2304
1565
3983
2524
1010
1005
1646
2264
1588
3529
3869
3514
3084
432
632
2689
589
2929
885
707
1244
126
1467
2311
2368
2697
3985
2421
3107
492
3256
1230
1125
2291
510
3148
3
1956
1850
909
2109
566
3239
1789
2565
3301
3544
278
23
2154
3821
1755
2333
3648
3175
3277
2967
2885
2367
1154
2970
2075
1800
44
2212
1477
3778
1108
207
2467
263
77
618
752
1581
2587
2414
3602
3263
3329
1426
3401
2705
2357
1547
323
1477
2751
493
600
3869
3301
3424
2137
1854
3427
136
1495
1517
2588
1674
