1050
70
2099
839
3429
5858
9249
10444
5615
475
7386
9885
270
5169
9285
9976
5022
6671
8169
3183
5365
2949
8138
4425
9534
7577
6169
7049
3970
766
8335
6816
8651
9355
4760
5605
1154
5689
5777
9143
8451
5099
4487
1544
9296
7394
5401
1144
8668
9423
8085
4138
8185
183
2980
488
8518
4641
8900
3093
2194
2865
7824
1565
2075
4720
5772
8107
9496
9590
2500
59
8846
2327
6977
8456
9321
7941
9228
5203
8855
2046
5472
3496
3153
1955
8054
6705
7053
2802
60
1480
9350
10057
3338
1740
8014
9075
5791
71
4648
427
10096
2773
3654
8679
2525
7299
5406
10112
849
1604
7942
6318
7022
255
3012
2124
6119
9056
5275
3504
2178
2107
3328
7353
8390
8683
378
9253
1328
10390
5181
5060
2364
7451
484
7744
3314
8753
4825
8870
6800
1290
4656
9813
6628
1146
4246
9826
3883
843
6147
4579
7864
2307
6431
4437
883
10482
5998
6578
3400
5892
4061
7400
8625
3803
7744
3291
2189
1196
5826
5724
7538
6746
5106
5547
4831
5268
2157
8755
1599
5372
3170
4464
2066
2756
8393
4587
10387
7155
9813
7116
5596
2475
7232
6107
5331
5198
8426
3369
3215
131
5498
1773
2375
3115
7323
350
2495
1192
6021
2818
4107
3345
3957
9776
1257
10075
634
607
9127
1208
6303
4114
1393
10219
4976
8974
8721
2224
8535
9053
4978
1989
3202
6462
9805
8456
6846
4335
10395
8988
7909
9710
9513
8438
3627
5517
5776
10369
2257
6843
10431
2054
7314
1416
7298
8092
9628
7804
5948
3229
10219
1313
7808
9563
3644
2786
7536
3026
5841
9214
5990
10162
2367
10105
7594
503
3645
9071
1614
9983
17
9932
7343
9871
10052
7039
9633
6266
2643
7421
3647
560
9812
7688
9244
9771
4199
5977
1251
2472
4574
8292
9598
7091
4828
2260
2503
7331
10246
5153
6162
470
854
3695
2918
141
2799
1566
7979
5401
8107
4981
8185
8043
6027
6182
1048
8343
2423
3992
10500
2106
1534
5497
1186
4546
544
5541
7384
6122
4426
7985
1861
2789
5557
5086
8670
6212
7869
925
3214
8105
6270
5900
6592
9380
715
6320
6726
2134
7635
3825
7158
8723
8174
1019
1677
891
1992
3535
3306
7702
8616
3763
5973
6597
9564
10476
279
4464
3361
10214
2359
7189
747
5407
6995
4152
9077
8625
3440
6416
1478
6235
1596
9900
3994
3614
8761
1769
7376
5794
10421
8298
3306
5973
10458
4465
6522
4044
3820
3059
6472
5604
8833
7490
3729
6060
1217
4043
3687
2610
4363
10122
5371
2477
2889
3907
5926
1175
9125
1575
399
9533
7471
6647
9222
7293
4056
7420
5476
2045
1564
8569
1947
1343
3976
7495
7379
6783
1339
6346
5940
4117
10316
7285
7763
7646
783
7187
4657
7234
6508
5824
6877
5903
3217
893
9290
4641
7857
9542
4615
6109
10290
1527
9174
651
2384
2164
6574
1053
3974
3240
2754
8554
9946
4267
2634
8967
775
2459
6696
8100
3908
1292
2980
6599
10054
9215
10397
8463
10316
3986
3318
3987
7813
10050
9832
649
6556
2645
8223
2890
6616
3665
1188
640
9243
591
5835
1726
5137
9827
3782
4547
7813
444
3164
7400
7752
846
2738
6198
9308
266
4256
8769
1179
8768
9167
2060
10265
4402
9271
5846
2313
8107
4019
4458
5446
7618
9682
2331
598
8957
7260
7609
9
10277
2698
6553
5960
5930
8903
5447
1615
7418
1253
4338
1468
9366
1930
5317
9698
5967
3738
7771
6848
807
7642
4067
1570
5663
7420
2538
3354
2270
6865
9801
2909
1895
8621
7547
6307
9928
2064
4971
7841
7877
6615
1503
7346
4327
5243
8268
4520
4873
9979
2965
1248
8508
6923
5578
7093
2486
10347
10105
3779
9794
6909
8259
10309
8263
595
6261
1832
10054
2381
6365
7506
7703
7635
5283
206
10213
29
3239
3191
10347
6822
1973
1162
1077
1934
4635
5717
8143
10151
9464
9812
7134
6049
10101
4872
5680
193
9642
8635
7135
6268
9401
3461
145
7415
2389
5782
9504
9109
5303
4013
8782
388
2505
1900
8038
6126
7481
6623
5909
2242
9118
7719
3450
4910
6488
1469
7579
7321
2786
6128
7752
2196
539
4026
8392
10492
2520
4861
9691
5866
8362
7877
5525
10389
2949
6179
4086
3658
1353
7711
3407
4128
6554
1739
1426
6847
8797
100
325
8034
590
6150
4561
4697
8952
8806
4147
1650
51
1402
648
10028
4752
53
2795
6805
2567
7446
2056
6457
508
2806
3537
4440
3123
7954
1638
1412
10157
6797
7706
9285
230
4508
4515
3686
2976
10027
6118
8762
8511
8920
7352
4169
2400
9473
3936
1880
2857
10065
2235
8148
2933
638
7383
9100
2906
287
1475
1504
198
4822
8314
1646
4302
5852
2231
9587
2703
1211
2422
1527
1901
7895
4986
8242
9002
5686
3584
679
6262
6695
9198
7512
498
6212
4777
173
10420
6889
2987
2710
5139
3966
1303
2193
7001
3581
1288
7712
3829
1472
1297
7470
227
9110
8031
4679
1164
2823
10148
9727
7433
4818
8662
6429
60
3722
7859
10199
5702
5435
2323
4695
7648
4466
124
6789
4748
7210
8474
10411
6593
3363
8488
6475
9642
9044
6322
1035
7419
8341
6519
459
599
691
7845
7852
6015
3397
4997
9507
2216
4613
4766
6588
6568
7991
1996
9330
35
9160
10005
97
6000
1445
8528
786
7840
3462
1582
7763
5239
7696
6675
6782
7310
4251
9797
9306
2720
10015
3452
186
7373
413
195
1465
2294
9374
6303
8413
931
7710
3311
6694
3289
1081
1963
435
8533
2686
7903
8873
9192
5550
9485
7553
1630
8707
1906
492
2863
8733
5838
4810
1749
4341
3679
1787
3889
3566
9381
8809
4967
7700
7259
7772
8473
9202
2757
7165
1842
8654
7624
1495
4140
4243
5825
4610
5580
9418
2764
7301
7448
1879
6385
3132
4967
3303
7540
782
9003
4183
91
9195
2265
2969
3519
5168
2310
2257
8264
3337
2450
6322
7151
2375
886
7236
9797
10154
10217
9201
542
6653
9538
5760
6536
7512
1189
6690
7003
8174
8970
5113
10338
4573
6855
7234
8955
567
10328
2517
7312
7371
1716
520
5076
9900
5535
9213
3518
2144
9724
9951
4851
7470
7855
2983
4966
9376
4677
9378
1895
5177
7360
1113
7212
4145
7408
3414
403
5997
8024
778
8417
