180
60
26
41
37
34
81
83
51
85
34
27
15
1
30
1
51
29
64
65
72
40
88
87
14
100
53
28
86
48
53
16
65
61
91
46
31
72
37
60
89
99
10
85
56
15
57
26
70
64
24
30
50
60
93
82
62
61
45
51
90
56
42
26
21
49
25
92
7
65
67
25
48
80
19
61
96
14
80
53
46
29
45
23
17
51
99
17
10
91
73
4
86
79
86
49
84
12
97
49
1
51
26
74
100
75
3
1
32
2
41
46
52
44
7
51
84
3
98
94
53
17
98
31
46
29
34
19
68
45
44
37
21
29
75
84
41
43
68
20
50
100
78
6
18
11
21
39
74
46
25
77
34
28
77
52
49
44
40
3
79
58
11
7
26
26
27
42
70
92
14
95
62
60
39
50
54
15
7
68
34
88
