250
50
53
93
79
99
73
50
52
54
57
61
73
59
95
52
88
92
94
88
74
77
81
51
56
80
75
62
70
93
87
61
94
53
60
84
75
87
92
74
78
96
68
74
71
96
54
98
78
97
90
54
79
87
69
94
94
67
76
85
79
59
90
57
99
98
56
96
97
91
56
58
67
57
81
76
61
53
90
87
86
98
74
75
51
79
73
98
76
77
99
60
90
90
61
56
65
91
85
85
76
83
52
66
96
76
92
58
55
79
84
87
60
68
55
85
57
92
88
81
99
74
53
98
95
80
66
80
81
57
80
97
60
95
52
52
65
85
97
70
53
91
78
92
62
93
59
90
63
76
69
58
52
79
73
51
85
56
63
72
66
88
75
72
92
98
56
66
59
86
89
62
63
74
68
98
61
94
90
51
51
73
92
78
56
59
81
59
62
86
85
79
86
88
56
97
54
75
83
57
52
58
73
92
80
71
60
75
60
69
57
89
79
59
99
78
85
67
81
86
94
78
69
80
70
66
93
52
62
52
78
56
82
53
93
93
85
63
98
66
53
56
77
73
96
60
60
61
96
96
88
77
