900
90
48
65
90
67
21
8
52
63
63
48
79
43
2
95
48
53
77
13
22
74
15
1
88
96
47
10
7
59
93
71
73
7
98
72
3
91
66
16
46
30
25
87
89
48
88
24
20
17
97
29
12
86
13
72
68
78
94
97
46
65
29
43
79
37
12
100
49
93
95
90
73
22
44
20
98
66
39
4
76
41
42
29
85
58
78
97
56
25
50
85
85
67
66
61
26
49
66
98
86
24
85
19
71
77
1
46
53
80
55
64
12
38
88
64
93
66
100
6
36
87
68
71
25
9
4
13
76
40
73
95
70
27
21
69
4
93
48
69
98
90
68
57
24
15
19
43
49
16
26
56
82
14
19
7
24
97
15
79
10
72
15
99
4
11
86
96
36
48
68
9
66
43
6
23
77
15
29
19
96
88
3
51
46
32
57
4
1
81
39
62
36
55
24
68
53
42
3
29
7
54
16
89
5
34
13
78
13
84
74
62
1
4
69
77
94
15
3
79
23
93
59
96
48
74
29
99
56
19
100
73
12
20
47
26
12
27
8
31
98
70
88
26
58
62
38
71
42
88
5
35
39
53
3
47
42
98
62
16
56
27
20
58
84
71
16
93
40
19
87
79
28
30
45
65
55
85
74
21
92
89
90
75
18
61
4
35
5
82
19
54
37
48
21
48
38
36
50
38
64
91
83
42
37
26
14
49
98
66
35
59
19
65
59
28
13
30
65
6
33
38
32
96
14
82
81
45
25
82
43
83
13
32
37
60
76
35
97
100
36
47
79
7
5
59
5
58
87
87
98
13
7
1
3
55
58
83
93
88
34
86
8
81
12
88
42
48
89
80
78
92
48
84
28
17
58
47
92
94
75
16
37
9
12
11
82
6
74
44
63
97
35
47
49
11
10
100
89
67
13
32
17
53
26
37
44
28
75
69
35
91
17
29
12
4
1
69
68
90
70
95
64
100
90
79
12
49
41
38
77
38
4
35
60
5
68
65
47
68
6
10
34
2
95
10
20
88
94
20
86
66
31
99
52
35
91
32
39
78
22
10
64
72
42
19
9
70
52
11
40
87
93
47
56
64
51
11
21
25
46
4
53
50
62
34
22
53
51
53
87
30
21
93
94
44
26
44
70
1
82
4
20
10
24
78
35
83
92
33
54
58
88
82
52
7
6
3
30
21
39
15
50
3
34
62
25
3
4
20
68
3
85
14
55
79
5
6
100
58
72
11
30
80
2
42
85
82
43
17
52
42
4
18
2
80
23
92
62
66
84
63
18
71
7
84
54
39
54
72
42
2
4
64
63
100
45
98
55
74
86
72
60
43
94
53
73
81
77
6
31
39
23
82
82
81
36
60
28
95
5
41
99
37
89
19
35
14
85
80
71
20
25
31
71
58
33
77
21
67
18
64
49
80
34
13
19
56
46
68
8
64
74
10
68
95
7
42
76
36
83
89
10
76
68
74
32
30
16
80
56
32
35
7
71
22
18
98
87
90
31
24
49
40
85
47
55
91
74
8
28
87
11
54
87
11
17
39
29
16
99
58
22
35
61
1
99
59
99
100
63
36
3
65
48
38
14
1
49
90
9
49
9
20
53
40
47
12
88
15
41
84
65
28
67
88
46
16
8
51
40
42
34
85
71
87
12
56
35
75
32
53
58
60
79
99
3
98
89
92
33
56
56
68
81
56
89
10
48
45
64
60
73
29
54
97
29
73
43
98
55
18
60
9
93
34
51
68
5
61
4
86
32
47
53
90
27
79
11
29
86
92
67
6
13
25
87
62
100
13
33
7
59
75
77
30
43
61
92
17
4
62
80
14
68
4
36
10
35
31
1
68
54
84
30
34
83
25
98
52
16
22
16
9
37
11
23
69
45
71
98
93
35
52
79
92
67
8
90
97
35
68
56
21
57
34
48
43
22
60
71
17
64
64
89
56
73
17
31
56
64
48
42
51
43
5
1
66
42
70
66
37
89
48
78
46
21
89
24
75
12
96
71
38
38
47
21
54
72
6
81
40
21
65
24
58
34
82
23
99
99
67
