300
30
15
2
17
23
1
51
30
24
16
55
47
6
32
28
5
22
9
58
8
43
27
5
56
54
49
1
42
54
37
38
35
30
58
7
44
39
7
44
39
35
38
18
1
53
30
48
9
31
23
17
35
9
29
47
42
10
52
12
55
9
28
59
14
19
1
50
20
9
3
2
13
9
59
29
22
3
21
3
56
36
38
9
33
51
5
4
14
36
22
6
27
38
21
56
43
11
38
49
19
39
15
48
37
1
14
52
6
18
14
28
13
26
7
21
13
15
36
8
55
55
39
12
34
32
22
32
41
42
26
53
23
26
12
34
37
56
39
36
26
44
46
56
38
15
51
40
44
43
1
12
28
7
37
48
13
6
31
32
50
14
49
52
49
42
27
46
20
6
51
33
7
4
37
33
10
45
15
27
5
53
19
4
4
40
11
28
17
7
10
23
43
28
51
9
43
7
23
59
42
6
54
48
51
17
32
33
21
31
39
35
42
42
57
17
49
19
41
19
23
32
31
8
17
18
1
30
29
16
19
22
59
31
14
21
51
54
33
4
46
52
28
51
23
50
15
58
48
38
47
59
32
28
54
34
11
58
34
22
34
18
2
48
21
4
4
10
20
54
41
43
16
42
50
8
42
11
55
21
51
34
24
35
4
20
45
21
47
6
31
23
42
40
57
48
56
34
22
26
40
26
