1050
70
56
71
86
12
19
43
126
78
53
20
60
9
69
73
102
61
123
29
138
42
71
104
87
61
38
80
32
39
8
22
92
25
137
137
27
47
122
27
46
138
108
118
41
87
106
135
131
93
93
64
43
96
36
5
26
8
106
63
129
7
53
110
2
45
136
126
81
17
122
113
126
30
43
118
130
89
83
60
29
128
76
109
93
78
18
104
77
128
104
7
94
52
112
13
112
119
18
132
101
52
91
107
110
80
21
107
77
106
26
111
30
137
127
37
1
24
122
74
115
4
56
72
34
90
93
82
37
126
54
8
15
75
7
79
83
86
138
109
31
58
17
13
131
50
55
79
11
91
57
124
121
57
83
19
83
11
37
99
65
27
50
69
35
31
133
8
98
110
27
23
110
91
54
126
67
30
28
10
109
103
125
1
91
40
36
115
28
89
47
109
112
20
89
38
108
25
37
25
98
13
40
90
81
83
90
81
125
99
122
22
118
15
109
62
63
53
90
133
113
64
124
128
99
4
121
1
103
133
88
42
71
16
110
125
78
94
67
115
138
122
79
111
91
4
57
33
66
62
47
97
55
60
17
131
129
86
85
58
125
127
24
20
17
73
68
14
72
91
3
96
18
126
111
69
46
130
84
100
86
53
120
138
3
13
42
15
92
23
11
82
110
118
89
117
62
138
49
13
114
117
95
80
64
7
31
33
29
44
24
66
60
117
38
115
18
37
51
111
75
17
67
128
11
119
97
107
83
67
99
78
125
130
49
21
51
37
42
15
66
55
4
80
77
50
128
31
18
24
87
35
81
27
114
29
105
5
9
24
89
122
108
120
32
51
86
43
76
135
2
44
55
32
13
114
92
110
37
107
97
102
14
64
2
102
82
7
50
47
15
123
111
74
19
134
70
57
65
106
6
56
96
3
102
127
81
70
119
18
49
93
116
3
9
96
6
64
44
46
102
122
73
10
83
103
112
97
105
118
102
25
132
79
46
50
97
89
66
9
12
68
132
87
63
19
6
84
81
75
31
51
28
111
72
23
29
6
103
22
71
20
23
78
101
1
129
122
25
66
120
8
114
20
32
101
64
12
87
72
101
106
126
76
134
33
81
123
56
29
22
72
13
65
123
22
82
74
98
48
15
58
116
98
36
89
9
81
72
116
19
58
8
6
83
116
97
94
8
129
1
113
85
105
46
14
101
44
36
83
5
46
53
1
32
67
83
100
41
103
97
35
109
43
27
106
56
114
79
108
65
56
50
98
85
115
50
19
70
47
134
74
71
107
51
29
120
69
118
85
139
117
126
121
76
14
75
4
129
136
9
26
66
74
120
115
43
4
3
78
8
56
104
117
84
105
134
24
56
71
64
35
126
63
89
118
108
105
104
54
25
68
60
53
131
79
39
33
73
34
106
99
2
89
1
32
12
56
111
104
74
20
64
30
134
100
59
18
127
110
123
6
44
53
19
121
109
118
75
47
100
84
5
91
10
133
49
3
116
16
10
77
9
14
135
75
50
130
65
76
138
122
139
68
37
111
42
3
34
24
39
132
57
93
115
131
77
12
113
63
21
109
125
43
50
135
98
40
78
110
130
33
51
89
69
80
33
41
46
40
21
96
126
97
91
65
55
107
119
136
32
50
77
76
127
20
117
90
100
49
36
41
77
39
31
61
41
49
7
10
92
41
69
81
138
119
14
83
85
40
111
8
70
63
14
37
72
94
28
47
97
65
105
79
20
106
42
61
24
37
80
19
125
83
73
68
103
138
8
100
53
99
31
101
24
36
5
103
63
16
84
137
11
28
59
16
111
93
1
31
134
99
95
124
129
56
56
89
76
38
80
139
119
16
102
134
71
129
92
52
39
88
86
33
116
67
101
75
84
3
88
123
74
28
116
125
41
63
46
91
82
86
67
2
96
12
79
92
8
98
17
41
44
109
130
37
106
43
60
23
100
72
50
16
73
53
119
8
92
132
71
122
69
111
24
90
139
107
80
36
109
134
48
55
107
76
13
69
17
2
68
97
10
137
33
135
138
138
84
35
107
38
67
87
63
81
31
112
89
80
37
50
124
131
14
34
94
97
59
89
98
90
63
20
134
130
109
119
50
1
95
116
75
25
132
100
45
2
26
97
108
88
29
30
110
46
62
122
24
98
29
112
139
41
135
23
85
105
98
102
94
131
7
48
9
88
70
135
34
48
30
69
129
85
73
27
54
43
82
15
80
89
52
44
115
126
14
21
125
54
28
46
107
18
108
81
73
90
32
77
59
120
39
12
128
129
56
39
121
83
36
133
133
89
132
74
37
6
108
41
95
9
90
98
105
28
47
93
64
11
92
67
134
37
44
43
27
106
113
35
18
70
92
56
12
42
61
65
108
119
83
2
