400
80
3995
2767
2496
2664
2980
1754
3661
1082
1124
2289
3393
3554
702
2130
2094
2607
2307
1299
2577
2069
414
2682
2654
3205
133
3129
3850
3665
439
699
600
837
3867
2811
1636
1700
3989
1889
778
1064
2748
2425
3080
3248
1235
1335
3796
3245
411
3381
2487
21
24
3024
3788
2149
1824
1374
1662
49
2452
3492
527
3293
1247
808
2504
1317
3735
1430
1839
532
1309
792
1921
1424
855
980
3263
2343
2821
930
3341
1362
2396
1485
403
2330
2788
31
2302
3159
556
2103
2800
251
235
586
686
2927
804
1142
120
3073
1925
3058
3652
2096
1763
2882
2866
1515
2071
723
3932
12
1658
61
2161
2830
2880
489
461
1552
391
1395
2095
2034
1496
746
3818
2563
2863
3423
1056
2440
1000
3248
2990
1751
126
520
2547
3288
1097
1684
3359
2065
1612
2594
2136
3440
2398
869
2692
3910
819
796
841
1431
856
648
654
3329
3156
3740
2046
2195
1084
3522
455
811
3070
3272
3732
1651
887
2703
1920
1272
2207
2737
165
705
1398
1096
1476
20
1017
2824
908
2733
647
597
1615
835
2956
1076
3943
54
3867
1212
3662
997
1036
3168
3396
1327
2714
860
850
3138
2245
2207
2351
1625
2183
3093
3067
2200
3438
1642
157
1003
3689
1161
77
1878
414
782
2646
3489
1290
383
1087
3804
2417
2043
329
3874
278
2721
1724
3211
2866
3194
306
3916
2949
638
470
1109
324
3096
563
3289
1832
2417
335
842
838
443
2705
2265
3329
2190
302
700
1247
53
3989
787
1661
1004
2947
1938
906
2756
1587
1998
2249
800
1
2779
2032
1364
1300
3466
2778
2468
2711
1651
2933
1277
3571
3282
2780
3098
3095
3091
3005
3491
266
1136
3271
426
329
3994
239
2842
1614
3138
409
3229
2100
1425
2669
555
704
248
2092
2862
735
129
2904
713
3935
3176
1675
45
2137
2405
2599
420
895
178
1076
287
2930
3977
89
2199
2775
3990
1548
2792
3099
2120
3023
3106
1169
963
867
3399
115
3108
3987
1330
996
1004
598
1930
42
380
3670
53
1246
1885
2761
2829
2779
73
2966
1960
595
1925
3620
3665
30
1573
1003
682
275
3193
3259
554
2571
1862
2782
3262
3180
2590
738
1484
3692
1418
1785
1639
58
3769
