240
80
99
133
95
109
115
124
110
147
114
91
89
130
129
134
141
135
153
84
116
106
111
142
108
88
131
83
148
144
94
123
156
112
137
128
143
123
115
137
125
107
107
135
88
103
151
120
84
89
101
92
109
81
95
111
114
101
80
127
134
103
111
149
98
105
135
111
129
113
153
146
141
95
115
121
105
148
129
105
115
148
148
135
150
88
150
154
86
117
100
82
134
90
134
140
117
145
85
108
99
143
116
144
156
155
87
88
112
120
100
121
159
81
125
150
97
131
146
151
156
134
124
153
103
156
141
138
95
96
114
95
156
87
103
86
83
144
98
129
132
119
141
131
100
152
84
145
117
154
85
99
123
84
158
109
137
158
150
140
129
146
99
115
138
94
117
137
97
153
155
87
147
134
144
86
81
84
159
148
113
112
128
154
111
149
132
85
146
95
117
89
93
111
146
109
127
150
80
107
143
125
103
133
115
82
158
93
102
155
116
102
108
142
111
110
116
87
80
150
117
90
89
121
123
115
136
87
159
122
94
103
125
124
118
106
101
120
136
94
127
121
