300
100
2644
2206
2719
2502
1870
946
1659
1845
273
815
2986
1167
1867
1131
988
1081
2383
1781
1922
933
398
477
2775
340
2653
1841
1232
849
1850
2339
2675
1357
1379
2714
160
2639
2292
667
474
2868
926
211
2161
1074
738
2752
631
1507
1554
2393
1558
114
2456
2078
150
387
84
71
1957
2355
334
1089
1373
1516
1819
1211
1454
2162
2503
1889
460
1103
1213
2572
2407
2575
1669
1299
382
1536
1716
1933
1268
454
570
2975
445
2330
2231
2480
1537
2776
1166
52
76
1019
2846
1996
2888
2696
1216
407
1537
2971
2754
1226
2058
1727
1297
715
1470
2395
2973
669
2310
2591
1291
2399
1358
103
2442
2858
2312
2490
2665
1530
2308
812
624
1058
1893
2474
449
757
2991
757
2173
2616
1754
1736
838
342
2466
777
1478
224
1355
2819
230
2051
80
2152
2091
1895
2002
972
2337
1401
2975
2605
797
111
1353
1120
2475
501
103
81
2697
1924
1585
772
663
871
1585
1407
1739
1931
466
2500
841
2796
2364
1295
465
2206
1372
1842
1100
870
2784
2486
388
397
2339
2872
1909
2943
1335
14
1176
2674
1515
2169
2170
2934
2525
2863
1482
597
1371
112
2665
2508
2052
948
1978
1434
1469
1817
1940
2692
732
2973
870
1677
960
2191
1093
490
76
1585
2232
333
2322
1241
2341
606
476
1624
1087
1993
193
72
2231
990
1999
2633
2339
2883
1056
1821
245
2625
2719
2141
2719
532
833
381
1150
1149
404
1779
643
899
1322
2419
1121
1565
1864
617
392
2503
1511
1834
1398
2894
1040
2402
2138
138
2129
927
2421
2492
1357
1201
2138
694
2254
1996
1647
2179
391
2091
1335
2102
1728
1936
