300
30
410
2545
847
914
2851
991
2186
888
1549
2461
1234
591
1837
235
811
1204
2924
2792
1587
643
1428
2169
1854
278
2844
1397
882
2800
1178
1329
560
1512
2329
159
2818
1857
2898
2405
2540
626
1026
639
1326
50
678
2194
2631
1636
1935
1933
779
2272
974
1154
1508
2944
837
812
323
2819
2983
1132
49
1008
1126
606
1788
1111
716
577
2934
1558
1908
1069
2439
2461
441
2664
503
2861
2030
1686
2923
1909
78
617
1790
2685
2589
1081
2785
84
2676
1569
2071
428
369
2128
560
2933
2594
1479
840
866
2620
1889
1688
1888
2477
391
1315
1047
138
2053
141
1880
616
2134
1613
704
789
2651
1712
1123
127
89
2309
2011
442
1525
178
677
2415
2186
922
930
1230
2353
750
1972
576
1676
1758
1155
1734
2543
1705
2336
518
1180
792
2208
1506
2274
1282
129
732
2703
1128
1210
1138
1067
1503
2218
1854
710
1203
1260
2541
545
1934
1430
101
1585
2778
1751
997
103
1663
1274
1329
2588
1109
14
2963
2564
234
2715
2307
295
1680
634
1819
707
1606
140
429
1357
2291
2760
1291
2395
2222
1185
2175
1293
1963
811
1980
275
2431
2935
53
2287
38
1456
2952
1889
792
2414
1765
683
2997
2162
1237
205
2795
1692
1788
1068
2695
2748
2412
1760
254
137
2122
703
2539
858
1080
2193
2455
1722
1521
229
539
127
2851
926
231
97
1024
554
2202
973
2220
1567
1191
1066
621
2075
2272
1637
1833
2040
387
1495
494
631
470
479
291
2075
1304
1772
1714
275
1235
448
1683
1772
647
2462
703
860
2123
2357
896
1089
864
2349
126
2258
1905
849
821
375
263
2873
