500
100
21
28
53
80
17
78
7
4
75
19
84
8
45
36
51
15
21
67
24
12
91
38
27
35
69
26
42
60
37
3
72
28
94
85
15
19
82
21
60
7
23
22
50
8
86
87
74
57
60
58
43
46
7
56
40
33
22
30
84
58
4
89
25
73
33
21
38
47
42
27
86
9
4
6
5
33
14
86
13
69
4
98
68
92
16
20
43
67
37
44
21
97
53
35
14
65
40
16
84
13
97
38
47
22
33
10
39
49
55
82
20
3
56
91
15
65
11
48
11
47
96
56
88
28
55
50
71
16
6
70
29
63
81
82
44
46
9
64
77
42
92
61
89
28
94
94
15
8
79
31
70
25
18
67
95
3
64
5
5
26
42
87
48
6
59
87
16
79
100
56
90
81
74
5
26
93
41
39
71
64
60
74
61
61
35
79
8
56
11
74
80
3
93
22
56
26
36
7
55
50
22
64
35
13
50
18
8
84
42
53
66
56
37
62
86
36
99
14
63
99
72
58
49
58
79
27
6
22
73
39
42
9
75
95
28
41
59
99
85
63
93
23
30
36
24
2
69
15
8
87
68
92
46
19
63
4
11
6
52
3
36
2
90
3
92
26
6
100
84
95
57
96
90
26
95
93
33
48
61
100
42
73
69
58
16
67
37
33
38
93
45
55
54
20
1
56
84
97
65
32
56
64
58
23
96
41
92
100
9
45
98
67
25
53
22
6
18
64
27
61
63
24
24
2
47
58
57
9
3
79
39
62
51
83
44
62
98
15
23
12
33
51
73
21
45
47
81
17
52
79
75
80
95
49
32
23
81
82
5
53
6
70
90
9
21
83
66
17
31
62
8
21
51
46
71
67
33
13
3
74
48
55
99
7
80
71
76
6
54
97
86
60
92
82
15
64
12
39
10
43
81
80
67
58
84
55
34
28
52
83
14
15
56
34
14
60
100
58
35
81
99
17
60
58
27
99
98
62
14
69
27
21
91
70
13
60
89
89
100
40
81
77
31
89
7
71
60
94
80
81
69
44
48
58
57
83
61
10
26
33
59
77
45
99
15
1
36
71
54
60
55
14
25
48
66
75
33
16
34
13
3
31
11
43
82
98
58
62
85
28
58
77
99
8
81
8
32
98
43
50
