450
30
76
27
56
30
89
20
2
37
7
35
68
47
83
41
9
93
66
100
30
85
39
17
46
2
37
4
16
63
23
32
60
7
82
90
77
36
59
80
36
56
3
20
41
88
23
13
11
16
67
67
20
42
91
41
5
92
31
27
54
70
52
48
47
96
87
89
81
90
28
95
16
71
25
85
46
18
13
60
45
48
55
88
90
77
36
4
60
5
90
2
44
43
37
18
41
1
30
63
85
49
28
40
12
44
73
39
31
84
28
49
46
18
45
72
13
73
99
98
58
6
51
50
40
59
6
31
48
18
46
80
92
11
3
100
87
74
60
96
56
95
88
69
88
22
100
4
87
19
16
11
26
87
7
54
10
29
91
68
89
68
43
38
2
25
96
80
46
44
62
17
66
96
1
51
71
59
57
85
50
17
6
64
43
9
65
28
72
64
73
77
23
88
19
19
6
26
20
94
54
21
92
23
77
45
69
32
56
44
69
35
37
2
77
77
42
93
49
16
44
31
71
56
66
12
39
5
79
81
19
53
68
56
1
38
13
12
49
97
30
78
100
23
80
23
64
60
73
78
74
97
85
7
65
46
25
55
41
40
14
90
55
11
37
19
45
86
79
51
32
30
24
21
19
41
32
37
37
49
45
38
69
55
15
53
4
77
9
6
21
4
34
2
16
38
59
47
5
15
39
4
23
14
47
62
2
96
1
21
55
58
38
2
84
78
72
36
32
74
2
48
46
78
29
100
35
48
23
13
31
45
57
20
64
86
38
42
83
88
53
26
80
87
15
62
67
39
75
83
27
55
9
97
22
100
89
97
25
99
41
93
54
86
17
32
86
55
89
95
62
25
60
77
39
66
40
66
95
100
72
87
37
100
28
64
79
9
89
64
37
64
87
64
70
3
81
26
83
95
43
13
80
92
89
96
40
57
20
12
45
37
96
13
29
30
51
29
84
83
27
9
83
74
39
27
48
85
9
72
80
73
21
40
39
74
26
34
73
68
5
15
15
92
6
35
76
14
86
71
83
44
