300
100
126
129
54
175
34
168
26
182
6
27
80
177
189
19
76
178
110
160
111
7
125
150
172
80
81
119
45
33
182
69
51
164
129
92
86
34
29
11
136
164
109
194
20
109
108
103
165
43
107
191
23
96
7
83
68
68
77
39
80
183
165
42
141
155
34
12
175
107
149
52
12
163
128
152
127
100
38
76
183
48
121
60
161
78
112
6
19
123
151
118
32
163
90
46
105
13
124
154
153
150
163
153
79
64
142
181
166
33
82
5
197
124
114
7
1
137
169
162
55
102
190
100
18
128
81
121
147
75
150
131
27
139
26
155
4
181
154
168
136
89
117
48
2
183
50
56
65
8
24
6
54
75
156
153
136
189
55
138
87
41
174
45
70
142
73
69
173
190
9
165
123
174
128
110
197
101
39
12
183
52
128
34
151
161
7
181
66
47
108
153
40
167
27
36
193
97
132
198
136
18
26
38
24
32
86
7
146
139
128
63
145
27
147
159
122
65
125
91
199
11
59
87
29
41
101
50
27
26
133
20
118
39
78
159
191
149
15
188
56
64
165
76
73
34
115
52
112
112
37
132
129
93
163
35
27
1
185
63
14
156
70
85
33
132
5
128
199
78
169
176
5
29
16
162
27
70
138
166
23
5
73
110
40
116
98
105
70
135
186
166
183
78
60
147
62
103
33
42
32
171
