450
90
20
75
14
39
95
24
11
90
54
12
25
95
95
34
90
13
77
52
16
87
15
25
47
47
8
16
19
89
76
62
33
21
21
89
61
33
38
92
80
19
43
94
46
63
9
70
92
49
44
44
19
18
27
4
63
36
20
12
10
76
85
67
24
70
6
3
43
81
46
98
1
85
56
30
23
76
51
32
9
1
97
55
27
7
11
94
64
28
82
70
95
92
100
43
19
35
68
85
20
19
82
21
90
88
91
32
75
59
7
89
97
18
42
44
4
8
66
64
80
12
77
27
60
28
18
48
12
98
11
71
16
80
91
78
15
15
58
24
99
78
46
64
83
62
78
16
70
45
41
46
65
97
2
35
85
37
67
15
38
58
49
80
63
3
68
20
97
61
28
76
79
80
67
100
61
16
32
21
55
6
44
2
35
94
24
100
43
99
20
55
36
72
21
71
71
93
56
64
26
99
92
86
63
63
5
42
15
82
33
27
76
32
15
2
75
37
70
67
6
26
76
20
68
33
71
27
76
62
8
52
75
64
31
32
57
86
85
49
64
59
98
37
85
85
9
74
73
15
71
41
42
21
50
9
4
81
18
1
96
64
9
55
21
77
67
51
6
100
61
66
15
82
97
36
13
47
80
33
86
92
16
54
61
26
26
70
91
15
36
78
24
25
4
14
28
66
51
49
46
21
57
86
77
46
33
93
7
78
12
23
56
88
41
47
59
66
60
76
38
3
27
5
55
1
5
9
65
10
24
67
71
14
66
63
17
25
24
70
13
9
12
13
52
69
23
48
51
80
74
30
62
40
61
19
99
12
8
34
96
19
10
93
41
23
1
16
98
74
15
27
37
70
63
51
17
43
2
85
4
25
36
27
62
55
59
75
47
74
93
86
100
44
40
3
42
55
90
59
63
76
2
71
22
48
21
13
31
47
6
63
29
2
55
37
51
30
30
59
81
9
41
84
36
99
65
56
29
6
13
6
11
23
58
99
40
42
76
38
25
23
36
84
29
72
17
50
85
30
34
55
