1000
100
4923
3159
5447
2395
199
1873
3944
3341
7380
9930
9503
568
2621
6939
9220
2114
8318
9633
870
6056
5688
8209
9023
4255
7892
660
9038
6554
6930
8064
3358
9833
628
3014
7853
6055
529
523
2269
7434
2275
3090
3636
8430
3599
7882
9896
9448
5976
7388
5697
1984
3329
3860
3386
2528
6023
6778
5009
7941
375
8663
3970
8903
101
4564
6366
2887
6693
1293
5062
873
5454
8603
4036
3926
310
4421
3509
7010
4857
9373
2912
6720
9840
885
9857
6304
7649
163
5702
5462
2484
3136
6115
318
6534
348
6370
1351
6661
8492
748
5574
4049
6595
9251
1310
4742
1172
5178
2600
5020
9622
1646
1275
1974
6058
9681
4017
5520
4926
4788
5
793
473
258
5288
2615
3257
8215
7959
4592
9495
615
6072
4057
1575
1258
7783
232
2680
797
8115
332
8904
5536
7627
7167
3999
8245
8500
2247
7356
8256
321
5621
2024
148
9186
1352
6487
775
8756
3027
4035
1284
2546
2015
1499
7642
965
3216
5171
8918
3254
4178
4374
433
5410
8637
7771
1322
2844
5410
4444
4354
4669
4221
4188
1343
5266
3470
7359
1964
4450
2316
2620
8824
4239
7480
7892
1727
1064
8107
9758
91
7109
1265
3147
8175
4273
100
6462
2841
1586
3395
1980
9359
8870
7594
1371
7908
6136
3139
1179
8111
9319
987
1863
8293
783
2590
659
4139
2592
455
3900
3925
4789
7997
8011
7876
7828
2524
337
7229
1608
3747
2549
2317
3721
7053
6156
4646
4384
3646
5664
2637
1784
4796
4180
9592
9200
5020
2499
2931
3133
8330
5133
7282
8256
2108
9823
7660
9616
124
2983
3714
5470
3244
9936
9250
9165
3621
7844
1392
8264
449
4240
6849
4218
2617
5216
1367
7120
6613
7559
873
6053
630
6500
9997
1665
5741
5455
1702
3510
7703
8486
6090
8618
2319
9359
5912
1311
9436
8969
9465
6025
2844
3541
9588
982
7838
7101
3149
4703
8412
5745
6956
1384
1917
6760
6575
6234
8653
2520
5627
4069
6909
9329
2352
193
4903
4962
735
7060
7410
6764
9707
1968
8464
6423
197
2110
8774
6547
3570
4963
6579
8740
1238
6345
6574
3719
7938
5706
9958
9284
6873
5943
2749
2802
9318
4612
2152
7401
3656
5903
2570
5724
3872
1561
285
6722
1454
9758
2909
4236
7715
3979
4853
9229
2639
6170
5856
9489
2662
1821
2340
2157
5223
4735
6298
4681
3751
6975
237
13
5409
4461
6034
2098
7880
8193
2590
9504
2916
1840
4350
9051
6938
391
4697
4765
7722
7441
2405
6914
5660
2302
3257
7556
5646
8051
293
625
6560
914
5483
5085
1553
344
1961
391
8858
2025
27
8784
765
7776
7467
6484
6937
2393
5566
69
7292
6137
5924
7149
1598
2076
4409
4585
7381
6110
7629
2173
429
4508
4348
5476
3472
7034
3533
7101
2896
3822
9979
8485
5275
5100
5808
2343
4981
1133
7533
7211
7384
3335
9016
7028
665
7392
4878
6373
9888
7698
4061
7285
7127
729
3423
2232
4682
1339
2546
2352
367
367
9640
1798
3572
8813
2597
5090
308
7622
6742
9890
1796
79
1445
8624
9801
6702
9654
3553
9010
176
295
8544
6671
8054
4681
3292
6442
552
9597
8642
6814
3791
4665
4637
5136
2355
2776
6715
436
3552
5825
9205
3444
3598
63
8651
3043
8348
8530
638
9474
1984
1597
2492
7470
4551
8743
9223
6996
2726
2904
8444
9189
7664
9541
3475
4127
8786
3968
7670
4814
9111
6066
5737
8600
4723
7079
4922
6736
7710
9951
5664
824
8255
1655
1377
8501
5763
6696
7292
1506
3408
6237
2096
2410
9806
7698
9539
229
1745
2418
7310
3253
4915
8423
9032
9743
7076
5950
7261
8579
3098
8128
5583
9528
1579
7902
8897
4642
2474
2113
5426
7830
5264
581
3085
2275
669
3415
7729
8064
3164
5952
6577
8879
7858
8624
4401
9177
3758
7225
7264
8191
6943
3455
1690
8001
4958
5667
6287
1581
5184
6743
9228
3773
3173
6250
9733
89
8014
6999
8720
3478
2203
8563
5076
2142
7713
5783
3439
9315
1430
1234
6412
5645
9938
7993
7297
7453
1153
4021
4980
9367
6557
7436
2
9580
8215
5226
9355
852
1285
2471
6253
9800
8186
8910
5817
1607
1896
9428
8845
76
2701
1339
3631
1763
4552
8424
6607
6736
8519
1606
8278
3007
3449
7562
6453
6474
2597
2604
3801
7984
2263
456
432
2164
574
6883
9676
3764
9886
4756
9435
2889
4071
8135
4778
5140
6690
7918
9497
4239
9719
4945
2338
8838
3308
8139
1930
3411
6391
7493
8281
4360
8049
605
3161
5186
7359
7337
3789
3721
8704
3810
7566
8641
4416
7412
2050
9765
4289
6670
5994
4428
8093
8044
1285
1510
4087
9318
9684
9595
5786
2899
2907
6032
6148
5441
186
2674
8956
2297
4838
6178
5033
1209
6454
4941
1771
4621
3804
6755
2924
2782
1038
7046
2911
6175
5781
2634
181
9562
5719
6763
7489
3784
4183
6241
1647
1882
5417
5273
8431
5301
217
1896
6048
1841
6693
5555
4305
7855
8478
4972
4779
7929
5784
6755
6423
4602
1415
2386
1712
1776
7257
4235
3722
380
8407
1497
7091
4292
8935
2960
3426
4158
5613
3379
7031
8902
2408
2540
9448
1110
974
6724
9461
2624
1364
1438
8252
4649
3986
2377
8345
9159
1035
2829
5260
621
7262
3015
6330
9715
4557
8678
3473
1571
2784
5475
1279
2219
9313
9565
6639
1853
5665
2693
9001
1825
9162
6527
9977
3049
7182
9883
1034
7554
6570
6969
6586
1688
5
2615
9436
5066
630
9162
9950
4025
4437
5677
642
8136
5334
2172
9044
5234
5172
7263
496
7211
3344
5484
6027
4116
8283
9263
9119
848
2636
6750
9410
8311
1873
173
9336
4128
3510
6397
7948
6294
9622
5007
2415
509
6088
4423
5211
5890
9186
2970
4116
4082
4440
2662
7846
9678
7967
5894
7753
8947
3225
3836
2598
6756
1923
3377
4319
5183
1876
7608
1856
692
6843
6344
3908
