270
90
156
125
138
140
153
112
167
124
134
143
172
149
148
178
100
119
100
113
103
173
99
142
141
163
119
97
164
141
152
127
177
116
162
163
132
101
153
119
148
127
92
110
147
91
114
148
94
142
138
95
165
163
136
109
121
121
143
128
157
112
143
137
125
162
141
111
176
132
127
107
130
145
179
136
91
116
133
174
129
99
144
119
136
140
110
121
98
95
170
162
146
160
120
104
141
98
154
126
104
96
125
167
168
136
159
90
144
153
172
126
166
151
101
109
159
101
100
152
96
133
129
131
146
95
162
136
134
131
112
130
143
154
106
94
108
161
109
162
154
145
172
101
108
131
164
131
176
116
171
99
134
159
114
124
170
115
120
135
92
165
123
177
127
133
140
157
122
127
127
160
118
120
105
91
123
124
162
136
104
154
147
173
173
96
130
111
104
92
128
174
155
139
111
95
131
156
117
109
169
123
146
115
108
125
95
135
153
145
144
100
121
124
141
140
144
171
176
149
153
137
119
149
174
96
128
163
139
158
172
128
157
97
178
174
129
127
147
177
139
117
165
101
167
168
130
130
103
153
134
150
150
124
177
106
141
154
136
100
150
143
90
163
91
129
95
101
155
152
175
150
