250
50
569
792
1071
488
283
852
1863
2137
46
1095
963
1063
382
327
537
2397
31
625
1768
917
1637
1357
1845
2318
516
1748
1480
57
1981
2363
212
909
1591
426
1392
1672
1339
2061
2356
209
72
1938
1461
1507
2080
377
2341
1293
655
2394
828
1153
1720
2230
619
1270
817
335
941
1393
1242
1198
2086
1592
1744
1176
1847
1153
1485
1158
946
1918
1116
1706
1912
2441
1742
1652
875
1253
672
1853
392
1331
1661
2228
2014
1030
2384
1693
1772
276
2365
1915
973
2245
1434
1645
412
1542
2013
2480
468
1971
1753
221
2163
2305
1211
2163
2396
650
637
719
1838
1333
1726
47
2230
1285
2184
1432
2074
984
784
1826
2339
2073
616
775
1682
1702
1911
1848
2500
582
2074
1
590
1362
706
1525
248
1939
642
348
1532
443
1978
720
2246
517
2358
1909
879
129
683
875
2441
126
1894
524
416
1430
1804
270
2168
2242
1198
735
566
1495
381
904
2048
589
470
1355
108
776
1321
2048
1633
2371
695
1263
173
1350
542
2432
2212
489
77
1730
1302
1105
1212
1605
477
1141
704
1599
340
893
1698
2400
281
658
1070
1802
1586
1037
44
2050
2470
1405
748
206
2297
1347
1058
1484
627
1281
1044
25
1230
2113
2412
651
1811
2446
1770
1432
1031
2382
1235
637
227
1414
985
2121
2280
435
905
1800
1857
1387
654
406
