180
60
99
105
96
104
101
100
96
98
105
103
99
104
101
104
100
98
97
104
100
104
95
96
99
97
100
105
100
102
95
95
95
100
105
100
105
100
95
105
104
102
101
97
99
95
95
96
100
102
105
95
97
101
100
96
100
100
97
96
102
105
103
102
95
98
95
98
98
100
102
100
101
101
100
97
105
99
105
97
95
100
99
98
104
102
96
105
105
95
98
101
98
104
97
96
95
104
98
98
97
96
103
103
101
96
104
98
100
99
96
97
102
105
99
95
105
99
105
101
96
98
105
95
97
96
101
95
104
100
97
102
105
104
103
100
98
104
98
105
97
100
104
100
95
96
103
99
95
98
103
97
99
103
104
98
96
97
98
96
97
105
103
102
105
102
103
104
105
98
99
103
104
95
104
96
104
99
98
103
104
99
