210
70
29
61
21
96
72
33
89
56
14
18
28
3
55
62
49
43
76
90
94
98
62
51
85
20
51
90
83
20
35
11
57
58
43
19
12
31
6
5
2
4
13
69
66
50
60
7
85
17
49
43
24
42
80
99
7
72
48
31
24
51
5
99
72
71
38
80
7
73
79
38
7
31
85
30
22
38
45
45
30
99
5
70
85
34
42
46
44
29
25
88
44
86
36
84
60
29
64
94
2
82
73
77
48
31
84
64
12
91
19
87
90
96
31
88
53
9
100
52
93
50
66
9
81
3
28
58
5
75
90
57
90
32
18
1
47
94
62
35
81
14
48
60
54
39
10
83
78
26
16
87
23
67
9
6
32
68
79
87
4
17
54
62
79
25
85
34
89
29
56
77
68
72
68
4
83
52
75
91
8
78
85
46
64
96
96
37
79
35
81
80
75
63
48
70
35
82
3
98
96
77
49
65
45
91
80
82
73
65
22
67
