700
70
100
100
74
90
127
91
86
124
121
125
101
79
88
130
139
121
101
77
99
100
100
122
116
106
101
86
79
104
84
81
73
97
130
91
88
102
84
82
137
92
79
132
134
72
125
85
123
113
86
129
109
80
131
73
116
133
84
113
139
129
105
92
135
97
132
132
85
95
118
94
94
80
88
93
110
115
122
84
135
131
73
133
95
71
87
91
83
121
135
101
111
135
127
115
130
128
83
76
136
132
97
75
113
90
97
105
108
128
71
96
95
111
105
111
108
74
116
109
76
94
95
136
127
118
105
107
104
133
132
136
93
89
87
137
89
113
110
104
128
113
82
110
89
91
137
82
102
128
106
114
94
124
126
101
113
121
83
106
101
120
87
128
111
76
77
105
127
82
108
80
77
102
78
81
122
107
101
125
70
119
101
139
119
108
136
95
75
100
110
130
119
116
117
112
133
74
107
106
128
125
126
117
114
93
129
107
91
81
113
73
128
131
131
132
103
80
137
113
79
108
84
137
97
101
105
79
87
120
124
132
109
102
124
81
77
111
97
113
128
116
104
83
118
109
127
134
120
77
87
76
113
116
124
83
139
91
85
109
91
117
115
137
111
127
108
79
100
119
81
84
86
130
111
106
126
80
92
135
119
138
131
106
74
88
133
91
97
129
136
97
119
109
97
71
95
71
98
138
127
77
105
103
99
92
101
137
131
86
104
133
125
85
129
101
108
128
102
82
123
112
87
105
119
126
122
99
120
115
112
107
113
116
123
100
110
122
138
130
135
98
100
129
103
97
76
125
102
71
82
85
73
133
75
75
84
137
89
92
90
130
108
110
94
129
116
92
123
81
130
127
88
121
134
73
76
71
132
125
112
139
119
115
120
89
99
99
115
118
134
84
123
77
75
90
136
111
101
72
92
125
85
94
135
111
93
82
117
109
111
113
76
105
84
129
102
138
115
110
120
97
77
130
102
90
122
87
128
84
79
129
114
77
78
81
111
93
97
107
72
116
82
71
135
112
113
77
90
70
136
101
74
115
118
82
85
138
90
114
78
135
100
111
99
115
88
71
88
117
84
93
106
133
139
108
128
111
123
106
119
89
95
124
137
106
89
77
91
117
127
86
105
72
97
107
105
109
86
122
71
117
99
129
70
123
107
120
90
134
120
121
111
86
135
83
138
119
72
116
71
71
131
81
70
77
128
97
70
80
112
77
125
87
118
107
89
106
100
130
78
72
104
80
94
138
108
97
119
125
98
110
70
115
99
109
136
126
81
99
108
135
121
120
74
89
96
122
112
72
134
70
98
83
128
97
98
138
129
84
121
96
100
110
107
110
84
84
100
85
138
104
138
129
139
75
99
73
120
130
123
87
94
83
98
135
93
119
104
105
108
111
79
116
106
115
116
70
131
119
126
124
115
115
101
122
135
80
136
117
80
92
88
132
103
74
99
137
75
74
84
110
71
72
76
91
108
112
73
127
131
92
111
116
134
135
102
88
86
82
130
89
128
120
130
82
126
109
103
103
106
86
76
113
111
123
123
119
131
138
132
134
98
95
77
133
125
136
89
99
100
101
86
89
121
97
102
129
84
120
110
138
