161
80
162
533
175
104
740
499
1002
1453
59
673
1251
826
1540
905
399
1510
679
1443
1593
613
1535
1047
1126
1400
1187
1574
1117
1542
1413
1263
699
1410
686
200
286
401
1142
78
1316
1157
1435
88
1052
178
273
761
735
994
389
570
1013
1534
700
1511
464
1228
159
78
224
569
33
314
958
871
598
1293
1478
587
1582
695
40
988
25
1246
445
907
70
74
1343
636
1582
38
127
62
1329
356
1021
251
720
782
332
1261
22
1110
1237
1511
352
304
895
809
295
498
1242
1228
1347
1507
461
717
311
1428
1106
1016
212
167
613
804
444
1175
938
1382
912
222
1024
571
1178
927
1268
488
676
638
1112
415
1587
1537
1194
1244
37
439
1449
1337
1004
23
1249
738
782
435
1233
210
1412
434
1429
358
1199
1090
40
389
1525
1250
710
808
491
