400
40
57
51
74
58
75
48
40
45
58
76
55
73
74
60
57
48
49
65
52
53
46
49
40
52
50
75
76
70
68
61
76
76
45
45
70
76
76
79
62
75
62
62
58
64
70
42
76
62
55
65
79
71
51
78
57
48
51
66
73
57
45
56
61
74
71
65
70
70
79
76
69
45
45
52
67
50
68
68
76
50
54
63
64
62
69
65
78
57
72
78
76
40
55
42
59
56
62
65
77
40
49
42
56
52
68
53
74
73
45
61
59
56
62
79
65
65
65
74
42
50
78
70
77
55
41
73
79
43
54
43
66
49
79
79
61
43
50
77
76
70
40
54
56
50
45
60
70
66
73
77
48
57
46
71
77
75
72
44
47
64
45
43
62
57
67
65
72
43
68
61
65
65
76
74
79
59
48
66
44
73
65
77
57
49
70
63
47
68
43
55
50
55
70
57
64
66
61
70
52
63
78
61
57
67
77
68
48
49
57
59
55
55
63
73
63
65
45
78
65
70
43
49
45
61
49
63
56
50
78
73
59
53
50
75
50
78
66
47
66
75
60
58
60
50
41
50
67
66
71
42
58
67
48
51
56
47
49
54
57
61
46
70
75
65
57
72
70
68
56
61
46
52
57
62
73
67
55
46
62
72
59
47
70
79
69
59
43
49
50
56
46
60
53
52
49
65
43
58
79
42
64
56
42
57
45
66
53
74
73
43
78
66
49
48
63
54
68
43
66
50
52
52
43
53
53
65
62
46
47
44
53
57
69
77
51
41
71
76
72
70
59
71
52
78
61
67
48
56
74
78
70
74
50
65
51
58
79
43
46
78
55
54
72
66
54
73
57
61
64
69
73
56
75
64
43
53
74
52
71
64
65
41
62
60
78
50
74
58
57
61
67
46
53
51
62
53
47
69
61
73
