150
50
95
105
104
105
95
102
96
95
100
98
95
96
100
95
100
98
95
102
102
95
104
99
102
105
105
102
103
97
104
97
105
95
98
95
96
95
105
101
100
104
98
105
102
101
99
105
101
99
100
95
105
98
95
101
100
96
100
99
98
104
100
98
96
96
96
100
96
95
103
103
104
100
99
96
101
97
105
96
99
98
104
99
98
98
103
102
95
97
98
95
102
98
98
96
100
99
104
103
97
100
95
100
104
102
99
99
96
100
98
101
100
98
100
99
103
95
100
100
95
99
96
96
105
100
99
96
95
100
95
99
96
98
104
101
99
99
105
101
98
100
104
105
101
102
105
95
99
104
104
100
