180
60
104
98
103
95
95
96
103
95
96
97
102
101
103
101
96
103
101
96
102
105
103
98
105
103
100
96
105
96
95
105
98
96
102
98
101
104
105
96
100
103
102
97
99
102
97
95
101
105
101
103
97
103
101
97
101
101
100
105
95
95
105
98
101
101
97
102
103
97
100
101
102
96
96
102
97
104
96
104
102
105
99
98
101
102
95
96
98
103
102
104
103
96
104
96
99
105
104
102
97
104
102
97
104
102
97
97
95
104
105
101
100
96
102
98
96
104
97
103
98
98
98
99
101
97
102
95
104
104
104
95
104
101
96
100
99
98
100
95
95
95
101
97
98
105
95
98
102
95
96
98
98
100
103
102
104
95
101
103
95
97
103
98
104
101
104
99
100
103
99
100
105
99
97
104
98
99
95
97
95
100
