800
80
139
121
83
131
81
99
117
125
98
80
127
142
119
126
122
124
147
110
132
111
81
102
108
80
121
152
139
100
146
153
124
141
96
84
83
139
133
150
103
136
121
81
139
144
93
132
157
136
119
135
97
154
108
135
156
90
157
91
100
139
129
159
108
127
138
154
90
101
123
124
85
118
134
156
124
132
90
124
82
122
82
152
150
123
159
121
134
146
124
111
118
107
86
95
97
148
92
146
104
154
98
147
98
139
126
98
129
92
114
112
122
137
159
151
139
103
106
137
105
104
126
153
101
104
134
137
131
144
156
152
88
88
103
102
113
114
124
153
144
130
123
115
115
127
90
101
116
140
96
137
86
151
105
122
144
83
95
122
82
94
115
146
151
102
96
81
148
119
87
105
115
88
132
151
158
114
110
118
98
81
143
147
90
107
147
116
114
150
99
100
122
114
97
132
102
135
94
86
107
123
122
147
88
154
155
91
118
86
122
126
83
128
108
140
122
158
131
93
157
110
154
117
154
128
81
105
111
142
99
153
154
113
122
142
144
111
104
89
110
146
93
105
91
142
148
113
138
113
119
81
104
106
96
144
148
153
138
99
158
83
159
109
88
106
151
89
130
88
112
127
138
80
84
135
110
88
84
145
105
80
110
120
141
97
132
87
118
144
111
135
122
97
135
151
83
126
97
133
156
155
154
125
96
110
141
145
86
148
110
144
120
86
105
156
143
103
93
100
110
126
155
120
125
81
98
95
155
105
127
137
149
126
119
137
137
153
122
97
107
158
91
153
119
126
149
145
158
119
156
159
149
88
105
117
130
159
106
133
102
136
158
143
102
84
91
152
119
80
80
142
87
159
83
103
104
123
121
126
108
141
153
122
113
157
93
83
119
115
137
156
101
102
116
100
156
130
153
102
90
85
143
145
93
100
81
140
136
108
145
104
155
87
100
151
133
132
102
148
131
97
121
122
143
109
103
107
135
115
93
107
123
100
86
122
126
89
155
152
143
119
121
80
81
145
101
135
103
96
100
139
133
99
98
125
126
109
108
113
145
139
101
98
115
95
85
159
124
149
97
148
117
148
81
139
125
158
108
80
127
145
128
141
141
98
80
94
158
104
125
135
151
82
86
117
90
144
86
128
132
153
114
101
113
116
118
107
80
133
132
101
113
95
91
119
88
82
135
136
147
149
152
140
146
120
152
105
151
152
134
100
147
150
88
142
97
89
155
148
124
91
108
108
156
120
82
150
87
104
111
121
98
90
89
108
147
80
149
102
139
85
144
95
88
123
120
114
151
140
95
135
96
137
137
125
135
80
88
82
146
107
103
142
86
144
138
136
158
123
118
127
105
84
155
135
84
145
136
81
153
89
111
97
121
106
155
140
99
102
137
125
151
132
81
138
106
144
155
158
125
89
123
129
119
82
113
124
127
144
97
133
106
117
133
138
85
150
159
82
152
82
83
96
155
106
137
157
118
151
107
116
109
111
105
148
142
114
84
112
113
125
80
101
153
151
140
93
86
130
116
130
131
114
141
114
146
108
157
156
83
111
80
126
115
144
139
125
103
100
87
139
106
104
85
115
82
119
88
117
116
132
116
101
134
107
116
121
114
131
109
90
137
124
144
85
85
122
107
140
116
158
129
128
154
157
111
114
109
89
93
111
135
144
122
159
124
129
101
131
115
129
81
89
156
143
143
132
156
88
141
115
116
121
125
118
155
94
95
118
103
129
148
114
140
139
138
159
128
123
103
138
157
151
157
104
123
110
102
94
157
123
158
124
81
117
124
156
83
83
100
158
85
115
85
92
109
89
132
124
101
87
