210
70
94
88
95
135
77
114
72
92
79
95
81
86
104
102
120
96
82
108
82
70
125
92
133
102
119
129
79
95
70
87
112
75
91
110
131
103
132
98
124
92
109
93
139
122
74
119
87
96
133
110
80
121
73
123
103
96
88
80
95
135
94
92
133
139
85
118
75
113
115
123
127
126
73
108
79
80
84
76
79
100
73
120
73
129
119
127
78
95
120
129
79
70
123
112
91
134
117
138
127
95
115
131
108
91
113
82
126
90
109
138
128
94
121
83
84
133
133
127
95
77
98
78
109
70
83
108
94
116
76
130
124
127
133
82
119
123
86
80
94
116
97
137
102
115
81
91
74
105
70
75
104
137
113
137
110
102
119
114
103
131
73
71
106
102
81
101
85
94
105
90
87
101
85
99
136
117
108
98
75
113
80
86
72
95
128
138
127
137
99
71
122
115
77
117
94
96
136
107
85
86
70
75
105
102
78
89
73
106
93
114
