600
60
105
99
100
100
98
100
101
95
98
105
97
95
96
97
97
96
105
96
104
100
102
100
100
98
103
105
95
99
97
95
103
104
101
98
98
95
103
103
100
98
100
102
102
105
104
103
102
100
101
104
97
101
101
95
102
99
104
101
100
99
103
101
95
100
95
96
99
96
102
105
103
95
105
95
103
96
101
102
95
99
99
100
104
99
96
104
101
103
96
98
105
95
98
105
99
105
101
99
100
105
105
97
103
99
97
104
100
96
103
104
95
99
104
97
96
96
103
98
100
100
99
95
96
103
104
100
104
95
99
104
104
104
105
98
105
105
105
99
99
96
96
98
102
97
98
103
99
100
97
101
101
97
100
103
100
105
101
102
95
105
95
95
101
98
99
99
101
96
102
104
96
95
100
101
100
96
98
101
102
100
103
97
105
102
97
99
100
100
96
102
105
104
102
98
105
99
95
98
96
97
100
105
97
100
101
99
105
105
103
104
97
102
97
99
103
104
101
97
104
104
104
99
105
97
102
101
102
100
99
97
98
101
98
97
100
104
98
101
99
103
99
95
104
105
102
104
103
100
100
105
103
100
101
96
98
98
96
105
105
99
96
96
101
104
98
101
98
102
96
103
102
97
98
95
101
97
98
95
96
97
95
98
98
103
105
100
103
104
96
105
97
95
102
101
97
100
105
98
104
99
100
102
105
96
102
104
99
103
97
99
98
103
100
100
98
104
98
105
101
100
105
95
95
97
104
102
102
101
104
101
101
96
102
104
103
104
100
102
95
95
96
95
104
95
104
101
103
95
98
96
96
98
99
95
105
105
104
96
95
98
100
101
105
103
100
95
103
105
105
101
98
97
98
100
103
103
97
101
96
101
99
103
100
100
100
104
101
100
95
104
105
100
96
101
104
96
103
98
105
98
102
100
97
105
101
96
95
98
96
100
104
102
103
105
96
104
96
100
97
99
95
103
96
97
104
101
100
104
105
102
102
104
100
96
95
97
101
103
96
97
98
98
96
100
96
99
95
98
102
98
95
98
101
97
98
96
101
104
96
104
97
102
98
103
97
97
105
103
99
97
101
105
99
98
99
102
105
99
101
104
101
104
101
100
95
98
99
96
96
97
100
100
99
99
96
98
97
104
98
103
101
96
97
97
96
103
104
95
97
100
95
105
96
99
100
102
96
97
96
96
102
102
102
105
104
105
102
101
103
100
98
101
103
101
95
100
98
103
99
99
101
105
99
100
104
98
102
97
100
98
104
103
96
102
105
103
104
104
96
96
95
96
96
98
105
105
98
97
103
97
102
103
98
103
95
96
101
100
104
95
95
97
95
96
95
104
103
97
100
99
96
102
95
98
98
96
100
98
99
105
