300
20
4
4
4
7
7
6
10
2
8
3
4
8
1
3
9
2
4
8
3
6
6
7
2
6
3
3
7
4
2
1
10
6
8
9
4
7
3
4
9
4
8
7
10
1
9
9
7
8
9
4
4
1
9
3
3
3
8
10
7
1
6
3
10
3
1
7
6
9
1
3
8
3
10
10
7
4
2
2
6
7
1
6
3
4
2
3
4
7
4
1
4
2
7
2
6
3
8
4
7
8
3
2
8
9
9
4
1
6
1
4
4
6
2
5
1
9
4
6
3
9
1
8
3
2
4
3
4
2
2
6
3
6
8
10
7
1
10
9
6
7
3
5
2
7
7
1
1
6
7
9
1
4
9
1
2
6
4
8
5
2
1
6
4
3
2
5
6
7
4
3
5
9
2
1
9
6
4
10
6
10
6
2
4
4
2
6
10
8
7
3
6
9
2
9
2
10
10
4
7
4
6
3
4
7
9
2
5
8
4
4
9
4
6
10
7
5
6
3
1
2
10
1
9
2
6
7
10
2
10
8
8
2
9
2
8
4
7
9
10
6
10
6
3
4
6
6
10
3
3
9
2
2
1
10
3
4
9
7
8
2
9
6
2
4
1
3
6
1
4
7
6
4
1
6
4
1
8
1
5
6
2
4
1
2
2
7
7
3
2
1
6
3
6
6
1
1
8
4
5
2
