181
90
41
10
35
179
108
37
144
5
130
100
33
61
169
65
34
97
54
38
138
135
171
70
150
154
175
126
96
148
120
118
144
101
50
170
11
141
69
70
147
2
117
13
115
93
163
104
155
34
109
36
29
17
122
16
85
54
134
95
26
164
86
113
144
72
117
125
53
30
102
96
148
136
18
92
119
161
100
66
171
105
82
35
166
6
69
146
168
140
151
44
25
127
69
60
38
177
135
153
44
16
17
19
92
152
18
34
108
133
127
118
130
41
67
54
148
34
148
142
89
164
90
105
51
53
93
1
134
75
156
131
68
137
24
117
142
117
134
88
8
29
56
61
29
143
38
31
145
13
9
117
115
58
80
76
41
79
12
134
33
67
151
49
128
22
31
133
110
120
113
142
68
53
174
163
67
153
20
153
41
19
115
