400
80
45
72
10
44
78
64
48
57
57
61
97
78
81
27
37
38
66
13
58
97
69
56
41
22
27
60
22
84
18
72
65
24
30
88
92
12
46
76
51
27
66
61
30
5
93
80
89
49
38
13
87
76
61
76
23
54
47
84
82
55
58
44
42
39
43
20
98
49
16
72
81
56
1
64
96
47
14
89
55
97
50
36
44
96
43
56
39
24
89
53
71
85
52
21
83
3
95
57
87
29
29
81
79
83
40
54
21
38
93
51
63
55
24
49
5
89
18
36
46
3
73
55
36
23
92
35
82
34
54
41
4
66
63
3
98
45
22
62
52
81
2
23
58
57
87
57
17
24
68
18
21
90
32
38
13
67
3
6
40
83
25
28
22
39
14
92
71
32
13
21
57
73
75
15
32
43
2
53
88
34
67
49
20
19
86
86
4
68
80
99
92
84
63
16
35
7
55
47
50
47
70
46
53
45
6
7
22
29
39
37
14
23
67
98
50
27
76
71
11
2
39
59
59
43
47
29
57
81
29
63
45
91
16
69
84
15
62
30
48
55
46
38
91
69
31
99
54
42
16
62
8
73
75
54
92
62
92
31
38
68
73
76
58
24
57
18
39
61
38
16
62
15
79
58
49
42
6
14
64
17
31
17
53
65
10
84
24
54
25
75
89
26
92
79
62
30
17
50
64
52
23
20
79
72
92
78
71
81
49
80
98
7
54
24
16
28
59
18
49
1
20
100
31
63
12
20
81
11
84
12
62
50
12
85
35
39
94
38
45
59
66
79
94
23
79
22
18
3
65
29
46
11
55
63
57
94
2
3
21
83
14
74
57
86
58
39
52
20
38
92
22
100
89
17
81
100
81
34
10
83
26
93
76
15
94
63
75
70
88
86
38
55
49
58
80
26
51
91
53
26
