350
70
3221
1987
459
1994
442
977
878
855
1864
993
2901
2709
3125
1284
3261
3013
434
1840
79
1373
2671
1763
3366
3317
467
1847
556
3229
2430
619
264
1511
3073
401
634
2872
688
1812
3268
3229
286
763
1219
3454
1486
1642
2132
2155
2510
3217
136
2434
1289
827
3110
2753
2688
1523
3282
2017
1342
999
2059
569
1928
3296
217
1887
309
1022
1335
3100
2344
3360
337
1378
1835
2482
3049
1996
2387
1884
1804
2803
1051
982
1995
3427
2474
1605
1100
257
2440
658
2529
3248
560
142
2809
3331
1138
3326
1266
1672
2674
1615
1852
1186
1251
816
908
2336
1895
67
2565
2803
26
1996
3012
1954
572
3222
3300
1481
838
2562
3345
1120
1639
2987
1211
2361
2034
1857
1569
1024
3208
1527
3184
21
3318
742
924
3407
3430
122
1812
1686
3214
1007
1350
2735
1236
3269
3396
94
619
2524
1075
1945
1838
858
3242
806
1812
782
2346
1186
659
2867
687
3296
2510
1875
3210
3197
2863
451
1975
2362
1664
1393
3090
3443
1327
1943
784
777
3217
3316
55
1594
2786
2521
151
1105
1619
1644
2312
1290
2187
1248
2692
1723
1763
2922
992
2878
3487
1221
2016
1245
2636
3462
62
905
748
386
1464
1842
1718
81
2500
1039
2233
266
707
1890
929
251
2268
22
2803
3387
973
2143
554
2197
2027
2932
1626
2182
3159
1300
2711
920
1159
1313
1495
41
939
2215
2014
752
842
298
3066
667
3418
2089
3264
2918
1442
1244
1530
3483
1974
1989
860
1644
670
3336
2609
1134
1175
1774
2826
1258
2058
1893
856
2105
1651
2775
1142
1303
2967
2420
1137
653
1734
784
1181
995
856
432
1671
381
634
979
1405
910
1348
1324
2407
399
580
2764
2986
1766
1225
419
2114
2773
766
420
3482
737
1273
1121
2314
2208
728
3129
520
1202
2330
1463
3221
1299
1402
1535
146
2320
1907
602
49
3162
381
2296
2775
3431
1263
556
1362
2445
2277
1347
1777
80
