120
40
147
494
464
506
623
475
896
779
1153
107
516
273
225
1113
553
868
645
1174
818
427
78
847
823
204
355
230
1130
1070
977
287
472
1115
574
625
322
1087
6
1128
912
152
181
629
443
945
457
566
438
1004
1077
696
592
330
263
1073
239
791
1086
64
320
186
238
488
737
234
514
724
109
367
8
533
105
1116
352
190
377
709
1188
762
156
111
582
1101
784
534
986
864
567
1103
516
387
1171
754
706
725
127
1018
1143
654
369
732
84
1169
449
116
1143
506
570
179
727
916
361
992
807
485
1086
1194
1146
339
1179
476
