700
70
60
10
63
7
25
56
16
21
68
1
83
5
52
7
44
33
89
15
21
60
40
16
15
92
83
10
88
71
71
12
6
7
49
73
16
89
85
34
44
84
97
20
70
94
28
84
81
23
86
41
2
66
93
50
39
36
76
33
11
21
85
33
15
4
46
83
57
37
29
16
6
21
27
19
60
71
25
21
38
12
54
43
22
44
29
21
28
60
42
35
47
36
95
16
86
41
16
55
55
88
67
95
54
19
56
7
45
32
68
16
23
15
83
84
52
95
31
51
10
4
21
41
99
62
71
89
74
33
94
50
10
14
40
75
44
47
48
7
78
36
32
58
100
46
73
78
20
59
76
26
78
45
46
36
62
60
69
40
89
5
22
37
38
34
41
32
90
37
72
94
53
1
81
75
83
38
54
70
69
37
91
76
11
66
68
80
79
46
83
8
46
30
88
67
48
36
40
46
30
46
35
1
37
37
14
14
28
12
22
9
63
94
74
21
23
57
27
72
28
87
8
65
23
83
87
78
97
8
78
42
33
17
53
58
49
2
93
14
97
42
21
9
85
98
4
57
48
36
3
7
52
82
89
37
27
81
63
42
47
59
13
95
23
72
40
72
85
85
26
21
16
46
2
34
63
84
97
38
59
42
14
75
70
98
93
100
75
69
74
30
84
24
72
27
44
96
15
73
2
30
65
83
64
65
43
79
9
11
67
57
4
93
33
4
91
82
28
47
81
82
95
76
21
22
60
70
2
12
44
11
71
38
24
22
6
61
8
11
14
50
71
51
3
12
31
17
100
86
30
54
88
7
24
82
84
31
25
97
8
9
10
54
22
72
35
25
46
40
55
38
48
23
29
93
64
19
43
82
70
13
63
72
38
92
93
94
45
87
92
57
36
76
92
90
3
19
78
95
73
42
7
14
78
72
49
71
77
54
64
49
58
12
34
28
72
92
51
25
51
47
72
36
60
71
79
53
43
6
5
87
6
80
7
48
2
96
23
79
45
10
25
57
35
35
99
55
1
14
80
57
98
29
70
31
25
26
82
30
87
34
66
98
49
61
30
57
16
11
74
86
70
24
40
52
87
34
61
7
99
75
80
55
9
22
81
75
32
1
50
45
87
65
74
70
45
11
16
90
80
7
90
40
28
49
9
93
10
17
72
19
3
83
75
91
96
60
35
7
72
54
22
59
29
42
60
70
47
70
36
85
62
38
94
70
77
69
84
2
70
89
43
30
25
49
44
80
32
61
39
70
39
71
52
30
19
52
5
81
77
45
39
19
94
28
96
24
57
5
96
82
86
83
87
45
66
94
62
4
76
89
88
11
70
58
65
64
49
50
43
68
47
97
70
75
21
80
11
38
94
39
77
94
22
49
55
1
15
39
50
87
60
80
20
10
95
62
16
77
91
25
9
6
79
2
1
92
25
54
43
67
20
43
14
80
11
78
77
2
12
45
53
31
8
95
35
30
38
73
1
100
14
62
16
76
29
92
97
58
34
48
73
16
56
96
100
22
89
17
52
1
87
59
95
68
9
24
24
10
66
7
42
65
29
18
67
51
49
45
87
49
3
39
44
15
54
85
49
13
3
6
