600
60
74
70
74
88
99
62
18
83
74
64
60
13
47
75
39
40
70
80
96
25
49
12
14
22
33
15
53
61
65
61
8
85
28
89
42
35
29
28
43
74
9
42
100
32
5
26
11
75
20
55
27
68
69
71
45
55
9
16
3
60
75
28
2
88
100
25
22
90
41
54
15
16
13
8
62
5
52
100
93
1
27
25
30
70
44
98
98
7
83
16
33
53
32
86
100
1
31
57
75
60
84
40
38
86
62
12
29
46
42
17
70
39
68
3
55
51
84
7
71
8
35
27
13
43
97
14
83
39
68
90
44
24
45
67
21
26
80
60
1
62
26
33
95
69
21
72
59
20
82
86
74
47
60
93
39
67
15
32
41
19
98
40
97
55
13
65
81
11
40
2
74
60
25
93
47
45
43
17
43
10
70
54
85
49
8
43
27
68
54
20
39
30
52
47
10
68
2
88
92
46
35
69
61
54
23
47
74
67
17
70
49
55
77
37
7
73
2
6
6
24
66
23
82
14
72
39
45
54
11
88
53
51
85
65
31
47
32
1
34
7
18
5
52
75
21
60
81
89
19
10
30
47
88
30
73
62
50
40
20
36
82
68
66
82
57
33
19
4
90
1
36
69
25
29
52
77
25
54
7
57
79
30
35
89
66
82
72
45
67
87
46
19
84
36
69
11
66
64
32
51
24
24
47
27
11
44
75
92
74
42
57
61
76
19
29
49
92
52
1
13
33
69
64
14
50
34
41
20
17
51
44
81
63
51
67
44
48
29
88
32
47
66
28
83
18
77
24
71
14
51
33
33
5
20
35
50
89
63
50
51
42
62
37
60
9
1
87
68
3
50
49
36
69
31
17
46
28
81
100
20
83
67
1
39
35
17
54
64
15
54
76
29
55
43
58
64
34
54
34
64
35
33
57
2
2
8
95
22
67
74
53
33
26
22
44
36
92
7
82
65
79
87
76
18
32
76
87
67
72
31
33
3
65
40
73
38
41
67
58
54
12
16
28
77
96
45
61
90
94
29
100
56
33
16
36
30
73
14
67
26
52
16
96
36
29
96
80
60
6
33
66
75
33
66
38
8
28
49
3
59
77
82
81
90
98
46
43
97
77
55
66
39
60
24
62
96
100
64
27
51
32
41
53
74
91
47
18
32
94
45
2
58
44
95
78
92
60
20
84
91
29
24
93
8
20
50
43
31
48
35
86
13
1
79
46
11
32
11
74
45
29
53
85
29
69
3
36
91
26
3
18
70
30
100
96
16
53
10
84
36
35
59
76
82
32
69
47
76
85
2
50
85
53
14
75
63
49
12
1
51
15
35
12
36
19
5
9
81
90
50
30
67
86
70
14
62
41
31
53
71
