200
40
46
34
14
2
98
52
43
95
55
1
40
91
79
71
99
31
83
62
46
89
65
92
79
7
97
31
63
99
94
67
49
98
54
18
19
88
11
55
44
89
14
32
51
46
23
11
86
85
56
56
82
52
1
98
68
46
85
66
62
52
35
5
32
72
50
77
3
64
19
47
94
70
9
53
68
39
66
5
57
45
54
43
29
62
93
73
73
88
46
65
86
91
10
17
36
23
40
83
95
29
55
68
8
92
53
41
60
45
84
69
70
34
17
49
19
81
23
47
80
2
58
21
93
88
46
57
83
70
25
64
51
17
17
59
25
47
60
60
11
60
62
34
91
98
57
62
77
74
91
33
15
32
33
3
90
84
15
40
24
30
66
62
40
96
68
35
59
15
13
2
11
86
35
31
67
46
17
44
9
61
35
34
90
77
17
16
28
25
45
85
85
19
38
12
28
28
45
13
17
33
