300
30
18
27
8
49
28
58
44
17
19
25
13
57
8
38
54
48
42
32
52
22
46
41
41
17
34
55
36
20
52
20
52
8
35
46
10
33
4
21
44
56
59
37
32
8
7
46
36
15
18
52
28
26
4
42
21
17
24
28
54
32
20
2
41
54
46
57
16
35
40
26
43
38
37
35
33
59
58
29
18
22
55
21
57
41
3
35
21
11
24
8
34
13
55
59
10
33
4
59
45
35
31
9
7
53
19
36
24
2
5
21
23
50
28
9
45
2
8
24
57
32
28
10
18
43
42
47
30
4
40
4
20
59
34
2
8
51
31
43
17
43
50
2
55
12
33
7
12
44
45
44
13
5
30
59
17
27
50
43
49
22
33
17
45
55
58
22
6
29
6
13
17
15
55
36
28
28
57
43
52
19
27
45
34
55
41
40
13
5
51
35
32
26
34
56
26
40
59
40
15
9
50
34
20
52
56
49
35
36
13
53
44
45
21
16
4
52
43
22
6
14
7
59
39
42
17
31
24
12
38
12
4
32
54
34
27
1
40
45
40
25
34
22
58
59
47
17
21
16
15
32
18
32
47
19
11
15
53
51
19
26
28
10
23
24
25
47
47
54
36
37
46
49
33
17
12
32
34
20
31
14
59
43
44
26
57
20
49
21
40
57
45
35
8
54
13
6
28
47
41
28
