201
100
296
1960
861
1160
275
11
301
940
595
140
1346
895
1821
727
849
1106
352
1977
835
1340
757
1363
1366
762
513
1345
1336
1090
1621
728
501
1915
202
1082
1978
1142
456
1855
821
83
254
1827
1594
1630
494
272
1470
385
280
1183
1546
1718
257
1378
1744
1991
1105
1176
1461
975
639
555
13
1403
289
424
1047
630
542
597
9
1885
1912
575
1007
170
117
1553
1443
643
471
819
113
1955
401
36
147
1626
574
1937
468
191
1535
1046
1275
1907
1198
50
1886
410
1578
471
1265
77
202
535
528
1591
1945
762
197
798
2001
243
951
1731
56
668
1944
527
1002
728
877
814
1554
1424
943
494
1763
1015
192
1533
1850
92
1713
153
708
1133
142
334
215
451
330
1222
1193
195
463
693
568
1585
585
217
1763
1299
1191
1055
959
1770
975
1137
884
1162
1785
907
142
1380
1453
1835
1913
1227
258
440
568
296
798
1918
870
166
1497
1184
949
1250
1158
786
799
259
921
1688
1823
755
609
876
1996
1218
1324
28
1098
2005
1397
1730
1673
