270
90
10
7
4
6
9
2
4
3
9
10
2
5
9
2
8
2
1
3
8
5
10
3
4
6
10
9
10
3
10
6
8
9
6
9
1
3
6
3
5
2
6
10
3
3
8
7
8
10
7
1
8
6
4
2
1
10
7
9
9
10
3
4
4
9
2
7
1
4
5
9
9
8
3
3
2
5
10
1
1
3
9
6
7
8
4
5
3
4
8
5
2
10
7
4
10
2
5
4
7
9
7
9
8
4
5
10
6
9
9
10
9
3
8
3
2
9
3
2
4
9
5
7
7
10
8
5
9
3
9
3
1
6
5
7
5
10
7
7
6
3
5
3
8
7
9
2
1
2
7
4
5
8
9
2
1
3
3
2
2
10
6
3
3
4
7
1
5
8
2
9
10
1
2
1
4
2
2
5
9
4
2
9
3
3
3
7
2
4
7
2
3
9
5
8
5
10
2
7
8
3
4
2
4
10
1
5
9
2
3
3
3
9
8
1
4
8
7
8
8
2
3
9
5
10
7
5
4
3
4
3
3
2
6
1
6
3
5
8
8
10
8
6
10
1
10
5
10
4
3
9
3
3
10
5
10
2
8
2
7
6
6
7
2
4
4
7
5
8
4
1
