400
40
63
76
62
59
78
65
74
61
52
68
73
76
57
56
45
56
64
78
54
41
66
64
70
70
68
42
50
67
61
63
68
40
53
42
56
49
58
74
73
71
71
76
56
79
49
66
48
64
49
40
60
44
44
54
60
44
58
44
42
74
71
79
40
40
43
44
57
77
57
62
52
64
56
68
49
48
74
45
63
54
50
77
48
69
43
44
47
73
47
45
45
79
73
79
78
62
46
53
48
61
73
53
53
60
49
77
41
58
60
49
67
55
71
54
52
44
59
76
46
48
79
71
74
57
71
76
64
44
47
54
66
69
72
73
65
71
41
65
60
48
69
76
54
59
72
49
75
66
47
52
74
49
75
48
45
51
49
75
59
40
56
59
61
58
66
42
53
76
74
46
72
55
64
44
52
76
70
64
54
65
75
44
63
74
43
54
71
61
57
59
71
73
62
54
69
79
44
68
47
46
60
76
67
76
61
40
63
43
54
62
75
65
71
64
49
55
68
71
56
45
63
47
72
41
46
61
51
76
60
48
77
50
56
44
78
78
72
50
49
46
59
43
52
50
59
53
54
63
44
79
63
75
52
70
55
46
44
54
61
56
55
72
65
76
41
73
55
60
64
62
46
40
63
44
76
50
65
74
43
59
75
55
75
43
44
59
78
64
63
66
44
52
79
75
70
54
71
72
45
73
75
63
71
72
79
72
72
74
46
45
46
62
64
62
71
67
71
78
58
79
50
60
63
51
68
50
67
45
63
49
62
41
79
41
78
78
44
52
50
51
44
56
46
59
43
75
73
75
58
65
45
75
66
66
57
65
63
47
41
58
53
78
44
78
72
63
63
57
54
78
58
70
73
63
40
50
71
44
44
44
79
40
46
62
57
52
67
45
70
71
54
40
41
59
46
54
67
72
56
56
