250
50
2080
1508
110
2003
1603
204
791
1660
2232
1558
983
1668
2177
1072
1660
1058
140
1180
1761
1823
452
807
424
219
1284
1191
1497
636
1323
2047
868
290
1439
2266
943
2484
603
529
650
443
2268
2259
906
1025
1201
1077
508
2472
471
614
620
498
367
706
620
1693
763
1846
931
2052
1709
763
1526
2399
1656
789
1205
1646
1946
620
2152
2374
1633
931
1235
378
600
674
2074
214
336
1730
990
1901
87
1737
1011
1773
25
946
777
749
2393
713
891
2140
956
365
1668
624
937
1267
1844
2105
139
197
1579
1364
1602
2020
233
1905
2365
2241
1454
765
394
2484
80
1313
475
623
2184
7
1809
47
611
1792
2498
580
334
1945
1298
510
1044
759
1932
2188
2027
1073
1453
579
1278
2386
2329
1242
50
288
2030
860
829
1353
532
600
1548
76
1021
1410
2421
1320
1580
1597
619
820
2414
359
2427
390
704
1054
1997
1300
877
2317
555
1397
1902
1834
649
235
616
1283
337
2427
313
1749
770
2256
317
285
1768
521
1132
1238
1089
2171
1125
1994
1082
2477
1709
1912
2492
497
1825
2365
2262
2491
353
245
2468
1306
1487
1965
1402
254
2260
685
1352
675
1092
1950
443
2181
1574
797
853
2134
714
341
2025
965
2320
17
108
1718
1274
718
780
835
1108
1539
883
2010
636
2446
1627
181
337
335
