800
80
125
15
137
60
157
109
135
55
47
5
130
40
128
136
83
55
33
131
138
156
106
88
16
106
15
31
138
115
116
48
51
16
34
151
36
59
139
151
141
62
4
59
151
9
13
52
48
154
144
107
88
19
115
156
15
55
31
12
122
106
117
103
155
10
70
144
28
50
82
155
157
133
143
118
146
44
103
110
140
12
136
3
103
126
85
109
10
58
30
36
86
53
145
59
4
28
44
120
22
71
8
144
51
7
70
78
138
24
41
123
153
64
132
136
110
145
155
1
21
47
77
86
120
96
159
62
58
67
53
94
14
44
104
53
126
53
151
37
81
57
75
67
19
157
5
62
17
156
153
68
13
49
84
62
104
143
108
79
114
93
20
101
100
150
33
100
116
58
136
109
86
137
56
70
88
106
67
157
74
23
126
46
135
152
38
64
128
85
125
96
3
1
97
111
2
78
112
134
89
55
76
80
26
111
13
82
45
97
110
74
129
37
9
56
45
117
63
19
45
51
59
17
140
76
120
6
149
95
38
27
138
46
153
96
120
78
78
113
94
21
72
40
118
82
147
4
76
84
14
62
45
138
57
3
113
79
22
4
77
11
103
159
110
13
112
36
130
139
118
95
51
158
131
81
125
123
68
121
138
69
74
139
80
34
55
37
57
25
78
42
27
78
154
87
80
60
57
127
61
21
57
119
38
10
67
100
71
129
137
116
3
139
119
93
139
115
67
62
36
14
99
9
123
34
96
157
120
46
144
65
158
71
97
101
99
20
41
100
135
9
68
141
65
58
8
74
37
108
88
32
11
15
71
6
51
43
20
145
74
113
22
125
92
68
24
149
88
47
154
135
69
96
111
24
42
71
94
116
76
109
145
54
77
154
131
7
64
131
128
140
76
34
6
130
34
143
32
45
122
41
130
62
67
14
136
154
148
22
46
24
142
44
156
103
102
43
123
16
157
5
53
5
99
10
89
30
33
108
128
32
90
43
37
124
62
92
27
63
64
95
55
138
156
41
23
88
110
78
19
9
99
91
54
125
32
133
74
98
59
102
150
50
3
1
66
28
146
130
113
118
71
86
87
54
39
85
117
111
134
108
157
38
5
35
50
77
68
19
78
112
157
146
85
62
126
126
67
88
31
48
150
133
78
85
74
18
84
49
59
11
89
106
150
15
27
68
101
97
11
29
2
68
103
105
74
105
16
76
110
31
33
36
51
153
3
110
15
107
102
124
37
99
30
140
57
28
128
151
82
48
73
38
137
119
151
95
59
118
110
68
19
102
154
122
41
35
116
26
63
145
5
22
103
107
120
134
151
37
116
124
62
156
144
139
79
40
134
52
17
26
50
142
86
16
78
42
73
137
47
140
15
152
40
141
55
142
51
121
87
101
64
93
83
4
110
108
78
73
110
120
108
61
101
152
77
151
146
2
85
110
6
107
57
86
35
84
46
27
51
142
13
97
116
145
131
74
13
8
54
3
45
41
135
106
107
90
6
12
40
119
81
117
14
121
120
36
6
30
91
8
97
83
38
62
115
66
92
113
82
97
76
152
10
105
124
134
47
116
114
159
143
33
34
23
28
28
68
1
28
28
91
124
28
69
62
80
88
44
102
52
14
137
36
62
16
111
88
43
73
33
72
42
132
11
147
90
58
68
113
81
79
122
114
119
140
64
74
113
31
113
26
46
10
157
26
34
43
141
53
26
116
3
37
44
13
93
8
124
73
3
104
7
37
103
9
101
41
20
59
36
22
55
66
152
100
29
31
9
35
29
18
138
25
138
18
96
91
53
113
112
123
150
44
69
142
23
51
75
128
94
