240
80
44
69
55
118
135
111
115
29
101
33
68
151
134
68
110
64
66
146
103
48
91
89
60
157
58
25
36
142
112
142
150
43
25
6
74
89
112
151
19
43
108
43
9
33
147
137
4
135
131
138
80
8
3
38
91
111
142
149
29
52
152
76
40
137
55
75
47
120
12
49
11
33
33
29
69
74
152
112
114
30
13
126
97
41
81
86
10
105
130
42
108
144
137
118
98
98
83
147
131
20
146
94
143
157
62
135
55
102
115
45
7
135
30
48
96
47
75
130
136
148
87
123
68
23
135
97
31
75
91
61
16
126
39
132
132
29
68
144
50
143
32
126
36
94
158
36
46
56
141
109
60
102
98
8
93
139
132
41
97
12
153
103
121
133
51
48
22
76
8
121
41
113
59
102
44
7
159
94
23
48
48
9
21
130
117
98
96
45
18
99
145
104
21
125
52
151
35
70
35
159
55
132
106
113
70
30
40
71
52
149
15
48
131
113
9
147
132
13
22
30
90
92
137
1
2
102
137
16
88
39
113
5
129
135
91
120
17
38
140
44
