800
80
830
852
5724
3111
6796
1892
3807
2097
1483
2059
5302
6067
6633
6
6911
7156
1759
3281
7854
3634
2253
4048
5717
3289
1858
222
4049
7923
2567
2243
5147
7281
777
1318
2596
5382
7289
6319
7951
1200
2969
7513
1409
658
4964
196
2517
3933
2782
6186
5731
603
2541
2648
5352
4961
1049
3483
3161
7387
1602
4746
2173
5163
3304
7602
5461
6318
4609
4676
1504
5114
2412
4738
7898
2627
3966
2623
566
5329
3234
6236
6377
1184
545
6280
1453
6462
4825
3668
5590
6710
2900
6239
6771
5439
7459
2855
7403
950
4641
6366
1444
3247
5743
1928
7855
6364
5870
2002
7960
3482
6227
3737
5910
1035
5365
6091
3447
7027
6204
4296
7058
1360
6250
1149
7028
1031
90
2354
5563
1981
5748
3632
4328
2877
1501
2810
6550
514
51
3447
4304
3505
3128
1057
7246
2328
5206
6270
5378
3896
5717
1048
6804
2999
3762
4310
418
4332
1020
1339
1367
1947
4997
7903
2623
4
7084
2265
6682
6280
1273
5378
4578
2702
2043
5071
5145
2202
403
4661
6141
5365
7072
2232
5896
4360
1282
4098
6302
6836
7645
2822
2390
542
5178
1363
6104
6498
7827
3383
7839
7257
544
3156
1102
2706
7441
3753
2639
3734
3149
5171
6085
6344
848
939
7929
7992
3571
1830
354
1222
7245
1218
6935
227
423
6474
2863
7199
5549
7472
2768
2378
3744
5329
7292
5119
5961
3122
639
3911
5886
384
3118
400
3097
471
3602
5407
6984
3838
2950
4507
5270
2801
3505
7087
4152
1049
1024
46
272
4312
4859
6033
6568
5246
3558
1833
3914
4005
4207
7441
5496
4795
5135
16
2098
1167
4038
7298
4504
3782
2915
293
5489
7590
85
7096
5092
2383
6465
3313
1653
1082
3645
1269
4962
3514
4975
7562
840
3933
7393
1815
6637
6118
3650
2289
6816
6770
1192
4074
3549
957
2646
714
1308
1260
1402
5638
4116
4262
1132
5087
6187
7237
4335
1730
2444
4853
4392
6820
821
7945
1275
4770
5514
5860
4905
1646
5000
5021
4175
5369
7401
4957
1508
3175
6956
4443
287
1641
4337
7626
366
7632
5508
5078
3946
4150
4674
4558
751
1378
6967
3813
6624
2293
2635
5218
27
4967
721
1556
622
2095
6418
3108
1905
2538
5812
6798
2673
4553
767
4418
5319
512
3102
2764
3852
5763
6114
5622
4261
2151
3152
38
5143
2210
1777
2676
6396
3541
4770
5671
5599
3706
3589
36
5209
1564
5004
6224
3448
6914
6863
3823
6855
1564
6183
2436
7895
1791
4706
592
3437
2735
6151
4850
1716
2376
7558
3852
6693
4109
126
7904
5750
4175
5612
3520
6334
2743
63
7090
2491
5705
6366
4461
6154
4261
2246
2836
6842
82
4642
5665
3244
3827
4810
1730
3084
4990
3756
744
7224
3708
324
2209
4417
3617
3778
759
4369
3346
5451
969
5671
4589
4804
5498
5316
3286
1367
3143
1689
6356
6745
255
2971
1731
3275
7613
610
7451
723
6103
6358
6705
3088
2006
6105
6139
2109
6592
3625
2606
1498
5003
2007
15
2975
839
1607
1058
258
4847
1137
5120
5910
3743
4037
5470
2601
1414
2022
6091
4674
7770
2393
49
3407
5529
1039
314
3318
6321
4549
5569
720
376
5082
5451
7616
4121
5647
7112
4391
1511
4223
6511
7711
4909
5367
7606
6099
5735
757
3090
5482
2127
1491
5618
1163
382
4560
648
7689
825
5550
6377
4207
6087
434
3746
712
2598
5281
3999
4338
2672
6968
2451
5464
4256
3237
7323
1860
2889
7889
4402
483
1496
529
4142
5136
377
4768
5920
3843
5750
4138
4461
6453
4285
5033
7989
7422
1281
2350
65
6534
1872
2764
873
1018
2775
1693
184
6098
190
4369
162
5269
7770
6064
7156
6584
5563
3730
4611
5759
7879
1805
5683
5543
7723
2199
7152
217
5183
3900
2327
3215
2186
6709
4227
4024
7399
6769
315
7976
3749
5705
3210
4179
3250
3530
6372
1569
174
718
5142
7667
6396
6563
4203
1824
6320
6435
5189
258
6074
5893
7670
1784
4893
7301
2557
7763
7022
6871
925
5211
4889
7679
2894
1984
6541
5
4141
3741
697
1315
5424
5576
880
1942
3820
7294
7726
4805
1409
4643
2094
883
5860
6006
2352
67
1089
5158
6611
3978
5537
1282
7999
5986
693
568
5817
5850
6861
7678
3804
3206
5022
4073
4281
1039
4529
1623
2778
6046
2024
196
1507
5108
46
3307
5818
1397
6230
4516
5180
7747
2802
4368
74
2495
222
6209
6517
560
541
1480
7672
6165
5565
4075
5927
4925
6634
7328
6582
2646
2899
1334
3233
7781
237
1714
7140
3280
3968
4036
1516
4181
4362
289
1419
2707
171
5165
5339
6586
5291
4378
4679
4349
1724
713
2223
7074
6525
