201
100
102
98
102
101
102
104
100
98
100
105
102
105
98
100
102
98
104
97
96
101
100
102
105
96
104
103
97
103
98
103
98
95
102
101
102
102
99
105
104
96
95
95
101
101
99
97
97
96
98
95
97
102
99
97
95
97
95
97
105
102
101
100
105
100
96
96
99
100
97
101
95
97
105
102
103
95
96
102
97
101
97
101
101
101
98
97
95
100
95
103
102
105
102
97
102
103
103
100
99
105
104
101
102
96
98
101
102
103
105
101
95
100
97
97
95
101
99
95
98
99
100
99
97
97
100
105
100
99
96
102
101
99
104
100
100
105
100
95
103
100
95
101
103
102
95
100
99
97
99
95
101
96
96
96
98
100
99
98
97
95
104
100
98
100
96
99
103
103
101
95
99
96
99
97
99
102
100
99
101
104
96
97
104
95
95
101
98
103
100
96
103
95
104
95
103
97
100
103
98
104
98
