161
80
103
98
103
104
103
101
104
103
102
96
97
103
100
103
96
97
96
105
101
104
99
104
96
95
101
103
97
103
97
103
99
103
100
96
104
98
103
98
100
102
103
104
104
95
99
96
104
100
95
95
99
97
102
100
104
99
95
95
103
96
96
96
103
102
98
103
103
102
102
102
98
105
102
102
96
99
99
98
103
96
98
97
97
99
96
97
102
104
96
99
96
98
98
104
95
104
97
101
101
102
104
100
104
95
104
101
100
103
96
98
104
96
102
104
96
101
104
96
99
101
101
101
102
102
97
96
103
97
98
102
98
103
102
98
98
99
105
103
105
97
95
105
104
100
95
102
102
97
95
102
95
104
97
99
96
99
95
105
97
99
100
