240
80
98
102
103
104
105
101
103
101
98
103
101
99
97
104
103
100
95
100
98
105
96
98
102
105
104
96
99
98
103
104
98
95
105
96
95
102
98
104
99
100
98
97
95
101
96
96
95
102
99
101
100
101
99
101
103
96
98
98
95
102
101
95
99
103
95
98
99
97
103
103
103
98
103
102
105
97
105
103
103
98
101
105
104
97
98
99
98
101
101
97
103
95
99
101
97
96
97
101
96
101
96
102
105
101
98
97
95
100
99
100
99
104
95
104
99
96
100
100
98
102
100
99
101
96
98
103
101
105
105
96
95
98
99
97
97
105
103
97
99
105
101
102
101
103
96
96
97
105
101
95
101
98
104
95
97
105
95
95
98
99
102
100
101
98
98
101
102
99
98
102
95
95
105
101
99
99
100
103
98
99
97
100
104
102
98
95
103
105
105
95
102
98
99
97
102
96
104
98
102
97
103
99
102
98
98
102
103
99
96
98
97
101
98
97
96
105
103
103
103
97
95
99
104
95
99
96
95
98
101
101
103
101
99
99
96
102
103
98
98
97
