270
90
34
61
89
10
39
45
68
9
85
46
7
44
45
24
6
67
43
92
81
90
12
4
57
89
51
41
19
41
69
27
13
68
41
19
3
19
55
26
69
21
72
74
80
85
27
32
56
96
15
22
87
98
90
79
23
90
81
98
6
63
88
86
94
36
7
29
25
66
74
77
32
54
75
7
80
78
74
41
98
30
57
6
84
43
91
69
52
38
27
68
87
79
6
48
74
58
70
47
75
82
1
66
64
17
73
92
81
47
18
81
13
94
61
44
6
52
28
71
52
35
87
32
73
22
5
11
87
53
73
18
28
64
18
61
57
3
33
96
74
96
7
85
39
63
54
65
29
86
64
87
25
60
64
94
59
62
71
93
83
18
95
1
94
96
29
34
51
70
71
2
61
40
87
41
99
67
28
78
6
62
4
63
9
16
99
38
4
70
47
4
86
79
4
15
91
99
11
87
62
37
37
23
19
44
88
75
39
9
91
63
28
95
94
75
95
72
3
81
99
48
77
41
10
77
30
66
87
91
21
21
59
75
3
32
47
84
32
67
68
45
24
9
1
4
34
14
90
48
16
37
66
66
62
11
97
27
36
9
40
9
37
37
84
53
4
8
43
25
32
77
