300
30
33
24
39
50
45
12
57
7
16
41
13
11
6
17
54
23
5
24
53
59
7
6
8
51
51
38
40
11
18
23
1
27
53
10
4
34
6
52
39
1
55
42
58
21
50
27
34
18
57
31
13
1
26
36
53
4
38
45
4
19
2
21
40
9
27
32
25
30
21
22
37
2
13
6
55
6
30
21
24
46
54
20
1
21
3
54
35
1
19
34
35
26
51
7
17
26
46
45
55
11
34
36
14
39
10
45
1
33
23
14
57
29
18
59
13
46
51
18
23
7
10
48
27
12
35
25
45
27
39
45
13
47
6
4
16
48
43
4
30
56
12
14
58
7
53
45
14
10
6
17
29
8
15
30
31
39
35
18
19
49
15
27
18
54
52
25
17
41
50
59
15
54
49
3
31
3
20
36
29
10
37
48
50
44
6
4
32
24
36
26
37
50
40
10
27
50
27
29
37
51
38
33
40
19
24
47
1
20
18
20
53
31
9
35
23
9
20
39
28
5
2
35
11
43
51
28
44
33
23
29
50
24
22
1
27
29
31
44
51
12
38
50
12
10
5
53
5
51
50
40
56
5
5
40
9
22
41
58
51
23
8
45
12
33
8
13
11
55
10
6
7
32
45
11
40
11
17
43
50
19
1
52
5
47
37
49
21
4
11
18
47
11
48
19
58
31
11
20
20
31
