600
60
3
55
109
106
18
93
50
118
58
27
46
15
116
8
95
23
114
89
11
75
57
81
59
7
59
7
38
44
87
73
83
68
50
36
57
41
48
86
1
18
30
73
45
83
26
31
102
5
23
77
102
41
18
88
42
110
11
106
117
48
90
51
66
24
71
106
73
93
8
82
85
119
64
31
98
107
56
16
72
57
8
34
60
41
75
107
92
62
64
31
31
39
29
86
28
11
89
24
100
18
111
113
3
81
51
85
85
82
19
110
76
6
32
114
45
91
39
31
21
56
86
107
15
79
33
77
115
31
24
36
46
29
20
43
14
98
83
50
2
65
112
23
63
89
103
16
76
27
100
36
99
33
63
46
15
30
92
35
95
108
44
4
46
21
38
21
43
5
17
13
75
22
49
60
21
6
67
60
105
63
100
86
86
17
41
81
46
1
32
83
79
42
55
24
28
45
38
116
6
3
59
69
94
8
91
59
8
72
71
49
109
116
97
70
29
31
73
24
85
17
12
10
83
35
74
33
22
94
67
92
41
114
9
85
49
2
72
3
17
22
78
96
13
46
107
24
112
88
112
46
78
10
1
113
35
60
28
19
97
47
104
89
119
82
36
4
59
49
38
40
95
82
26
84
57
71
86
112
55
41
104
45
77
11
113
110
114
46
21
58
38
71
29
11
81
30
107
86
104
115
10
51
64
36
104
99
7
99
64
85
52
81
76
16
68
106
55
69
44
71
114
18
61
88
40
67
55
99
23
44
79
97
27
1
70
75
34
95
27
78
5
74
50
105
88
112
50
61
38
2
16
10
61
48
13
75
75
113
11
90
14
110
64
102
5
110
48
60
51
97
80
106
83
90
27
29
36
119
107
39
33
54
16
81
83
2
10
22
68
104
102
103
111
85
6
55
41
43
104
91
58
88
50
40
29
91
9
6
27
68
36
15
20
17
46
113
18
114
116
47
81
105
115
34
109
28
46
81
11
68
29
58
85
89
1
73
29
43
47
72
103
32
24
63
51
1
17
21
96
43
11
68
111
91
54
8
8
60
56
21
116
96
119
115
64
54
53
92
7
46
5
20
43
63
92
104
7
59
97
59
104
78
1
89
20
15
61
105
3
23
79
38
47
3
115
14
108
110
74
29
27
66
57
100
57
29
119
78
76
96
22
84
80
111
14
21
101
65
40
110
67
40
20
104
60
117
24
94
55
43
49
48
28
74
72
81
35
5
8
113
88
20
3
44
5
21
93
107
90
82
23
54
12
117
111
34
41
35
64
105
24
95
103
47
67
30
24
20
7
50
87
109
36
16
112
76
16
12
55
105
9
118
65
103
111
103
57
34
69
86
21
31
107
45
23
31
60
107
33
35
