300
60
99
97
95
96
100
101
102
96
97
105
95
100
100
95
102
101
105
101
99
98
103
99
101
105
104
95
98
98
105
102
102
99
97
102
98
96
102
105
97
98
99
102
96
105
104
101
98
98
104
103
98
96
98
101
98
95
96
103
95
105
96
96
100
99
104
104
103
98
101
105
100
104
97
97
101
103
98
101
101
102
97
96
97
105
95
99
96
98
102
103
95
100
97
100
100
97
98
101
99
96
96
103
99
105
97
105
98
103
102
99
102
98
104
101
95
100
105
99
100
97
103
102
98
101
105
104
101
97
102
99
100
105
100
103
101
102
104
98
97
101
100
95
102
102
96
104
95
96
104
97
96
101
102
95
101
104
101
95
100
105
99
95
95
104
99
98
97
99
95
98
96
103
97
102
98
96
99
98
97
98
103
103
102
101
102
101
100
100
101
99
102
98
99
98
96
96
98
103
97
99
98
96
98
103
100
103
104
103
99
103
98
97
100
102
100
98
102
105
98
100
97
105
98
95
100
102
100
97
99
96
100
99
101
100
97
103
105
102
100
101
98
103
105
102
103
104
104
100
97
104
95
98
103
95
99
99
95
100
97
95
104
103
104
105
97
97
98
103
99
96
99
99
97
99
102
100
105
102
103
105
99
102
102
97
101
104
99
101
97
100
105
98
95
101
103
102
99
96
98
104
