150
30
497
1147
1048
434
888
1452
1315
562
928
1433
60
36
1248
685
1058
639
1036
877
735
1123
1464
1204
488
121
403
874
187
809
141
368
253
705
53
82
1450
1322
976
369
837
200
1367
329
802
1496
1475
1432
1241
1273
114
14
977
203
541
1307
664
57
819
1435
749
495
32
592
387
1336
1036
1064
944
360
605
1194
496
952
299
883
1368
1253
1134
1425
1116
158
1008
63
481
1347
576
391
1414
810
870
862
817
797
1367
33
460
329
1337
1229
888
155
578
388
739
1120
980
683
704
481
635
1482
136
981
1475
724
742
1379
247
1166
1088
1431
937
1047
496
1453
127
1111
59
937
228
1316
996
804
710
1171
527
928
871
1207
36
885
280
413
874
565
671
747
1312
82
1482
601
