500
100
262
4952
887
1719
4305
4870
1940
2384
1545
1397
574
1029
774
2239
136
4192
1709
977
342
1471
4471
3317
309
2392
4892
2426
3953
677
4653
4877
1652
4974
2864
4003
4168
2362
3872
2593
3131
2360
2357
4390
3897
4702
134
1087
1537
554
3521
1269
1583
1946
2165
506
4813
212
2596
4151
34
1894
3383
3209
4713
1019
1084
959
766
3366
3433
2839
2270
2306
2630
3331
4245
1289
4324
2998
1817
194
3630
3924
1899
605
1475
3748
4852
102
369
347
1525
843
411
2053
1413
4536
819
2865
2221
2047
2388
4601
3558
386
3220
4354
4285
4936
4434
919
4438
3548
207
3421
2774
2616
328
1303
3990
3128
2999
208
3429
1846
2524
1269
4109
3282
638
4819
3254
4839
3947
3852
2016
3790
4252
1669
623
505
2544
4614
4270
828
4435
3688
3738
1488
3848
488
753
3540
4586
2968
209
998
3582
2786
4496
1374
1419
1327
1497
1827
2070
3656
2942
4629
2834
2385
4337
3032
2655
3788
4548
4956
2693
1123
1894
2679
890
1378
1847
3185
3298
2776
1302
2905
786
2218
116
1557
2164
2727
1334
1171
2299
2575
2428
548
40
4647
2687
2272
453
4058
2174
3754
329
2677
1607
3531
1
3649
954
204
3233
3271
595
1082
1701
4226
1563
1419
4072
533
484
1256
743
2228
3191
337
181
49
2662
2327
689
1849
1676
1441
338
1340
1187
520
1106
1940
1108
2354
209
2373
2845
115
1632
4052
2373
2069
3137
1984
2631
929
1913
2545
4765
4872
2768
3179
3495
474
2826
2940
2953
4178
2316
826
4641
534
4498
1220
85
3335
873
3873
4617
2021
2273
4737
4896
2667
2635
359
2883
46
1253
144
1639
4026
817
1976
4744
2139
4622
3201
2904
4534
1504
1346
2969
1769
2597
993
4604
2893
3942
305
3051
2303
3521
4154
2207
3090
249
3415
3374
990
1469
1573
2375
4016
1030
2619
2277
1144
989
4934
194
3029
171
362
1020
2628
1889
4915
2406
4071
4363
3163
1474
2765
1127
2837
4790
1301
2243
3035
691
3168
4229
531
874
3094
1604
4164
2861
2491
889
3421
4118
543
2964
3348
4612
4903
4056
3194
4705
3066
4569
876
2393
3102
1641
2183
2513
3426
458
4012
1352
1187
3821
3542
2518
2305
4759
3945
3159
2388
677
444
2636
3383
4052
1872
4912
4897
957
27
3807
1948
1978
4266
2601
603
3702
2845
242
2718
404
3699
2128
4299
2471
2322
2859
1923
2898
4251
2602
3500
4960
4355
1958
469
2945
3603
1794
2984
3810
476
3233
1097
253
1662
2742
1483
2008
946
4587
2366
153
127
3345
4381
4921
3312
3156
477
1292
421
1972
2503
599
1672
3965
1353
2741
1129
2455
1644
4152
2301
3712
436
4215
2247
1898
3707
2301
3591
3797
4790
2205
1430
4736
2438
4457
3430
3924
4556
3873
4898
3228
118
2240
1746
860
3399
2450
2035
1218
2097
