300
20
95
101
96
103
99
102
104
105
99
96
104
101
102
103
105
105
103
101
99
101
95
95
100
98
104
96
100
99
104
105
104
99
101
105
104
100
96
97
105
98
105
96
101
97
100
104
98
103
98
102
102
98
99
98
97
96
100
95
95
101
98
101
101
101
105
103
102
99
102
96
95
100
99
103
99
105
103
96
100
99
100
97
103
100
95
105
95
101
100
96
104
96
102
97
105
105
103
101
99
103
97
104
104
104
100
97
104
95
96
101
97
98
98
96
97
104
103
100
104
95
102
99
104
104
97
105
97
105
99
95
98
103
104
102
102
101
105
95
95
99
98
96
100
103
105
100
101
99
95
95
96
104
101
97
101
102
102
99
95
97
95
98
100
95
99
104
97
102
100
103
95
97
97
101
95
104
105
97
95
103
98
97
101
98
99
99
97
98
100
98
105
105
97
95
101
96
97
105
99
95
95
99
95
98
97
101
97
98
98
102
95
98
105
98
95
95
98
96
100
100
96
100
97
101
104
103
96
100
96
104
96
95
100
97
99
99
104
104
98
104
104
99
104
104
101
104
96
105
97
99
95
98
101
96
98
100
103
103
103
100
103
99
103
96
96
98
101
97
104
98
105
95
104
98
104
99
96
95
101
100
97
96
95
95
96
100
99
105
101
97
104
95
99
105
105
101
96
105
98
100
