750
50
66
39
36
47
28
28
61
97
92
3
58
100
31
26
76
88
51
22
77
25
43
81
48
67
100
79
9
8
78
84
18
8
61
98
17
100
98
48
63
20
76
90
28
68
51
62
70
32
41
2
70
83
91
39
28
15
38
51
93
62
61
7
22
5
63
83
7
63
13
84
44
32
2
25
45
75
82
3
42
10
24
16
53
61
89
80
27
19
81
54
84
60
75
12
29
55
85
33
96
75
92
71
62
92
82
67
35
23
85
77
9
45
79
47
24
98
8
38
2
3
14
24
42
42
14
80
79
83
32
66
27
24
71
40
26
68
32
6
12
93
19
98
42
82
54
18
98
67
17
99
76
10
62
3
99
51
51
67
26
94
43
95
75
23
89
91
100
98
26
40
22
82
68
82
93
73
67
87
41
24
71
24
86
15
46
100
56
2
19
71
61
2
49
60
10
47
88
81
6
43
45
41
74
19
89
2
21
57
37
8
83
95
82
1
35
36
40
29
8
64
92
86
89
20
7
54
16
91
16
86
1
34
29
64
44
90
25
82
89
20
27
77
42
64
95
60
8
41
69
31
88
66
68
14
16
60
96
79
100
22
97
74
56
72
61
56
96
31
16
60
29
79
6
4
21
78
30
93
60
23
84
95
4
26
69
49
16
13
38
74
93
99
26
30
10
17
78
35
96
21
19
25
18
89
90
25
19
35
33
17
77
70
75
26
86
67
74
97
41
50
51
31
21
87
2
96
96
80
95
45
19
97
68
72
29
60
31
70
50
86
99
25
77
98
38
6
90
54
4
34
63
79
75
96
33
89
56
93
29
76
86
59
97
47
3
83
9
3
61
35
52
13
22
4
71
23
66
13
24
48
2
29
62
39
40
37
25
73
71
57
81
69
73
65
53
39
49
45
68
34
12
57
4
63
11
35
53
91
19
80
1
59
96
84
56
77
89
89
56
86
98
94
8
37
47
14
40
60
29
48
76
55
64
49
12
51
8
79
14
92
68
42
16
6
64
61
49
81
19
25
96
3
83
76
92
37
7
58
75
38
12
20
51
81
28
88
83
35
12
22
16
83
31
34
89
16
53
63
41
73
37
92
73
37
92
81
56
2
95
64
42
91
85
52
16
31
85
76
87
90
95
63
7
31
85
21
93
45
96
3
35
30
47
61
3
65
12
70
51
75
36
10
12
99
62
60
57
19
4
42
9
24
64
73
82
39
47
99
64
44
96
48
95
29
68
33
50
31
1
77
80
70
54
84
45
33
6
23
23
15
9
49
69
21
10
94
16
4
52
58
15
82
1
2
20
68
83
96
73
2
61
7
79
78
30
45
37
64
67
80
88
17
19
62
78
43
36
73
3
16
43
52
68
48
64
31
91
50
1
100
82
53
31
87
39
96
86
73
52
60
65
48
13
81
46
6
9
70
44
21
31
1
23
21
57
70
87
16
90
50
54
61
31
35
80
85
1
84
92
15
33
42
35
82
31
21
12
74
16
2
9
7
13
1
22
37
54
39
7
15
68
51
89
75
83
24
29
95
20
46
32
15
33
13
38
65
88
24
78
79
38
17
98
54
73
97
60
26
27
89
45
85
21
17
45
47
85
6
7
39
31
47
79
48
17
12
44
73
37
68
8
57
84
20
13
17
70
16
14
16
81
64
43
23
43
20
13
1
62
5
81
42
50
28
43
90
71
98
89
38
