200
20
23
22
34
9
15
31
38
4
25
13
24
8
34
9
18
35
3
36
14
12
33
5
18
16
31
18
25
26
34
34
21
36
1
12
11
6
39
36
13
19
6
19
11
20
16
21
20
37
35
39
33
11
17
4
31
14
3
29
6
5
22
35
23
17
15
5
32
19
2
25
36
6
22
36
14
5
18
20
1
17
17
39
14
11
3
1
13
11
29
29
33
4
38
10
3
33
31
1
12
5
23
34
30
6
37
19
24
2
24
8
5
35
37
27
29
36
27
12
35
37
21
17
2
28
18
10
6
30
16
34
6
25
36
21
30
20
29
26
27
25
11
3
28
17
37
36
7
22
20
39
9
25
7
33
9
20
22
16
31
28
24
16
23
24
28
26
33
24
39
2
6
37
16
20
20
6
22
38
13
21
10
21
16
8
23
28
16
28
15
2
30
9
39
7
21
14
31
8
8
16
