600
40
1746
3385
2155
3331
5164
1604
5809
4583
4297
5949
2589
3584
1491
5880
4835
2573
593
1930
4718
1921
2076
1144
283
3106
2175
2816
2722
3526
2228
2922
5251
3213
1870
5674
565
3555
5038
5048
415
3355
3460
5541
2177
2665
4358
5857
1795
696
2190
1464
2307
2482
2639
2682
2816
1335
534
163
431
368
4112
1882
4125
900
5696
4989
688
814
1344
1300
1752
1023
947
1886
2764
4086
5740
4038
3905
4732
4511
5311
5783
1455
590
2849
4959
622
336
1848
1513
247
5933
3765
3982
902
3473
4624
3435
17
5963
5314
2696
4635
5170
2606
4823
5368
2263
1666
218
3779
2068
2841
22
2806
4271
2605
5860
4394
1185
2442
552
4781
3543
894
549
3770
5487
87
3690
4812
8
2610
5843
4941
4110
5697
3476
2918
4868
4867
1299
364
1362
1243
5442
4300
702
5262
3540
2825
2497
369
2284
3917
4992
991
4211
2470
1718
1607
3471
1877
1737
5627
3404
895
810
4262
3021
2111
3562
5188
2077
5838
5567
3426
953
5265
4050
2978
2867
5230
2844
3492
4760
2232
2709
14
387
3157
4501
5591
546
3809
2308
1994
3614
3224
1329
1486
3106
5283
4508
3181
1658
5250
844
5183
739
2656
253
4662
1754
2971
5908
1177
2292
5672
5813
5125
2151
5814
1547
5618
4330
2987
372
3085
2856
3123
107
3349
2629
1606
877
1087
2217
804
2263
4337
5305
5656
1120
335
258
5946
1335
4356
1372
4871
5779
4399
1380
4681
924
3606
2499
5599
1168
3255
602
2925
1901
418
4910
2017
4239
552
1223
3098
5975
2339
5338
586
4914
5515
872
1091
5800
1158
2035
3193
2568
3085
1079
3156
696
380
1156
431
5524
539
5595
1784
4785
5250
4027
695
5526
4326
5757
4432
2482
5542
2656
5125
453
3030
3270
3648
3804
5978
3516
2913
4098
4866
4736
190
1234
1731
1910
1050
4566
3285
5010
4872
5589
698
1039
58
5937
2181
3418
3481
1545
4077
1535
919
414
232
2875
765
1621
1691
1419
153
2576
5056
3815
2849
2778
5799
2831
5484
607
3119
2725
2838
3307
1545
3429
2493
3086
3864
3310
2659
2519
202
3837
5258
4932
1080
5478
4827
109
2542
1084
2111
5145
1200
5428
4862
4366
3929
4658
1181
5617
5553
973
4477
2244
1778
331
845
1022
2185
4714
2226
4147
3544
2645
2424
1356
4390
1527
2199
3261
3262
3128
3903
1196
2701
5413
1143
4987
1631
5264
3834
4752
1481
3986
3306
4216
801
3371
1645
259
666
592
5939
9
2373
2290
4914
5471
436
861
5147
2335
1261
5106
4916
5975
992
3198
2949
501
5841
5674
5850
207
2970
4561
4937
3160
5339
3895
3076
318
272
424
3037
1999
1267
1505
2711
4450
4203
2426
4231
5362
5779
3302
1960
2292
3995
3987
5767
2150
2536
500
5235
2157
3776
658
4764
4367
2179
4429
5455
5184
4914
4968
1365
1165
505
1911
5560
5396
4724
2932
3419
5803
1367
1062
1064
1510
4204
1976
1963
2966
3751
601
299
338
2446
5434
2362
280
3179
5866
5449
5423
4411
3906
4715
1858
5190
3424
1588
879
4486
5649
4314
5355
908
5422
1446
3959
3365
1828
3053
3210
2403
3277
4799
2177
4191
4377
914
97
4578
636
5783
637
5383
2763
4338
3713
3723
5093
746
2680
1209
1841
4049
3944
774
4644
4507
1108
583
4590
3413
5703
2440
5822
3543
2589
2645
3845
3340
2066
3775
5366
4117
5272
5121
2334
3834
4025
5173
1191
4257
639
4658
296
2078
