1500
100
4654
2989
2083
2427
10339
7191
5095
646
4711
3567
10738
3930
2037
1699
10006
10996
8302
11083
1028
6371
1523
2910
9377
13343
697
4616
7119
7301
13145
4394
10207
9179
12405
13372
11958
269
12809
8894
14572
13589
10998
1190
1798
2348
9102
8212
14438
90
141
4459
11836
12178
12539
8382
10348
9550
14926
14567
8320
7766
6400
4690
13196
2816
13137
8833
12238
12357
562
12732
14324
10581
14710
6490
3926
1291
7414
11203
5927
9368
13724
6894
1994
1912
554
9256
3072
9946
5283
7022
6308
1229
14255
6356
45
9866
14774
8762
14119
1821
7078
5781
2745
8411
7018
1288
12917
2744
5828
5782
14787
6055
6174
9689
12950
14041
2415
7912
353
4584
12118
1229
6415
5543
2177
8514
795
14740
14654
11058
6158
12044
3013
6549
8865
943
13041
8902
13155
5865
13601
14242
10796
14098
9928
12203
10202
14527
2353
9674
5950
14145
8360
11657
11779
7545
1340
6482
258
6911
4566
10723
3680
13386
1098
5720
8926
12795
7178
5857
12658
11696
4711
10495
10015
4145
7204
1979
99
13670
10690
9133
4906
6984
7649
11844
5294
7053
7466
6017
10043
8809
1494
2781
2083
7130
6249
8349
1793
4015
9120
10832
13699
14145
1592
2717
9349
14943
295
11728
5235
2541
9832
6608
12240
12546
5389
10818
6124
11423
8826
9333
4030
3259
7712
2602
4610
7966
3983
12160
12328
3464
5161
166
53
7781
4206
8695
7758
6957
596
846
5873
11028
2259
13088
13647
12049
11846
6753
1963
4433
3812
5805
6510
6418
908
5568
14266
8150
613
1826
3522
9355
5245
8697
11812
13111
9946
1313
9276
10771
14632
7900
7732
11429
9000
4410
6196
7220
13676
12721
9532
54
4580
10616
14886
2457
9457
4941
1920
5010
8522
5744
1032
4861
2641
14748
6022
2235
2150
3771
7436
1762
13587
11422
5571
3109
5999
12497
8077
14864
10966
699
6579
11235
4041
1671
9889
1050
3501
12167
652
5988
9786
8847
3981
6577
7785
12761
5414
3435
10293
623
8673
2717
9361
2096
44
3232
4697
13279
499
13139
13169
8923
7262
11062
11156
11069
1017
5934
1090
5941
12056
7597
104
7122
8023
14043
10179
3724
4839
3690
5258
4452
12661
3419
8152
14957
2726
4596
10063
679
10383
14082
11432
124
2059
11565
6418
2669
13159
9499
4390
6096
2839
13522
7259
1705
9426
3269
4626
7771
1555
5472
12754
3695
9093
10601
9827
1847
2058
13117
7102
12548
2234
2272
10773
12696
1676
3458
9585
13047
10697
3450
6077
8782
10507
13972
6601
8717
7999
13005
7542
11906
10654
1551
1804
2999
4540
10024
418
1328
13283
6104
4583
7068
13393
14730
9864
481
5658
8753
9551
9834
14095
4835
9205
1611
14173
6435
1041
13339
8082
14721
320
10663
14321
3323
13680
4262
10742
1687
7557
2929
5499
2802
9298
14138
4217
5109
4076
3505
7265
13038
1387
8774
12751
8108
1111
5087
13691
10595
14544
3943
10924
7633
2641
1206
2961
6775
7094
11818
119
7724
12006
1027
14909
8507
9275
1620
11891
6495
11477
4535
14294
849
14683
8630
8877
12488
13819
761
6912
12900
12100
746
8380
10398
13754
10429
4941
14195
11954
5521
9725
3935
1606
5587
12934
9490
9735
1406
3695
13982
9170
10550
3490
12268
7343
9361
12358
2725
14955
11054
6586
7882
9875
13674
12854
11692
4475
7583
11710
3009
484
6026
3006
14171
11970
6020
13903
4825
2428
3415
12663
9290
4456
3556
548
10133
607
14524
81
11582
3067
11170
4921
11740
13677
4828
3405
11851
9404
4646
6512
7613
10826
11645
7961
6281
7993
3700
1074
3013
161
7159
5073
7800
14040
10625
14448
4005
13573
10438
15
12137
7492
5007
156
7397
1425
8176
13670
227
8592
962
5962
10495
2925
6070
3899
8697
2761
13955
7830
2826
5198
4226
10104
609
12024
13918
4458
11829
2345
14366
10830
2236
6932
454
9242
4134
8970
11357
12773
9157
11421
4497
4858
8857
12195
3343
643
3570
11793
1856
78
7482
9209
11871
6715
1833
5685
5765
14110
14705
2381
6375
14736
10380
5107
4544
6556
8308
14728
7447
8467
4373
12812
7498
1844
9983
370
3346
3120
371
11204
3212
11408
12244
8532
5811
3872
7966
462
4599
5834
8404
2008
2664
11938
14862
8180
4925
1203
13955
14409
4886
11801
10741
10558
10214
9839
5296
3658
11339
11174
14251
4784
6536
9125
11573
7015
2412
10160
11686
10253
6189
8611
7174
8680
2511
9976
2224
1108
8804
13549
3524
6269
12902
5072
10535
3790
4261
12528
9573
4618
7924
5208
1209
8309
4654
826
7807
12474
5311
8599
3550
345
6686
5797
14729
9266
5502
9343
750
4607
6632
2951
3197
3225
12774
13582
3672
3616
6701
13465
291
14159
2774
631
14906
2535
4793
11008
14437
8192
11784
10046
13136
411
8074
5037
5501
1279
11261
7672
14213
6151
11319
7184
10451
5439
5106
7339
8179
6047
11845
11362
548
7096
14678
7982
520
14977
10881
8639
7706
466
12475
12143
800
1972
9108
11217
2590
2509
776
7160
9339
13324
9031
11307
4901
5649
11771
13403
7834
13348
5784
2537
1926
2106
3832
8045
3872
6616
6457
10611
6861
13937
3755
10818
8103
7858
10892
14365
1005
8404
1380
3771
3045
14135
13887
10247
6428
10599
10241
14414
3107
3808
9952
13005
4348
4328
7209
10221
8456
9159
5940
9284
9470
13371
7386
14832
13706
5062
13691
1244
12832
9745
12095
6441
11029
398
11041
7336
4296
224
13187
12416
7583
1255
11973
8873
5867
13447
10033
14961
875
7356
7210
2695
13483
8492
1478
9373
3194
13704
2120
4205
6102
7973
3366
1108
773
2781
4909
10728
5943
2262
7121
603
12592
3814
6366
14041
990
3326
6703
7395
10004
8808
6512
12302
14989
1073
11325
13240
13861
2540
9858
12442
1026
12692
5706
12379
8830
8971
5642
9110
9027
10099
8616
11628
2393
10789
14162
12167
519
10802
909
426
12581
281
14215
5185
7561
14999
8679
1821
9010
8616
1053
4568
8691
2100
2777
7003
3953
6206
6447
4949
10839
6242
10508
11428
6491
2928
1046
8722
10777
11913
7868
7225
10003
1757
8255
14953
14105
1431
3317
10069
5482
2232
6854
7682
2158
9951
4045
892
6687
3484
1236
4701
3004
1162
11267
5910
8568
1925
7608
7705
6740
9763
6620
3945
5380
9548
613
4744
2505
11212
3097
11022
7714
7196
1601
6700
5725
7872
3577
11931
7849
13285
9667
12364
13435
10738
3948
6734
11913
9611
10414
3175
13604
13709
4645
10655
14854
6304
3995
8772
12020
1939
6017
14937
11063
10088
81
2766
3672
14595
12189
4289
432
6470
5771
500
11960
6111
206
3629
907
763
6833
4429
4662
7783
13297
4180
11098
5938
4296
13525
14904
4991
9986
478
9998
4254
941
11642
12617
1957
14656
1211
9735
3686
12296
5825
414
4193
8185
11140
10925
1181
7584
8615
4740
10777
5551
2411
85
6058
12450
7653
14842
7403
3367
10805
7229
2876
4481
2027
8739
3977
14301
5291
9580
129
3730
6836
5556
4346
5769
7978
13310
8761
13814
2249
9889
6532
11987
11980
14102
1696
4074
11462
2014
14024
203
12715
10582
14057
12382
11272
13004
4474
4730
7012
10451
7050
12620
8178
5316
7636
10705
1446
1006
5752
13268
3372
1007
7175
7101
1704
5549
14598
11016
7102
9692
609
2290
12529
492
4962
5900
4923
10475
1506
14964
10399
13353
10411
13035
14225
4260
11715
4070
3039
8347
6160
6999
4772
4445
14096
984
1827
6063
9797
6011
6609
1252
4320
9231
11435
3676
1774
10841
5819
3576
11100
7827
11772
9435
6852
1356
9473
6739
10089
6651
5172
8465
9447
6730
5345
4919
10801
10384
1004
4119
9214
9533
13631
14302
8350
14747
11416
6173
14610
856
5995
3614
2766
14008
2501
4652
10671
14041
8581
623
7385
5410
3514
2265
13675
1775
678
14170
2322
14081
8613
14749
3722
1127
4005
4652
9996
1842
6368
4555
10469
12876
13899
4932
2343
9794
9064
3751
6087
9310
3968
2577
3168
4203
1711
9504
3161
2833
11789
8281
1545
2601
8581
5104
5084
5790
2457
13955
6422
1359
5704
13513
9434
5484
6514
7427
14205
5176
8928
13251
13776
13164
14887
3069
8246
1255
13032
7788
10515
8536
7984
10573
6565
2660
7711
14347
322
2749
9704
8944
4642
5384
14188
1329
8584
14615
7859
3690
8976
523
10190
11798
14985
14539
10441
8859
5690
7221
10304
8854
8269
741
1544
4020
4668
13584
99
2449
6532
2361
7077
1207
6332
13815
9726
12329
4816
1835
10629
8037
13650
165
11311
12378
11593
6755
12425
11462
1808
5186
7280
13671
1150
6889
9492
12458
8022
1457
8895
7066
14353
8296
5800
4186
3007
13764
9108
10069
6726
6663
10035
12245
2286
5566
7123
7739
2037
225
5061
2924
6601
12062
6608
9707
2324
6157
683
1357
14393
13771
423
4947
7341
10937
14175
7021
6110
5863
11192
5712
11056
10021
5018
12403
8900
13584
9749
10146
2507
7586
3205
2015
12858
4738
10226
9910
5363
4629
6985
11438
14274
6135
3064
2460
9457
12113
10152
3304
2331
9819
1841
160
4860
11647
8540
10983
