400
40
97
102
97
102
101
103
96
98
102
97
100
95
99
102
97
100
103
96
97
98
103
105
95
102
97
96
104
104
102
98
97
101
105
101
104
105
95
99
101
95
98
105
98
105
96
102
102
98
102
96
100
104
104
101
103
97
95
103
102
96
96
102
105
100
102
95
104
96
100
104
96
102
98
104
96
104
102
99
98
103
95
96
105
96
103
105
101
97
104
104
99
99
100
104
105
105
100
96
95
99
102
98
97
96
98
103
98
96
102
104
101
97
96
97
97
99
97
105
103
100
103
103
105
102
104
100
100
101
96
103
101
95
99
102
100
103
98
98
105
103
103
101
100
105
101
98
95
105
95
102
95
101
99
95
105
98
104
105
103
100
99
96
105
102
105
96
96
104
97
96
102
99
96
102
101
101
95
96
97
105
105
105
98
97
98
105
102
103
97
105
98
100
97
97
99
104
96
96
102
98
105
104
102
95
99
102
101
97
104
99
96
102
103
105
96
97
105
105
102
103
105
103
105
105
104
98
99
100
104
99
105
97
105
102
103
97
102
96
97
97
95
97
101
101
103
100
98
99
105
98
98
98
100
104
102
99
105
97
105
104
103
100
103
99
102
101
99
101
104
103
96
104
98
99
99
95
103
98
104
98
97
99
99
100
96
103
97
101
97
99
104
95
105
97
95
95
101
102
100
100
98
100
101
105
103
103
96
100
96
99
103
102
95
105
102
104
102
96
104
96
105
101
105
102
98
95
98
101
96
100
101
102
99
101
100
104
104
97
95
101
105
99
97
101
101
98
97
96
97
101
100
97
105
97
99
105
95
95
96
99
97
103
95
100
102
104
99
103
101
100
104
95
98
102
98
99
95
101
97
100
98
105
102
105
105
95
102
104
97
105
99
104
104
103
97
98
104
102
96
96
