161
80
95
102
104
95
101
97
101
97
100
102
95
105
102
96
96
103
103
102
96
97
104
105
100
95
96
104
97
105
104
95
102
95
100
99
101
98
100
96
100
103
105
97
102
100
103
98
100
95
101
99
100
95
98
102
105
105
105
102
102
96
95
100
100
100
102
102
101
103
105
104
95
102
104
104
100
98
100
103
98
95
105
102
95
98
96
100
102
101
102
98
95
96
95
97
99
99
100
96
95
104
99
100
98
101
101
98
98
101
105
98
96
100
102
104
105
102
103
103
96
102
97
102
104
105
99
100
101
103
104
99
97
102
100
95
105
102
97
96
99
105
98
104
98
97
99
103
105
99
95
101
95
95
100
103
101
100
102
97
102
105
103
