200
40
242
724
230
406
1772
1000
618
1987
577
1934
1431
1064
1267
206
1497
658
1827
1172
1981
405
1775
828
1185
743
271
837
1737
746
291
25
1812
271
1991
155
1906
1515
1913
178
862
1490
565
927
825
828
629
1264
657
1587
1395
810
875
1176
1705
670
1817
1334
825
1119
1485
513
1488
155
1791
1598
1169
121
556
1299
618
587
890
1081
1421
1671
856
1066
698
73
701
972
1983
505
1428
671
997
37
70
1695
1362
1645
1827
503
1342
321
816
283
1926
542
397
1061
492
1373
1523
9
1089
77
931
1474
1711
119
737
1139
872
1612
1907
1243
952
811
338
758
1888
243
1614
339
788
638
1817
874
348
1925
1341
827
1129
1180
1231
1684
1813
317
568
806
903
92
243
794
914
165
180
1224
268
1648
1115
1289
145
175
1254
628
1931
1002
1048
41
543
1701
1212
1422
308
1809
1458
651
283
1569
1030
1056
273
904
772
1452
1154
1623
1004
1119
364
227
538
1907
526
49
440
975
1482
1835
1621
863
1347
592
816
882
1528
1790
1570
951
