300
20
3
7
35
33
14
32
12
29
2
5
12
11
5
31
12
22
1
16
36
32
14
26
12
16
5
19
35
33
12
4
22
29
8
4
29
8
8
32
23
2
27
35
36
10
5
12
11
19
24
12
18
34
38
21
5
39
13
13
17
33
17
22
26
12
11
2
28
12
22
30
25
5
35
17
26
21
34
10
25
21
39
25
29
23
14
14
15
24
27
3
28
21
7
25
11
27
31
23
8
7
9
38
18
26
2
10
14
18
11
33
8
7
8
38
23
10
9
17
37
26
37
30
19
15
38
1
23
14
22
17
18
5
22
16
12
27
9
21
9
3
9
37
3
36
4
28
8
9
15
8
1
19
13
7
10
14
36
28
28
12
17
10
12
4
1
18
32
32
26
37
3
32
8
28
37
14
28
2
35
34
34
38
19
36
39
30
36
31
23
22
16
25
25
32
37
1
26
2
15
4
2
31
36
21
7
14
35
36
6
9
23
20
37
12
5
11
23
4
2
24
31
7
7
13
25
17
6
29
9
4
23
3
33
4
28
22
24
4
28
9
37
15
12
19
29
29
35
5
1
17
4
9
14
18
9
9
27
22
18
10
24
14
12
18
23
34
24
34
18
24
37
25
36
37
19
8
7
8
31
11
37
19
37
9
35
9
2
14
33
25
29
15
29
15
15
37
8
14
12
5
