250
50
94
43
43
21
68
1
75
88
24
10
97
90
76
2
55
32
7
76
83
84
66
35
55
73
92
28
7
91
1
59
71
95
98
99
76
2
88
57
80
76
58
65
16
88
76
58
68
17
48
2
57
45
68
72
63
67
63
10
59
5
67
75
96
86
88
25
88
74
37
32
86
88
44
50
53
59
50
1
87
99
37
87
77
50
47
33
83
53
35
91
72
31
19
36
65
49
80
44
46
34
82
78
30
23
92
51
48
63
83
1
51
4
79
21
75
25
8
26
55
96
99
39
53
23
76
55
17
74
4
23
36
1
40
78
61
3
36
38
96
61
85
2
95
61
13
10
41
84
78
82
29
14
31
89
48
62
7
61
43
30
29
41
51
38
66
35
44
26
89
32
71
52
84
78
31
26
14
10
91
19
19
6
81
49
68
13
67
92
94
69
88
95
96
34
17
72
4
78
11
2
83
3
13
75
81
56
95
57
44
42
51
48
55
56
68
65
42
45
20
20
1
92
39
35
63
70
25
6
59
79
91
28
93
92
34
92
42
55
78
98
59
66
29
80
63
20
31
42
30
39
