210
70
68
26
6
80
38
24
3
90
94
10
69
20
75
79
57
87
95
49
56
67
22
17
22
74
59
99
67
69
14
11
48
65
51
46
18
46
37
22
87
88
35
98
14
57
47
21
7
37
57
12
40
55
5
21
34
65
80
81
7
32
60
15
95
95
65
25
69
85
19
34
92
20
2
77
81
35
10
69
61
42
79
81
54
26
40
73
21
75
52
54
43
2
10
77
70
19
59
52
80
69
2
59
93
7
31
7
38
18
20
63
5
83
22
66
88
94
21
5
59
100
12
59
16
77
39
66
57
76
71
68
31
32
57
24
63
8
28
48
49
18
19
12
99
69
31
47
30
69
6
27
53
35
77
80
45
55
2
76
80
1
93
3
4
94
15
11
25
29
12
6
9
90
7
57
25
100
9
65
97
87
68
43
46
76
32
22
84
87
46
35
66
87
78
20
61
19
39
67
57
73
48
8
18
50
70
73
58
67
16
30
