600
60
100
100
96
98
101
104
102
96
97
103
95
105
103
102
102
99
96
104
102
97
102
102
101
103
104
95
96
97
98
100
105
100
102
105
97
101
103
103
101
96
96
101
99
104
97
98
97
101
103
101
96
102
103
97
95
104
104
100
104
100
100
100
103
96
97
104
104
96
105
99
100
105
98
104
95
99
105
96
100
102
100
99
98
96
96
100
101
100
101
98
98
101
96
103
102
97
103
100
102
105
104
100
104
100
97
95
97
100
95
100
102
105
102
101
100
100
96
99
104
96
101
103
99
97
99
100
105
104
104
99
98
98
101
104
102
104
95
103
98
101
105
95
99
103
100
104
105
103
95
99
96
100
96
101
101
98
95
102
104
103
96
102
99
100
100
97
102
104
98
98
95
97
103
100
105
101
95
103
101
98
105
96
104
97
97
102
99
98
100
104
102
100
97
103
102
101
102
95
99
99
103
101
104
97
101
99
97
97
104
104
104
97
102
99
104
99
104
104
100
104
101
105
96
96
98
100
101
97
103
102
104
105
104
98
96
101
99
96
98
102
97
96
95
102
103
100
97
104
95
101
95
102
101
96
100
103
96
98
104
97
103
105
105
98
95
97
105
105
97
95
105
104
104
105
104
100
99
98
105
102
101
104
100
95
97
102
95
103
96
102
95
97
100
95
100
97
102
101
98
101
102
98
100
101
101
105
97
104
99
96
102
102
98
95
102
103
96
96
98
97
97
101
102
105
101
105
103
98
99
104
103
100
104
103
96
99
105
96
97
98
97
96
103
104
103
103
97
99
102
98
103
100
104
104
99
100
100
104
101
103
96
96
105
102
104
104
95
101
99
99
101
99
104
97
98
101
99
102
102
102
103
101
96
104
105
105
103
99
97
99
102
104
95
95
98
95
98
104
100
95
100
99
100
95
96
104
102
102
97
103
104
96
103
105
103
104
95
97
98
103
97
99
103
100
97
98
100
102
103
96
96
102
96
96
97
98
96
105
104
96
102
104
101
102
99
95
104
100
101
101
104
104
104
100
100
99
99
101
104
102
102
100
101
97
101
105
96
97
96
102
105
102
97
104
101
98
95
105
102
104
104
99
99
96
95
102
98
105
102
96
98
100
103
100
99
103
99
105
97
99
96
96
96
98
96
101
105
102
97
102
100
103
103
98
95
99
97
103
104
99
101
98
96
96
104
103
100
96
96
97
96
97
100
99
103
100
98
102
96
99
102
104
103
99
102
99
102
98
100
99
105
102
100
98
96
103
101
96
102
98
98
98
98
103
105
97
105
105
103
99
100
95
97
97
100
100
100
96
99
95
99
103
97
96
95
98
97
103
99
98
99
96
105
102
100
104
103
104
99
103
