450
30
33
57
49
52
45
37
40
51
39
40
39
44
46
58
44
41
37
36
54
59
50
33
30
44
45
35
46
45
37
59
56
40
51
30
44
58
45
34
46
33
48
37
31
49
59
47
58
40
42
37
42
37
32
35
48
47
47
45
37
51
52
58
40
56
37
43
50
45
41
34
53
35
47
35
37
38
53
47
54
42
39
39
43
31
54
44
39
35
34
31
55
56
50
45
35
49
53
48
37
49
33
41
42
31
47
55
42
55
34
37
46
31
46
57
48
41
59
44
30
40
49
55
53
53
47
34
49
49
43
50
36
32
33
41
55
52
45
53
51
30
39
47
58
38
36
33
30
45
37
55
38
41
45
54
31
52
49
40
57
45
45
53
56
30
46
30
48
31
50
30
37
40
32
38
50
55
33
51
53
47
41
37
47
59
36
33
41
35
35
48
40
34
38
53
38
41
33
43
46
37
34
41
39
40
51
58
39
58
50
34
58
48
39
52
30
41
54
30
31
48
39
55
35
32
48
49
32
46
46
31
39
48
49
48
37
57
42
39
51
33
35
37
38
58
34
49
53
45
44
30
52
50
30
49
34
30
57
50
33
31
54
36
47
53
52
38
47
57
40
45
52
56
52
38
37
32
40
46
46
49
59
49
46
40
30
45
32
50
30
39
57
31
49
50
53
43
57
54
39
47
48
46
48
44
46
46
40
36
42
35
53
56
44
32
35
40
50
47
49
32
51
50
41
42
58
47
50
54
33
57
30
54
53
31
48
30
34
40
53
35
41
36
57
49
58
38
32
54
53
41
58
53
39
48
30
49
39
36
44
52
36
53
52
30
54
34
58
36
34
59
55
33
47
45
40
34
56
38
44
46
58
56
53
55
49
37
50
59
59
44
38
42
35
30
53
43
40
59
37
49
33
55
42
43
56
59
46
41
56
40
46
34
49
39
59
56
41
38
59
35
41
49
47
36
59
47
55
30
59
43
53
58
51
38
45
40
58
38
31
31
47
37
33
51
43
44
40
50
33
47
