350
70
116
71
123
75
71
92
116
96
73
118
89
137
73
126
119
91
87
98
74
130
110
116
137
80
81
99
112
134
112
72
128
126
101
80
117
109
76
94
99
80
103
107
108
139
105
121
93
92
125
101
84
125
89
74
138
121
133
122
114
118
138
123
111
96
88
125
84
84
72
93
119
127
77
126
75
136
106
103
74
122
124
127
83
123
79
116
132
122
81
91
116
98
130
93
125
86
119
129
76
88
135
109
76
105
111
88
70
89
122
91
94
97
120
138
139
82
86
98
82
70
80
131
75
85
88
135
81
98
111
73
130
135
84
101
104
102
119
100
123
111
108
135
79
107
121
90
77
127
89
115
128
117
101
92
102
81
105
79
81
82
139
77
137
115
96
111
106
111
138
95
71
98
84
73
98
133
125
96
92
84
101
70
96
92
120
122
136
128
124
79
93
106
75
70
73
99
106
73
138
105
123
81
126
107
72
139
94
108
101
88
74
70
128
113
98
83
120
85
84
119
83
102
96
99
98
115
125
71
75
121
137
85
78
93
70
108
74
103
109
77
104
81
101
72
106
89
120
110
139
103
122
100
131
122
95
104
133
121
89
106
113
111
136
124
101
129
113
84
84
122
87
114
127
104
76
93
126
81
136
96
128
82
108
121
128
115
136
125
98
102
91
74
100
81
74
104
94
85
79
89
88
77
75
132
78
121
91
133
76
110
79
81
131
99
116
102
98
93
71
122
94
128
101
92
114
128
73
89
138
111
88
119
139
83
91
126
115
111
108
81
94
96
119
115
135
90
92
96
98
80
