600
40
36
8
72
61
37
59
21
47
25
50
78
24
43
46
27
73
22
38
55
9
53
19
55
77
11
26
46
39
44
23
43
29
73
47
47
39
31
2
19
13
51
2
14
13
76
65
40
22
40
29
25
35
73
21
41
79
59
73
70
40
19
1
18
9
16
5
4
5
68
64
67
58
30
33
46
73
13
29
38
50
3
38
14
16
11
49
67
17
76
8
6
9
47
56
5
69
69
46
9
64
40
61
10
72
4
64
59
75
30
55
60
3
21
70
3
56
11
11
73
36
60
42
70
23
73
64
32
48
7
60
53
46
41
18
19
4
39
40
32
4
26
52
57
30
53
54
57
25
38
20
60
41
24
68
38
65
12
28
46
38
50
34
57
48
49
6
72
40
44
17
28
54
51
73
61
75
68
26
68
8
42
13
20
30
76
74
77
71
39
19
1
44
15
35
41
28
34
69
35
32
37
30
37
1
27
70
21
35
35
75
8
34
30
20
53
36
71
39
50
46
2
51
36
56
37
11
64
19
34
27
69
35
18
17
15
31
31
25
39
68
62
74
22
15
77
32
38
46
61
3
5
41
72
75
8
14
73
58
42
22
48
4
57
28
75
69
6
51
50
60
12
34
55
37
17
7
59
44
2
59
33
54
52
70
18
31
75
53
24
12
44
55
40
1
28
32
7
29
77
75
35
5
75
8
9
19
44
49
46
64
50
2
16
62
61
44
50
51
28
34
4
30
7
53
27
42
73
4
40
45
46
34
72
35
51
6
63
49
32
5
69
73
39
41
8
27
54
44
67
77
22
4
73
67
74
50
62
1
10
50
53
54
71
18
30
59
45
79
24
25
35
37
65
22
8
15
26
6
77
51
77
7
69
41
18
12
53
32
42
47
23
42
67
38
20
32
16
63
63
55
18
28
11
49
61
10
10
16
48
61
79
31
35
21
44
44
69
52
5
78
56
39
47
48
49
40
18
60
42
14
49
66
15
53
42
43
2
77
38
47
41
58
15
35
64
50
76
66
58
28
23
29
55
37
32
3
15
21
68
27
49
16
55
53
56
9
29
74
29
40
24
50
67
58
31
21
2
44
28
37
61
10
71
58
34
5
19
33
45
71
4
14
42
64
59
37
4
39
36
58
31
13
30
48
9
74
43
4
26
45
28
8
51
37
69
3
26
79
8
58
5
24
20
71
63
23
9
22
74
51
49
64
45
42
34
41
5
32
15
11
38
32
2
9
53
27
12
39
20
40
78
19
74
42
39
39
61
60
61
62
55
12
59
6
28
64
30
65
61
56
9
43
49
48
40
64
12
31
6
9
59
36
75
10
20
37
79
28
51
4
13
59
7
2
68
54
24
52
36
48
