141
70
98
95
102
100
98
102
105
96
104
96
103
102
98
99
104
104
96
96
97
101
102
105
96
95
98
98
99
99
98
104
97
105
103
98
105
99
98
97
100
98
103
100
97
105
102
100
95
105
96
101
98
100
105
98
97
105
102
98
105
101
97
104
101
98
97
105
100
100
103
99
96
105
95
104
104
98
98
95
105
101
104
104
95
101
99
98
98
101
104
96
97
104
98
103
102
103
105
100
101
96
100
99
100
101
96
103
98
102
103
98
97
105
101
104
96
101
104
98
101
102
99
96
102
96
101
105
101
96
104
98
95
104
97
95
100
103
99
95
96
95
95
