350
70
104
96
101
96
102
97
105
99
101
101
97
103
103
97
102
100
100
95
98
103
100
100
100
102
100
98
96
101
98
98
95
97
101
98
101
99
102
96
104
98
105
96
98
95
96
102
99
101
96
101
99
95
100
102
104
103
98
96
105
98
96
97
98
99
103
96
97
101
101
98
98
102
100
100
96
96
103
105
96
101
101
96
101
99
102
99
97
103
99
102
100
100
100
104
102
105
99
96
103
103
103
98
104
102
98
99
103
103
102
99
101
99
98
104
97
105
100
97
104
95
100
98
103
96
104
104
100
105
100
101
101
103
101
100
96
95
97
103
95
95
104
96
97
97
97
97
97
101
99
103
103
95
101
99
100
99
96
96
103
100
105
101
98
95
97
104
99
96
99
101
96
104
105
100
104
104
101
101
98
105
97
99
95
97
95
104
100
97
101
102
105
101
95
104
98
105
96
96
97
101
102
97
103
96
104
95
97
97
104
98
105
102
100
101
102
100
95
104
98
97
96
95
102
98
105
102
103
98
101
102
97
99
103
101
102
102
96
104
103
104
99
99
98
101
96
96
105
103
97
95
96
96
101
101
95
101
98
99
100
98
97
103
105
95
95
95
95
105
95
95
100
103
96
100
103
99
102
103
97
100
100
96
102
97
98
97
105
105
103
95
99
99
102
101
99
98
97
102
103
105
95
98
103
99
102
98
95
98
100
105
104
96
100
99
102
104
95
95
100
101
96
104
97
101
95
105
102
105
99
95
97
97
101
105
98
104
98
97
102
102
98
101
96
98
96
101
98
103
104
95
