300
30
50
80
74
39
51
70
70
28
82
45
5
22
37
19
11
59
63
64
82
85
90
3
63
21
34
65
47
93
63
31
57
94
89
58
99
30
89
7
86
73
65
50
64
20
70
65
78
23
11
27
74
91
56
56
67
74
71
80
73
32
87
28
86
70
66
73
82
98
40
20
79
25
89
49
39
63
45
59
6
4
40
70
91
89
99
60
98
68
5
21
38
20
94
14
43
34
39
85
70
50
82
30
58
89
80
78
20
21
54
38
11
62
65
64
70
22
100
51
94
88
99
42
7
14
85
76
65
98
80
2
23
81
29
27
65
11
15
9
41
67
73
5
35
9
34
84
38
66
74
78
2
99
57
10
74
49
85
74
13
26
78
5
2
100
87
57
2
84
96
65
84
77
85
27
62
20
63
15
4
92
83
52
93
82
89
75
20
37
31
87
79
30
24
11
62
20
97
57
19
80
49
51
77
76
80
19
2
70
85
18
57
37
54
60
79
90
98
6
28
47
77
77
1
81
75
43
89
7
65
48
10
86
12
62
48
63
98
48
17
36
65
31
19
86
33
63
47
84
29
17
15
12
48
86
26
86
11
100
26
68
10
89
31
98
25
88
46
11
3
86
42
52
20
95
38
29
45
17
1
65
24
95
49
78
43
45
49
37
35
25
15
65
45
45
82
97
14
96
72
18
