150
50
103
97
102
97
100
103
96
100
98
97
102
98
105
96
102
102
98
99
103
96
103
102
98
104
102
103
100
100
96
105
103
97
105
103
98
98
97
105
98
95
95
95
101
100
98
104
103
100
99
103
95
101
105
102
98
98
97
100
98
102
96
99
98
101
104
97
105
99
99
101
103
105
95
96
104
103
105
96
97
105
97
100
98
96
96
97
98
100
104
97
104
99
95
101
96
97
95
100
103
96
97
100
101
97
96
99
103
98
96
99
99
98
99
105
104
102
105
98
95
98
95
105
104
103
99
102
104
105
99
103
100
98
100
102
97
96
105
96
97
96
99
104
100
97
98
104
96
104
101
97
