300
100
130
102
193
155
115
133
146
104
114
113
106
122
140
184
191
112
189
121
182
194
106
144
100
125
115
172
121
113
111
175
180
155
148
105
146
129
148
141
185
185
198
167
178
107
174
134
196
181
165
104
125
143
186
182
114
134
154
180
104
184
186
112
124
191
117
167
135
184
154
177
163
143
159
196
196
175
189
192
160
169
124
174
170
114
169
156
100
188
196
193
190
124
172
156
181
175
147
106
137
140
107
140
126
163
199
174
132
166
134
174
167
197
105
190
189
187
106
114
115
191
159
190
188
105
126
197
120
167
157
174
133
131
178
138
165
176
199
137
172
120
109
106
178
113
118
182
125
143
140
138
142
155
122
133
173
198
199
141
153
138
100
149
197
160
179
113
198
187
178
171
195
117
115
165
107
114
150
102
197
112
187
129
197
117
178
169
163
172
147
138
199
100
110
100
145
140
182
130
199
175
115
160
140
112
126
119
191
190
101
187
121
113
145
198
116
124
113
112
132
148
125
168
145
176
101
106
108
133
141
148
164
166
157
117
163
151
132
154
107
126
122
156
108
149
120
127
138
197
102
166
153
155
132
195
156
142
123
166
106
157
152
190
145
175
119
165
179
199
196
164
113
123
126
138
151
165
122
116
169
111
145
164
198
142
144
112
185
136
151
152
191
139
100
133
175
150
177
115
103
128
