500
50
3018
4303
1299
4947
2219
751
1738
318
1041
3839
1869
2915
4779
4086
3550
714
532
4850
1373
653
4091
3332
3163
701
1913
598
2732
3346
1080
2504
1748
2855
3461
966
4937
1082
189
2885
2784
3904
1511
1034
2639
1553
2069
4687
3671
1649
4449
4181
1336
3358
4042
540
465
1862
1361
4539
3544
739
1753
4362
448
2159
1271
254
3235
3889
980
1721
2806
3221
1978
2490
543
3737
2355
1835
1182
646
691
4497
4942
4712
2977
3870
714
720
3273
1199
3858
1222
185
3594
4735
4135
2044
4351
2292
4436
3157
2911
3869
131
4050
3827
728
949
421
1839
676
1267
1347
2874
964
4656
2579
2586
4229
4929
1933
4512
2741
3900
219
4566
1027
2597
4960
3907
3563
1977
1209
1159
4270
1101
3130
547
366
543
3118
3094
1435
1219
941
4959
3859
3539
2347
2090
359
1239
177
366
4661
2995
2793
2595
4868
2167
1076
1324
3275
1541
1730
915
1456
842
4969
3377
3634
4600
674
4194
4679
3657
1074
3022
3354
335
1253
4781
1410
48
1722
598
3037
2515
3351
4397
1460
1221
4212
359
182
3803
582
2143
2013
3308
2311
2710
37
46
3591
4563
2796
2778
10
3421
3645
2238
1664
1349
4791
3404
1946
566
236
749
3345
2528
2538
837
2241
463
666
3782
1441
605
4814
4290
2464
3953
186
2060
1297
1176
3552
3482
582
2275
653
3517
1020
599
354
4458
2682
3018
2573
4534
4600
3467
4452
2312
4519
4238
930
1189
3059
4644
856
4459
3528
3184
2195
1049
3282
4888
3468
4790
446
1355
4070
2964
4872
2227
4920
1152
2650
3107
4971
1453
1565
2192
1765
657
2027
5000
1008
4446
4781
3205
2852
2611
149
2366
3842
2567
4366
962
2864
2028
2313
2540
1096
2388
1255
697
3389
4580
200
998
1914
741
1525
3821
394
1134
3364
975
3069
1881
4778
1837
203
1023
840
2204
2320
594
1838
4458
2598
3069
1852
3190
2255
3424
1496
1773
2675
186
864
4097
2542
2935
3355
3958
4961
1625
3108
2036
3506
2812
1279
3545
943
3658
2354
4518
1882
666
3156
3088
490
4221
4203
1409
783
1126
3752
2994
2539
4023
2915
1806
1836
2012
4341
2508
4810
3643
4911
3045
549
2219
995
1146
751
4878
2955
2808
1547
907
807
4375
3249
4549
4275
3565
2368
877
2598
4695
3631
4663
4989
3998
72
3137
1894
1059
1780
995
4688
3352
989
4560
4537
3562
3167
1257
1631
2610
1949
2802
846
889
4620
1990
4247
570
1321
3880
358
3413
3015
2848
993
1963
4057
4506
2944
4110
797
2553
3212
1513
3288
3472
699
4751
4412
4379
2578
1313
1569
1949
3269
3874
55
2565
3601
1677
3194
100
3216
83
356
3460
410
4083
3422
2840
1229
2688
344
2275
2015
4930
2684
1295
2824
4735
2460
4086
230
4598
1967
4452
2795
351
3740
1954
3771
3192
1999
710
