200
20
21
38
5
4
18
33
22
36
35
4
12
32
18
26
9
22
31
39
25
28
38
13
15
32
24
25
8
12
7
22
1
7
2
21
19
18
20
6
5
35
1
19
37
5
1
16
19
17
37
28
1
22
21
5
2
19
24
15
27
35
6
12
5
35
35
39
20
35
30
3
2
1
11
6
6
9
31
4
1
3
5
34
13
30
13
28
8
29
31
19
13
32
21
38
18
13
13
27
25
39
4
31
2
38
13
16
24
14
16
20
16
39
12
23
33
6
12
35
37
34
26
26
3
18
11
14
38
24
16
4
23
25
23
1
32
15
9
3
20
31
13
13
9
37
24
28
25
6
39
30
15
20
22
17
9
29
16
22
10
28
28
28
21
6
23
21
12
15
23
32
31
35
16
13
9
13
21
9
16
37
12
28
24
14
39
33
19
5
22
16
1
12
38
10
37
5
16
13
23
21
