400
40
1519
2200
269
3916
3106
3456
1663
2808
288
290
592
3165
1065
3393
3769
543
3895
1921
1841
309
3536
2319
3860
1574
2457
881
1520
2701
3329
3233
3718
418
47
1772
2169
1415
2
1905
3785
3482
2948
2167
2185
1403
31
542
1608
3614
3634
2384
621
1513
185
885
399
1298
453
3837
2688
2856
1590
1166
38
443
1508
2527
2099
2302
453
2568
1419
279
457
2449
3652
1129
1578
3555
1319
111
722
2480
2465
942
3571
811
618
3910
3915
42
355
2750
2564
520
1981
804
1277
789
1020
1844
380
990
1245
590
2919
2287
251
1742
1042
1591
2537
434
3999
310
377
330
3917
3974
3245
2607
1499
2016
36
3724
402
3343
517
2922
3837
1150
3876
3728
1098
3158
3045
3243
3216
590
1926
1751
1033
1801
190
485
2553
3751
1351
271
136
2609
2849
2184
3594
805
2154
2100
3426
1091
2453
648
2826
2062
893
1721
1629
2938
994
852
2614
695
2022
949
1518
2939
3285
3217
2855
1116
1265
3582
1584
2202
3033
2947
1753
2710
1809
577
880
3767
836
3507
2663
577
3511
2164
1687
2686
2864
649
3627
2443
1065
2616
3337
1408
1570
2595
804
3934
1100
1120
2828
2951
1057
826
3805
487
287
2660
215
1396
3030
3606
499
3177
1985
1558
3142
3650
3079
711
1366
2035
2643
2545
3209
2624
213
2410
1410
2178
1080
3478
3552
2740
505
3582
3719
1361
2970
411
519
3056
286
2941
2103
3087
1699
1018
1179
1096
3032
534
2650
2820
1345
992
3226
1175
287
434
760
356
189
522
3513
1176
2454
2234
2786
323
3798
522
1107
3406
2772
1183
1935
920
3126
2575
3265
676
1089
2782
683
889
1332
131
3255
3783
2973
1982
68
2079
400
3687
451
3654
864
31
3500
2457
2477
3772
2025
768
1276
2802
404
2055
664
2154
3120
885
2244
300
718
2704
30
1649
1390
3876
429
2466
3611
3052
1846
2914
2578
2800
1690
2400
2238
141
2102
1500
3684
520
2633
3084
778
1419
1262
295
2469
1037
713
3338
3709
3231
623
3244
2828
272
2432
3910
581
1080
1434
2715
2825
2351
3177
3397
3270
1430
2879
1764
262
1402
2043
241
1831
2398
2659
3639
1165
3187
531
2917
699
1993
238
2928
2166
1366
1358
2532
