900
60
3523
5080
2260
4757
3543
403
1360
7840
6092
2772
1924
8587
6524
6022
6774
3231
2888
6444
6382
4335
1515
680
4306
7959
2531
200
453
3412
5133
3082
3263
6216
4277
310
6735
1433
2043
562
3423
8712
49
2689
286
8811
3332
3450
8671
7140
4052
1270
1903
4291
5788
2094
3063
1603
6162
4201
8496
6471
3932
5571
8670
4568
2797
4261
5541
5812
7215
3242
8472
3604
8435
4135
4241
8531
649
8300
6651
4440
588
8536
5607
5032
1347
2967
2219
6284
770
8163
2951
1561
8011
5833
732
8951
7215
3390
3810
5129
7669
6341
359
5085
5985
5454
4182
7229
6284
7233
8787
4171
5554
3961
633
5678
8244
8620
2283
3081
8441
3873
5690
6380
4628
7235
2624
5441
8447
1869
7485
959
4281
7945
8216
8284
1998
8674
5714
151
8915
8392
801
5086
3084
7777
6223
6406
3743
5079
2258
8365
2376
8784
8155
6406
4112
242
6896
396
8778
2432
5400
5043
8093
4864
4393
8104
1357
3980
4858
3458
3169
5305
2862
3704
780
744
4897
4678
6559
2734
6535
8388
8749
2079
2148
6259
722
1039
4258
428
8652
7932
5632
4821
4266
5861
1786
2545
6254
3532
2298
4740
8235
3809
8133
3057
388
8891
2130
6487
7143
6227
4730
2842
2978
8196
5691
1488
8392
5257
2882
5750
8428
801
6537
7875
4290
4147
5918
7073
4084
2407
6325
7487
6931
8090
5123
7795
7107
5156
593
8621
4887
3591
4401
242
6905
8888
1508
1164
70
2600
1794
1164
7032
7610
5938
460
2573
8165
3490
7810
5718
5754
5686
6924
1240
5345
5631
8029
6382
1880
1786
2753
8955
3517
6677
785
913
2259
1842
2412
6975
7909
6409
3998
2973
8430
7567
2713
7658
5590
1971
8184
5243
2695
638
8562
6664
332
3685
3382
7691
7535
6482
8166
3537
1302
5003
622
655
5969
1481
4127
2635
5578
8383
2572
4550
5844
2618
6736
7842
1661
2822
2531
1536
2812
2865
5242
4659
6082
6573
7446
2380
431
7705
6535
956
8992
3084
7354
2583
6982
6598
1414
2662
8139
6147
1182
8825
5541
6448
210
5641
1817
1888
2951
1473
936
5153
1787
3794
3066
3947
5050
4020
7675
7283
7258
4151
3414
6437
8530
5629
8855
5368
6327
3821
2896
671
4843
8538
5660
5
222
5328
6337
4386
856
4520
424
4914
7692
3026
511
8558
8063
8620
8445
1123
6444
5573
1120
6283
7492
4856
4725
308
3535
1327
4117
5792
7793
6045
3031
3806
7313
5168
8464
335
7391
2196
3871
6017
5234
622
4268
6149
502
4416
2021
6802
2179
6802
3249
7812
2174
2420
7075
6759
4754
592
2201
3381
394
2933
5556
2990
407
3961
2524
7717
7244
8009
7382
538
8435
2325
447
5009
1393
505
8214
6829
3254
4279
4935
8175
1969
2213
2454
5449
4293
1224
1974
8800
1520
236
919
5966
4902
4362
1084
8470
7062
3239
692
814
5009
3896
6713
3970
7799
5967
3982
4703
7216
5014
3758
1781
4120
577
5720
5767
8826
7176
7715
5071
7498
6530
2041
5228
636
5794
76
390
4074
6529
2555
1678
2945
1583
1005
867
2668
5806
7272
2266
50
8695
3735
5876
3921
2808
1900
1560
4739
1813
6277
2074
2594
2991
2254
7525
8934
7217
6914
6405
4796
7730
7323
3499
806
1748
7541
8953
5329
8593
530
488
857
4609
5695
5278
471
7251
4803
2303
229
410
2961
6972
7951
354
2980
1956
3756
6182
8358
2152
2973
4078
2633
3697
27
1599
4599
1589
3326
462
5365
8295
8804
6304
4229
2622
2657
4310
1165
6441
2685
6569
2653
5545
6038
4322
4353
428
8481
4128
6533
4797
8081
1163
4765
1585
1900
2813
493
8569
5108
5863
2859
772
6760
2617
1367
5464
2698
2837
6408
4558
3377
7536
8326
5789
712
1855
8939
7471
7050
405
6092
1119
8033
7849
1886
6883
5868
153
3542
3093
3495
5677
3241
6909
3628
6043
5981
7923
4029
669
6224
7533
3386
4764
8890
729
1701
5348
3456
8850
7261
2027
2627
5199
8995
402
8897
6075
274
4527
6872
3507
8425
7590
4299
7722
7999
5559
3575
1627
3455
8820
7184
6377
4221
4784
7426
3033
3657
2771
3864
8119
8730
5869
8611
911
2739
281
8768
8727
789
3454
1168
6328
2611
8787
7547
385
2313
6480
4567
7142
6976
5711
8214
6345
8146
4775
3771
1851
2561
5469
1067
5397
6516
6224
3677
5632
6651
3739
6278
493
1283
4686
7633
7442
6309
8374
875
2808
8821
7273
4509
8597
6643
2360
4240
1720
1966
7672
4195
2426
6402
4334
6173
7012
8171
4707
1883
6314
4290
5191
395
6655
3600
2846
7124
1612
5282
8656
1478
1331
286
6196
1317
6242
299
1971
6875
4365
409
3419
1754
953
5514
1475
7351
3474
6294
170
4226
2006
3663
6294
3100
1385
7688
2321
4884
421
3594
4634
5966
8746
3841
6561
7089
7737
8586
3508
6650
55
5221
1000
6670
4810
6236
5530
1921
6963
5981
7757
3357
6603
2322
5074
5828
8950
8039
735
3695
8852
6899
7869
6361
7565
8090
7028
6322
7720
4534
6554
6457
7436
4081
8435
4638
2144
5941
1641
8898
8438
1280
6403
1415
3707
7260
1695
2418
8425
3089
8076
7167
8350
6152
1896
8642
1659
2191
2339
5953
1708
2963
1715
4232
1801
5670
6955
70
1629
6328
794
4637
7121
7860
