210
70
78
121
99
95
86
77
128
136
91
110
81
130
80
101
100
129
89
98
81
79
89
70
90
89
110
89
109
75
123
98
70
106
129
88
126
78
113
89
109
75
99
70
110
125
105
104
78
71
138
97
93
77
98
103
121
120
96
98
114
137
73
76
75
98
90
70
113
130
91
120
70
121
133
83
130
125
101
76
83
106
108
125
120
108
119
106
130
123
125
74
70
130
108
103
136
118
76
86
84
137
139
94
71
110
120
79
76
89
85
86
95
123
90
102
92
72
77
115
136
92
130
128
117
136
111
95
99
78
133
139
137
131
107
112
109
134
108
110
110
129
139
90
76
96
75
99
91
83
70
73
122
121
78
97
139
95
97
110
86
83
130
124
72
84
80
88
128
133
118
80
79
111
91
131
90
71
96
76
119
130
94
116
81
89
94
107
94
70
109
132
79
123
125
130
122
98
75
70
97
94
99
70
75
76
105
105
92
100
81
110
