201
100
190
60
42
157
134
2
194
16
91
128
37
55
169
53
4
175
31
77
199
133
19
191
16
164
162
133
189
98
3
199
39
67
50
197
17
168
142
23
90
69
20
26
122
56
115
165
180
163
121
102
143
83
192
45
50
23
116
104
107
99
155
189
171
196
8
183
105
65
156
78
60
173
89
56
182
138
72
84
181
97
170
126
80
123
185
147
34
142
189
165
46
51
172
51
58
130
58
183
77
129
86
163
71
53
87
160
20
179
195
174
28
161
166
46
16
130
189
126
139
38
188
142
156
84
68
169
95
48
92
71
21
46
102
150
184
129
108
100
140
78
111
19
104
33
110
70
86
37
106
116
42
71
133
70
37
94
166
181
22
126
56
91
125
158
34
182
128
2
32
142
180
129
91
59
194
5
190
119
118
67
114
178
15
22
18
97
26
187
49
173
32
148
43
12
133
3
181
95
178
195
35
