210
70
128
105
91
105
110
84
135
117
111
120
126
120
114
75
94
82
98
116
75
120
118
100
92
122
132
117
70
97
139
97
101
70
70
123
84
86
132
84
78
126
99
91
109
74
86
136
119
86
100
70
89
109
113
89
125
97
139
85
79
110
84
139
90
126
73
105
121
124
139
133
105
136
96
116
99
132
93
75
134
75
98
119
113
70
111
90
126
133
117
118
76
105
86
135
114
125
96
86
75
117
74
87
86
109
116
82
104
90
123
114
138
136
132
105
135
91
88
113
133
117
132
126
93
112
119
136
85
109
78
87
89
85
97
138
92
91
117
74
122
126
82
129
90
104
93
83
123
96
75
101
137
95
98
97
104
126
99
97
89
84
88
101
127
137
99
98
92
125
79
111
81
106
101
71
124
86
135
114
84
82
123
99
90
102
129
84
88
132
134
94
133
99
82
88
117
125
75
126
75
88
84
84
91
136
113
92
102
124
81
80
