161
80
98
97
104
102
97
95
95
105
96
96
103
105
96
97
104
98
100
105
101
97
101
95
104
105
98
104
101
95
105
105
97
100
99
96
102
103
97
95
103
99
96
101
98
99
101
97
99
100
103
105
100
96
102
100
95
96
100
101
98
101
96
100
96
99
100
104
97
95
104
96
100
98
105
105
103
100
104
99
97
96
96
105
96
103
104
102
97
99
102
98
102
97
98
95
97
95
97
104
98
101
100
105
99
105
100
103
105
97
105
99
97
95
98
100
101
99
101
97
98
105
98
104
101
99
102
100
96
105
103
103
104
103
97
95
98
99
95
98
100
104
100
102
97
99
100
98
101
104
104
95
97
97
97
95
103
98
99
104
105
99
95
