141
70
88
133
71
72
112
87
90
105
127
113
95
93
101
96
104
115
115
83
127
136
109
110
106
91
105
91
132
123
113
77
79
99
103
84
138
77
100
131
72
122
91
77
132
135
82
74
113
106
136
108
92
81
93
119
92
122
138
107
83
89
88
106
109
120
91
130
125
115
108
73
76
95
86
78
72
87
97
114
86
130
113
83
98
97
107
117
76
80
121
116
127
72
114
132
81
139
72
129
84
134
123
115
123
105
138
125
89
139
98
90
117
104
70
138
79
113
103
106
79
120
120
122
81
133
93
113
119
75
122
100
130
117
82
138
105
130
96
137
122
96
131
