450
90
40
31
70
64
88
63
65
49
75
32
39
1
97
71
14
47
71
59
89
22
59
95
93
87
84
1
74
5
9
37
20
40
47
53
90
79
78
45
33
7
72
86
11
71
96
68
61
23
77
58
97
82
14
67
55
46
24
46
60
9
99
26
54
7
8
88
7
21
82
82
3
94
26
40
25
2
16
16
14
78
4
15
40
32
1
37
42
37
89
37
93
88
45
16
15
40
47
47
45
21
1
65
36
60
37
86
1
69
37
64
68
4
80
76
82
80
16
75
9
91
50
19
98
16
29
84
83
97
8
52
80
36
18
12
65
92
28
75
83
34
39
46
97
49
44
63
21
82
22
63
59
97
31
27
2
54
9
98
51
89
15
75
73
79
7
83
3
44
20
49
20
79
96
32
47
90
67
34
28
100
61
49
73
90
15
28
18
38
63
25
48
7
40
3
87
76
36
96
3
69
65
31
9
17
27
44
45
61
52
85
2
39
51
15
98
45
10
16
61
37
58
82
52
14
66
82
70
68
75
44
14
65
56
27
61
71
54
49
13
11
62
2
63
10
40
25
4
5
11
96
71
44
33
92
53
43
78
60
17
71
59
4
30
64
27
96
21
24
68
20
55
42
10
80
41
37
48
22
18
35
59
43
6
49
48
66
17
30
7
66
100
94
80
9
24
39
87
56
26
77
26
17
68
6
70
41
39
25
72
21
74
25
29
60
80
11
79
60
12
82
92
67
84
52
23
29
51
38
78
91
3
72
23
8
98
20
1
94
95
80
90
4
2
78
61
27
92
42
53
96
83
31
59
80
90
8
95
2
72
14
81
90
80
28
65
100
96
85
64
25
74
86
48
97
2
91
16
100
82
60
24
52
13
10
77
40
79
55
4
48
87
30
96
5
34
31
94
11
12
59
81
19
94
33
85
10
97
66
41
61
9
57
57
75
65
89
16
45
38
67
85
13
65
74
60
48
47
93
48
71
67
69
17
31
12
39
2
57
59
82
31
73
74
45
61
3
21
86
17
79
