1350
90
106
99
127
130
172
151
167
92
150
132
97
150
112
163
112
146
179
168
106
143
104
94
171
131
107
95
175
130
167
164
105
172
145
107
136
114
125
111
139
156
170
92
171
166
131
130
110
156
123
148
120
158
124
146
140
106
124
142
168
165
95
102
90
121
108
136
171
164
164
159
164
126
96
161
167
168
121
163
112
162
130
112
91
148
151
112
136
125
152
106
106
122
106
120
143
168
164
123
145
162
117
97
168
149
130
134
130
106
151
125
94
148
168
150
107
103
123
155
174
164
178
151
179
155
168
101
177
94
122
142
132
90
164
142
131
127
148
170
116
154
116
130
160
160
104
169
169
150
132
148
139
101
159
172
103
110
106
97
92
123
124
169
155
100
126
129
156
130
120
99
107
139
168
177
126
151
150
96
162
146
123
132
120
119
111
105
112
138
109
106
106
119
173
92
101
138
127
136
109
100
112
99
113
159
119
92
162
157
175
133
158
96
95
148
175
109
142
125
146
151
167
146
154
161
159
143
132
131
147
103
133
140
164
163
129
91
103
153
149
113
101
175
112
148
112
179
108
144
118
151
142
144
149
133
174
162
164
121
171
111
136
177
165
134
152
170
129
101
94
97
178
136
172
164
139
173
177
154
148
119
132
119
173
115
100
174
103
121
117
92
132
170
145
127
176
142
159
110
173
128
142
172
98
126
156
127
97
165
166
109
99
175
119
131
150
91
104
131
173
126
170
112
153
105
118
108
150
174
91
172
108
133
168
172
148
147
115
116
158
153
123
107
126
177
120
169
148
165
143
137
103
166
174
94
136
122
93
132
148
154
151
176
126
120
169
112
115
132
173
142
130
90
125
169
167
91
167
153
116
117
175
105
171
111
165
104
136
118
127
162
106
119
130
145
175
110
101
136
106
91
143
96
176
98
153
138
122
141
154
114
101
176
145
134
119
164
160
113
129
170
126
127
175
110
119
131
106
157
167
137
119
125
130
179
145
122
129
128
159
93
96
155
104
104
118
135
160
96
135
146
120
100
165
123
151
131
131
123
145
132
159
174
110
153
149
119
105
127
152
146
128
124
96
156
155
151
143
110
127
119
120
168
177
158
157
146
120
131
117
139
158
95
171
146
159
130
91
150
175
111
172
94
129
165
169
110
178
141
160
161
133
151
171
115
122
135
179
126
150
138
94
119
98
173
141
146
106
161
141
118
129
142
99
92
154
147
149
175
169
153
171
142
92
147
168
109
146
141
157
160
150
167
109
139
93
172
137
126
93
96
143
136
121
122
116
105
178
161
159
153
131
152
93
155
96
153
115
90
141
107
169
128
142
93
137
133
102
100
179
148
103
140
171
117
145
163
143
113
101
162
179
120
162
162
175
119
132
146
131
122
167
151
108
128
174
148
126
104
106
176
163
126
105
113
157
158
142
99
150
160
144
124
173
179
123
150
149
135
92
154
152
159
131
126
132
142
138
145
114
175
122
151
124
156
129
101
149
116
145
173
130
174
104
168
94
173
140
114
138
110
94
102
146
144
118
176
133
163
112
107
92
110
91
92
116
168
92
158
91
146
157
171
174
168
146
140
113
153
150
102
122
147
98
146
120
119
141
140
125
135
131
178
97
112
100
122
147
160
125
110
98
160
164
148
125
165
91
101
155
109
163
147
106
112
95
90
168
95
179
104
154
164
92
170
113
117
91
111
101
162
109
119
95
109
146
165
171
175
104
100
165
172
160
176
121
152
115
97
173
109
172
173
152
90
145
94
95
141
145
167
122
108
98
128
152
130
121
98
144
90
113
102
129
94
109
90
152
170
156
97
90
131
95
171
165
93
147
92
162
97
113
107
103
168
156
140
170
145
95
126
142
160
124
118
153
170
164
111
174
126
92
94
134
110
105
104
106
126
173
95
170
94
128
125
115
158
154
133
121
104
97
151
152
101
166
148
114
138
107
155
90
158
126
108
125
93
99
91
147
159
146
123
174
154
96
135
115
142
159
145
150
131
162
131
108
111
164
165
165
112
108
99
118
140
96
157
116
170
138
167
105
165
177
116
92
127
156
115
134
134
120
158
145
110
109
162
101
112
155
117
178
161
90
124
155
167
156
153
146
96
174
131
133
157
121
107
145
178
110
162
161
137
94
97
169
90
95
161
110
160
104
132
154
113
120
118
103
106
165
177
169
134
133
173
153
128
126
177
170
140
144
154
141
164
154
156
144
143
178
119
117
149
164
90
137
150
116
96
159
106
96
129
144
123
147
116
106
139
138
154
149
123
129
119
112
134
101
134
108
106
119
154
133
156
114
145
131
164
147
124
98
160
125
138
158
94
112
150
144
123
127
110
112
153
147
99
140
106
108
150
143
141
98
133
143
177
169
142
118
139
101
169
164
175
129
114
144
110
129
159
91
145
175
153
156
124
142
154
115
137
157
160
159
119
109
161
168
151
110
173
151
96
164
93
131
140
167
94
132
153
93
153
147
105
116
169
134
112
130
106
177
168
165
127
95
94
177
134
110
145
98
153
100
164
100
167
179
164
166
120
168
91
147
140
152
162
98
170
105
149
114
107
101
135
124
135
162
160
124
153
143
119
131
142
128
126
176
134
140
133
132
108
169
141
163
103
118
90
176
146
130
136
155
112
140
153
174
159
108
98
96
107
179
110
130
92
120
135
161
172
121
128
154
127
137
118
141
115
133
135
101
127
97
164
170
152
93
148
156
102
145
179
108
148
97
121
165
110
147
114
150
93
157
128
169
176
150
96
111
109
117
129
111
131
155
154
133
167
152
94
133
142
177
170
125
143
119
129
147
96
107
128
169
156
146
159
162
138
105
112
111
119
152
153
127
117
92
150
118
178
141
129
100
112
138
160
161
162
100
144
106
178
116
159
113
154
106
127
150
125
106
173
176
160
91
146
134
129
100
90
148
141
158
172
106
95
130
116
109
101
172
161
108
170
98
153
132
113
117
92
121
96
104
119
126
147
101
130
157
163
132
106
138
175
97
96
112
140
110
126
102
159
178
152
171
99
176
162
93
176
131
172
136
167
126
138
148
177
103
95
