450
30
14
41
48
51
3
15
32
14
16
8
50
31
52
58
8
54
6
59
34
15
3
17
37
53
31
41
37
14
54
18
7
29
5
6
28
19
7
29
50
25
48
9
55
24
34
50
56
39
14
56
32
35
20
55
52
25
57
40
57
15
59
35
14
49
34
28
38
41
3
50
14
22
8
46
49
35
42
54
37
13
37
40
21
32
7
55
59
58
37
14
11
52
2
9
56
40
18
13
46
11
47
59
46
59
14
55
25
1
52
37
43
38
18
39
17
23
47
16
47
27
36
44
14
41
19
3
31
48
27
3
1
32
26
5
46
29
40
11
42
35
49
36
39
45
34
33
59
12
32
43
23
47
50
56
20
56
25
36
5
32
13
7
24
25
21
16
9
31
9
37
47
46
39
21
56
14
17
57
37
45
22
40
42
24
50
22
6
1
1
23
50
20
19
41
27
11
13
57
52
44
2
49
15
56
54
7
13
49
10
48
14
25
55
18
55
43
46
54
37
56
29
27
25
57
7
52
15
50
43
41
29
7
42
24
41
17
19
28
23
45
32
33
46
26
33
14
33
53
19
1
55
32
49
1
13
8
57
8
35
43
44
15
46
42
13
27
50
13
24
7
46
34
52
43
42
10
14
10
26
53
20
24
34
20
56
39
38
4
45
45
35
31
55
56
23
43
37
9
26
10
2
22
59
33
47
26
58
33
55
31
56
16
56
44
26
2
2
49
59
11
25
51
12
55
46
13
30
22
4
21
13
5
48
8
13
9
33
1
7
54
35
31
58
50
26
2
40
40
8
51
56
1
59
14
6
29
7
11
30
10
22
27
26
17
30
35
53
35
51
4
49
57
32
53
43
37
20
16
4
6
11
50
58
56
15
40
37
4
20
30
46
43
33
54
18
20
57
37
15
20
40
22
14
1
5
45
47
9
42
36
52
40
6
56
51
52
2
49
8
45
12
57
24
22
29
5
38
37
48
58
29
23
29
55
2
1
14
33
37
56
27
7
4
6
12
51
57
1
30
35
