900
90
147
87
35
39
90
100
152
5
65
73
84
34
145
97
5
152
23
87
51
71
56
113
117
36
103
177
32
66
120
136
123
69
168
163
20
149
61
137
116
117
16
179
73
138
49
15
19
161
21
100
159
51
44
176
28
98
162
132
107
64
100
125
97
57
141
80
126
131
49
96
66
106
119
128
179
44
105
86
117
8
160
92
6
45
102
133
46
5
139
147
147
120
126
87
52
97
32
156
173
120
64
161
147
56
9
19
15
49
17
95
56
107
74
41
77
177
45
44
65
26
150
117
35
73
165
105
63
45
91
153
39
99
173
66
177
82
98
150
93
74
35
175
60
106
83
132
154
87
102
126
65
132
155
172
13
120
92
52
91
103
57
30
147
155
107
51
130
132
78
13
45
179
22
95
126
144
54
178
47
141
114
102
38
158
42
43
82
91
43
101
78
68
102
113
74
173
67
165
85
125
170
50
73
82
124
53
167
71
39
123
81
51
85
63
58
112
40
96
82
29
21
68
126
152
134
165
67
128
82
117
90
163
57
17
132
5
32
101
6
173
171
88
62
11
94
152
166
58
159
39
31
161
129
145
148
145
127
104
58
37
5
70
85
50
98
101
131
16
122
80
28
155
108
159
77
1
151
108
50
4
150
49
28
22
60
11
45
135
161
39
85
129
132
94
149
3
46
132
161
37
85
76
143
72
167
123
173
145
6
55
32
63
112
174
111
115
20
143
137
15
114
29
110
52
68
102
13
51
139
54
23
56
147
37
9
140
63
148
3
32
38
38
19
166
73
64
74
78
26
51
58
38
117
162
72
90
38
8
71
98
87
18
80
75
7
106
2
145
166
107
176
38
3
146
97
32
20
27
78
10
172
169
110
38
153
76
2
175
51
28
57
40
18
48
92
70
37
35
132
149
132
115
67
119
50
47
77
122
117
16
91
139
134
31
115
109
150
81
151
97
14
83
130
169
41
166
140
1
82
55
166
41
177
108
52
165
142
10
40
43
91
117
172
80
10
176
165
50
113
79
24
7
109
102
146
101
147
91
6
111
171
175
62
121
128
110
131
5
160
99
33
22
126
63
120
123
135
96
156
170
90
77
47
111
154
40
4
134
143
72
59
15
20
171
148
168
18
122
65
99
102
179
66
130
100
117
40
15
20
90
52
47
14
140
46
57
49
96
91
103
132
123
91
122
73
21
98
85
32
50
77
98
105
165
176
79
92
43
91
24
139
99
111
153
133
160
125
108
112
133
137
146
1
61
156
61
65
120
33
146
159
26
24
72
150
97
43
59
4
117
149
160
5
173
79
129
128
81
45
43
108
24
88
173
1
24
118
17
79
101
144
41
45
62
121
75
90
134
156
161
63
160
58
137
103
176
157
8
39
85
10
164
171
124
85
44
19
176
1
42
28
5
63
110
116
80
50
59
155
44
46
114
136
141
6
108
177
158
39
98
110
127
1
34
90
165
178
95
122
33
31
73
32
165
175
118
136
97
135
108
81
2
17
165
89
118
117
4
72
75
151
171
151
164
175
76
135
11
159
42
155
46
104
22
176
81
162
126
9
81
55
66
26
53
37
71
170
84
89
75
6
78
54
20
127
62
65
118
155
26
101
44
167
93
73
23
90
115
40
164
95
164
154
167
113
43
177
137
10
172
156
67
107
174
117
145
158
75
59
169
93
81
133
3
145
156
155
137
158
8
90
160
12
89
107
122
94
174
126
72
85
145
155
108
54
129
127
104
46
170
67
167
72
105
177
59
42
162
12
55
134
159
45
42
32
3
88
142
1
85
14
90
34
97
166
143
85
87
147
16
47
169
52
116
160
145
94
174
170
76
25
4
116
107
74
3
107
53
39
161
18
143
12
165
110
17
53
80
58
136
142
10
3
139
15
49
119
162
144
70
85
128
26
38
166
112
127
146
85
56
55
96
52
156
78
84
31
73
66
87
127
169
152
122
21
98
118
102
158
35
158
74
96
151
170
93
85
62
81
24
178
178
158
59
24
90
172
10
178
86
101
177
49
47
91
158
133
148
8
112
