300
100
850
238
2365
2380
970
1179
760
370
1231
2938
1909
1911
1502
2554
849
2240
203
1696
1171
686
1073
439
2295
2845
1448
1341
2610
1110
2531
735
142
1123
2393
1687
716
2150
771
888
2775
658
2585
2189
1346
859
2908
829
2859
2655
1600
303
2788
2936
709
817
318
955
2366
94
1399
1402
28
1419
936
1348
2682
335
1061
388
1304
1716
1063
2782
759
528
2725
1339
729
2885
178
1842
1865
144
232
2540
2803
1157
368
949
2198
1782
2001
616
827
1692
2667
1794
288
1590
416
913
1081
1364
1630
793
2740
2413
2978
774
1727
882
2743
435
1135
1538
1796
1971
2712
851
1584
2450
2726
1796
433
1280
1428
941
2074
2730
2348
655
2258
2725
1971
2054
1589
1991
814
2784
562
2930
1583
1840
2731
87
950
1289
351
2480
2966
331
1634
1058
2045
141
2708
72
2076
2790
1874
1537
1024
1557
1552
2552
2782
1639
236
129
2823
2486
1548
1947
1274
999
670
265
771
152
2968
587
393
2320
2814
2169
841
2148
1669
2581
1507
2290
262
359
2388
350
460
611
346
2339
1
341
1490
2818
17
1997
1587
1139
2022
230
1180
2959
647
489
179
659
1071
448
2584
2356
2102
1937
1970
216
1522
62
2435
1559
2468
2950
881
79
354
1519
2569
1173
2001
2623
1560
165
1728
1612
2776
1448
1338
2479
1435
204
412
2875
635
2141
1984
1231
2619
1735
2029
865
57
292
2286
1805
1639
93
658
1295
582
1984
426
1461
1046
2317
2057
595
652
2783
328
2566
806
2803
585
1856
2141
728
2733
1581
2811
1611
848
216
1996
1728
460
40
1595
937
2063
585
1576
2360
2918
546
