201
100
68
158
98
64
18
181
11
181
108
74
81
81
103
146
49
154
177
30
65
152
27
5
199
21
85
133
32
165
65
136
65
139
133
132
54
111
89
106
77
64
108
59
101
36
147
99
193
139
142
104
25
121
40
138
49
64
29
4
65
155
109
77
62
80
12
87
82
174
173
72
94
50
117
164
155
38
97
44
79
93
17
158
160
20
154
93
131
93
130
148
43
111
14
62
8
154
192
129
3
166
5
170
84
176
177
3
115
1
21
191
18
67
66
159
28
177
171
68
25
144
185
118
131
67
130
134
149
99
2
168
17
37
77
198
161
178
104
189
118
91
191
141
145
194
102
168
182
94
27
88
92
53
143
179
148
80
21
191
86
136
182
13
12
14
61
196
108
172
26
87
14
97
155
19
135
159
40
80
156
23
135
17
129
188
110
36
168
151
87
56
2
192
30
6
134
42
123
141
94
76
39
