181
90
99
97
95
99
97
102
101
98
105
100
98
102
105
102
100
102
99
99
100
100
95
101
95
95
95
103
96
97
101
95
99
97
105
98
100
102
100
102
102
96
104
95
99
96
104
98
97
98
98
100
99
95
101
105
105
101
100
96
102
101
98
97
99
96
101
96
96
97
96
97
97
97
103
96
97
104
99
103
103
98
105
99
101
99
96
98
102
101
105
105
101
101
100
95
101
98
104
104
102
100
98
98
103
103
95
96
99
103
99
105
99
96
104
104
96
103
97
105
99
105
98
96
98
98
99
98
104
101
102
96
102
101
96
105
96
105
104
99
99
99
103
101
98
103
105
103
101
102
95
97
99
104
101
104
96
104
99
98
97
104
95
104
96
104
95
101
102
101
97
95
99
100
101
105
99
102
97
95
105
105
97
