270
90
64
104
134
169
164
89
81
14
36
38
31
12
79
4
115
165
57
176
161
161
143
110
134
62
103
111
13
106
25
68
175
44
6
96
47
157
100
124
11
176
67
115
3
15
171
152
55
1
125
97
61
13
161
50
129
23
69
103
111
127
128
174
95
174
130
48
40
166
131
133
37
81
71
166
11
169
145
120
13
74
28
72
46
178
150
18
42
110
56
85
75
51
55
81
79
113
124
123
27
103
144
25
121
132
108
87
116
101
24
145
41
32
25
23
151
127
13
123
24
115
110
128
102
41
46
25
40
24
158
40
67
123
58
30
34
113
171
166
113
91
154
176
56
76
123
11
49
74
8
169
81
44
119
129
34
24
18
66
104
11
166
73
2
24
121
74
151
174
67
39
47
59
142
143
14
139
57
144
152
34
4
14
100
12
16
60
28
29
137
120
4
24
97
178
118
9
134
9
98
105
163
145
104
150
142
8
178
86
84
98
57
175
80
138
108
108
176
132
89
38
1
105
52
120
116
162
68
119
70
107
4
147
138
44
118
10
108
79
91
6
147
126
47
135
137
47
107
136
175
142
117
146
137
157
72
48
31
17
127
24
10
158
66
43
78
157
40
14
14
32
