270
90
96
95
97
105
99
104
99
101
97
98
105
95
102
103
99
100
99
105
98
100
98
99
97
102
99
95
101
103
103
105
103
97
103
95
101
101
101
103
96
100
102
101
100
103
102
104
102
102
101
100
103
100
97
101
95
95
103
99
95
96
96
96
98
104
102
100
95
96
104
99
99
98
100
100
102
103
100
101
100
102
95
100
103
101
101
98
103
105
104
96
105
103
101
95
98
97
102
105
101
105
104
95
100
104
98
102
105
101
103
95
101
105
96
104
103
99
96
100
105
97
96
95
100
100
99
96
102
101
96
103
100
105
100
98
105
104
105
104
99
103
98
99
96
100
101
102
95
96
97
103
101
101
103
102
98
103
101
95
99
105
104
104
103
101
101
101
98
103
101
97
96
105
98
98
104
103
102
99
95
96
98
105
98
100
100
97
99
101
101
99
98
99
104
101
98
103
102
101
102
96
103
102
97
104
95
97
102
102
103
100
100
96
105
103
98
98
102
104
102
96
95
96
103
102
104
99
103
97
96
99
104
102
101
104
98
99
102
105
105
102
99
105
104
96
95
95
100
104
97
100
99
102
101
98
97
101
97
101
98
105
96
95
97
103
96
97
95
98
104
95
