200
40
885
1055
260
1664
295
251
283
1742
1236
1566
617
632
49
899
410
1699
398
912
1131
1885
485
240
1033
440
837
1670
1190
1759
1253
1024
737
1040
996
1983
1527
1356
1776
23
42
887
1742
340
1278
1225
49
1101
1243
938
902
308
1595
1762
1365
98
1473
1024
717
359
1919
602
1423
1868
1095
1928
1652
1791
805
1638
54
195
14
1042
1936
540
435
1532
349
1331
987
1125
1095
1971
427
1933
1880
662
599
724
735
1175
1406
24
1892
458
1413
1881
956
796
149
988
1719
115
1432
1294
22
288
1837
193
26
236
747
1840
1840
590
971
276
1067
922
1025
1288
1314
662
1404
1738
1271
289
539
991
1843
512
1961
1498
417
190
882
1406
177
1027
1322
1725
305
835
664
1087
792
959
204
1998
1097
1220
1406
1439
1488
1234
272
1104
24
1771
1304
972
561
399
1925
517
163
268
877
1774
732
1051
917
587
1183
942
1769
1088
1799
1237
974
1863
888
1182
1543
1278
1422
139
296
871
1456
1308
1470
938
1155
818
1386
1294
352
1869
1320
738
