800
80
107
126
85
134
109
124
152
96
97
117
127
101
93
157
133
95
106
92
109
149
148
95
154
112
101
146
154
118
90
86
82
142
141
88
111
132
82
108
82
123
129
129
124
92
141
98
97
131
136
100
84
120
95
115
103
134
100
88
144
145
159
109
117
154
119
158
102
142
90
133
83
97
96
93
102
88
83
117
147
91
105
120
81
92
156
151
147
149
152
99
104
135
80
156
145
125
135
123
157
144
140
117
113
147
108
126
115
108
116
108
83
93
91
132
94
110
106
84
87
105
97
139
135
92
102
153
140
127
133
116
150
126
80
122
116
126
148
119
93
116
86
120
119
97
145
94
91
110
98
153
125
89
114
122
80
131
152
119
138
143
145
131
114
139
155
93
151
150
141
131
98
97
106
145
92
151
85
129
117
140
142
154
92
151
102
81
156
93
159
117
94
149
114
86
111
159
132
89
94
96
82
156
108
123
114
115
156
102
158
120
88
152
104
139
157
150
154
94
84
141
133
110
141
82
106
102
135
139
132
138
124
149
111
131
82
155
120
86
88
104
129
103
89
118
106
84
108
89
106
94
104
157
127
123
112
158
83
144
115
142
92
112
86
128
130
109
119
136
152
105
98
128
140
114
104
138
84
136
159
137
110
138
113
159
155
100
151
132
129
97
81
131
95
141
100
156
140
120
103
82
105
92
123
105
144
95
148
117
150
127
97
105
143
139
87
152
146
157
86
100
140
108
97
149
140
125
85
143
92
110
137
121
127
123
158
130
116
113
108
140
100
81
109
101
102
136
107
101
152
92
84
121
96
118
112
95
93
83
82
126
141
146
92
140
124
106
121
139
104
132
83
130
117
91
125
157
105
134
83
159
119
98
123
85
88
106
98
113
95
139
86
131
108
120
132
122
100
141
125
155
106
124
151
98
132
122
135
154
83
118
113
124
99
93
130
132
110
85
121
86
114
128
104
83
148
94
110
138
147
124
113
145
156
149
127
129
85
89
136
149
105
146
152
88
130
143
91
125
150
132
106
128
95
102
138
87
113
135
135
100
147
103
102
115
113
108
127
124
119
132
145
86
119
101
112
121
159
83
114
80
101
113
135
116
103
89
98
85
117
106
101
137
127
130
80
88
143
102
133
138
114
137
136
116
110
115
150
159
144
83
105
102
124
85
153
119
125
122
125
121
152
119
155
109
82
149
136
102
121
112
113
109
119
99
107
99
130
132
152
136
149
130
158
124
103
98
96
100
97
117
125
128
143
149
84
83
99
140
101
141
86
118
140
152
127
129
151
89
108
116
150
155
102
113
129
140
119
142
94
91
140
120
92
131
125
127
101
114
129
117
147
147
154
123
120
126
151
92
89
133
108
120
105
133
157
89
104
138
147
104
131
80
103
112
94
138
99
136
158
142
87
114
142
148
107
119
103
143
105
106
157
153
108
151
156
118
94
138
80
130
128
159
138
94
146
116
97
92
124
103
119
121
121
133
132
159
154
126
82
153
127
93
88
92
143
110
126
115
81
87
157
151
81
124
104
111
86
91
87
119
102
94
139
148
127
88
81
119
150
125
110
86
138
108
94
156
149
158
80
158
153
144
92
99
133
109
129
152
151
124
102
110
154
112
114
116
84
159
107
108
87
115
102
156
149
114
138
113
149
98
120
152
100
95
81
117
84
86
141
131
155
105
91
110
107
139
84
149
107
132
85
118
141
123
128
100
145
143
110
154
86
93
105
102
98
106
139
144
132
123
159
98
100
107
139
142
143
84
93
159
106
133
112
107
156
117
132
99
112
152
83
139
122
128
100
95
120
124
114
117
