300
100
63
61
25
39
67
74
11
50
27
69
1
77
94
63
13
16
16
53
19
18
46
71
20
45
62
34
23
86
17
50
28
49
100
73
93
96
94
57
89
58
39
91
26
55
86
19
44
27
75
44
74
1
25
50
75
45
65
69
61
86
89
11
5
4
43
55
51
14
98
53
93
9
37
91
9
2
19
90
14
62
77
32
46
38
37
34
89
25
41
61
67
8
51
7
17
64
85
16
40
36
3
56
23
17
63
68
64
100
36
48
26
88
67
66
99
81
27
86
49
59
1
3
38
21
52
42
86
34
53
7
18
48
19
83
39
88
14
91
77
53
92
40
51
40
91
31
99
74
29
61
22
42
7
18
67
75
44
57
4
6
21
94
12
11
94
43
93
20
50
44
44
82
32
12
74
56
6
43
85
51
49
47
89
86
72
14
44
10
29
84
92
60
11
13
81
34
72
87
71
37
70
11
71
24
54
93
3
68
8
71
87
42
40
52
34
54
87
4
12
86
40
1
69
17
21
11
53
100
75
26
76
49
97
87
75
10
1
100
86
47
50
7
16
63
86
22
16
25
84
21
81
5
69
50
5
54
56
4
58
42
67
38
31
69
36
19
63
33
11
24
24
81
27
64
15
7
25
7
7
64
51
76
80
24
62
37
63
41
58
8
96
66
59
91
77
100
10
95
54
10
