181
90
12
72
71
8
96
22
59
70
64
44
13
70
69
48
68
2
22
86
63
7
98
43
85
83
6
41
48
12
84
36
40
99
79
3
69
87
77
36
61
31
72
14
20
96
36
70
86
62
1
4
62
15
7
54
37
99
61
79
93
62
43
26
16
5
11
2
39
64
66
2
8
44
27
18
3
33
81
37
23
71
36
21
98
95
49
21
29
53
78
68
54
59
53
3
87
7
51
10
88
80
96
83
48
79
13
4
3
27
2
58
50
98
53
58
35
30
25
45
64
84
94
86
33
67
4
53
78
92
66
33
69
24
95
49
21
63
46
61
91
40
64
19
38
28
98
87
82
87
58
14
36
16
66
69
51
37
14
50
39
98
51
4
32
66
99
83
6
26
77
87
67
37
21
24
4
67
90
11
49
99
81
