350
70
101
95
96
97
105
105
98
99
98
99
95
102
102
97
103
102
97
101
100
102
103
104
101
104
99
103
97
95
104
104
95
98
103
105
104
96
99
102
95
98
96
95
102
98
95
97
99
105
102
99
96
96
101
102
95
100
101
97
98
96
96
99
105
95
103
99
96
96
104
104
96
95
95
100
104
105
102
96
103
103
99
105
98
104
95
105
98
100
97
96
101
104
99
96
104
96
103
101
103
103
97
104
99
98
99
97
99
101
105
103
96
97
102
98
104
100
101
99
99
99
96
98
100
95
104
104
104
104
100
103
103
101
96
104
103
103
96
98
102
100
98
95
96
97
98
102
97
102
99
95
99
97
98
104
96
101
99
100
104
104
102
95
96
104
101
95
100
99
104
98
103
103
103
101
98
95
99
99
95
105
99
102
98
97
101
104
96
104
96
97
104
102
98
100
95
97
104
103
104
102
97
99
104
98
99
101
97
103
96
97
105
96
105
103
97
97
103
97
98
103
97
96
104
103
104
98
96
95
104
96
96
99
100
99
95
103
97
105
101
105
104
102
99
96
97
96
102
105
101
95
105
104
103
99
97
102
95
96
103
95
99
96
104
101
99
97
103
96
99
100
96
97
103
102
103
96
104
103
103
104
103
95
104
95
105
96
101
105
97
97
104
105
100
99
103
99
100
100
103
104
101
98
104
96
102
102
99
101
105
96
102
95
99
101
98
95
103
95
96
103
102
103
98
95
104
101
97
104
103
105
95
95
101
102
99
103
105
104
103
104
97
98
101
95
103
100
101
101
100
98
