1350
90
125
141
14
70
171
149
73
31
19
6
158
117
169
16
1
162
52
132
98
161
107
95
143
34
120
137
60
153
112
28
176
121
92
109
150
62
70
169
70
63
65
96
27
94
73
60
25
49
178
65
19
26
55
112
46
56
60
137
44
26
152
26
22
67
95
65
66
51
15
150
175
79
14
146
66
58
140
5
79
69
48
2
45
179
55
60
56
97
157
82
26
175
10
8
52
60
128
141
177
25
160
65
16
20
46
54
172
8
13
18
14
11
63
103
156
37
11
98
56
155
70
86
74
83
25
127
150
101
142
60
142
66
78
1
26
35
92
17
112
61
37
165
149
46
5
30
173
76
134
44
46
84
95
82
136
127
58
14
20
137
134
78
165
121
161
77
162
145
78
142
53
89
38
11
16
104
29
69
163
137
88
138
5
163
71
97
110
149
4
60
88
62
135
94
103
115
83
123
161
62
156
169
89
127
60
80
119
69
73
127
17
154
147
6
30
179
3
105
22
121
147
63
90
39
72
135
137
162
39
106
96
164
145
106
77
60
87
88
15
59
178
140
61
92
52
85
159
127
84
54
61
68
52
163
98
17
159
76
96
160
129
178
155
26
30
36
3
164
134
78
174
9
33
29
49
175
117
140
58
32
26
38
76
69
1
32
113
114
95
89
38
161
58
102
57
75
156
52
78
93
61
64
140
36
8
80
104
146
103
163
176
48
45
58
94
149
110
171
26
46
73
136
38
40
164
136
112
72
159
118
21
13
22
113
154
92
150
117
31
71
35
5
10
92
86
23
51
145
11
48
32
116
108
175
59
45
151
57
136
29
11
164
118
26
44
5
130
111
118
8
48
142
27
70
68
33
158
151
168
129
104
97
79
33
136
171
77
114
68
66
40
144
5
91
33
62
89
66
135
50
17
60
79
62
54
52
66
131
16
119
176
48
135
154
79
27
146
86
5
114
54
65
108
158
106
8
68
14
93
124
121
134
176
95
157
169
22
106
4
141
65
127
141
1
166
16
175
116
73
149
161
19
87
85
176
44
149
122
173
164
16
9
74
169
126
137
138
21
38
65
81
163
42
75
165
94
114
177
97
92
110
146
11
58
171
5
140
23
105
70
174
21
99
22
12
126
78
11
28
16
148
160
81
18
119
143
81
94
77
98
113
147
43
155
159
14
148
8
32
179
42
65
96
112
77
77
94
126
47
13
160
162
41
10
82
107
130
95
48
59
18
10
54
108
35
173
51
118
179
107
131
152
167
59
85
136
10
167
144
155
43
14
164
25
108
60
155
153
2
163
147
72
143
147
40
174
138
70
171
98
111
77
55
86
105
5
46
31
31
146
25
168
136
31
24
104
141
73
105
149
37
91
176
39
41
82
70
160
48
137
6
148
26
119
171
152
160
17
114
62
75
146
72
98
167
27
178
38
49
62
48
16
43
23
179
57
59
2
111
161
4
16
84
150
48
44
102
63
44
153
52
139
153
131
167
166
61
166
43
54
63
54
6
105
168
51
69
90
133
60
166
106
48
118
167
15
55
65
139
59
106
174
50
163
21
20
57
57
82
38
174
41
144
93
152
162
57
135
156
119
141
171
44
89
84
29
14
27
166
129
11
99
8
32
153
38
64
111
55
32
74
102
104
72
101
128
95
102
73
88
10
163
82
150
47
46
42
18
29
152
83
118
92
139
172
164
178
19
57
17
129
51
4
88
176
99
176
121
118
84
140
57
5
10
77
17
119
105
44
130
144
108
23
112
76
145
160
146
131
90
106
7
90
5
150
30
37
149
107
31
99
165
161
41
153
58
162
6
72
107
80
41
169
90
18
4
133
9
118
72
139
76
158
72
69
16
132
55
160
76
61
36
44
88
21
73
4
144
15
147
162
179
132
148
132
146
159
82
154
34
59
136
131
12
143
147
41
147
29
89
173
149
103
128
99
39
144
171
176
127
80
43
58
48
54
14
134
37
139
174
126
70
171
150
175
128
59
142
85
173
38
153
127
131
129
88
64
174
96
144
119
34
127
74
104
132
164
55
140
20
137
51
133
148
112
101
57
57
48
54
57
162
63
177
80
65
124
120
87
167
140
1
26
33
18
93
169
41
13
156
90
119
69
53
89
65
178
122
19
6
114
3
9
22
118
56
171
15
94
55
142
76
98
161
9
23
148
10
90
103
54
33
22
76
152
173
111
28
31
35
141
70
35
24
177
140
87
25
117
166
89
170
141
159
112
128
43
27
98
168
112
60
52
52
9
158
107
41
146
108
109
64
1
1
109
60
52
79
88
114
1
159
80
135
159
115
43
22
137
45
47
7
133
128
163
139
74
67
98
33
179
145
163
99
141
114
63
53
91
128
75
114
25
93
69
84
66
96
63
137
104
73
75
116
94
59
7
136
137
163
78
154
3
120
80
172
25
105
133
132
141
70
63
104
66
16
111
13
152
43
3
162
14
70
128
151
49
174
155
26
148
72
130
2
22
37
6
160
148
62
22
150
26
43
93
4
29
112
34
165
27
40
146
128
152
147
176
51
151
41
66
128
114
36
94
1
96
54
18
28
61
81
95
104
82
124
127
179
142
81
37
57
160
9
51
61
121
43
163
41
87
150
3
60
128
141
171
166
85
4
81
115
165
16
105
2
39
105
70
65
90
2
1
58
110
48
109
168
53
57
101
174
100
35
166
52
63
26
155
72
66
42
40
127
81
81
73
170
146
93
172
52
116
114
92
128
154
19
48
130
145
141
143
177
65
163
173
75
37
86
114
55
49
146
139
163
172
74
72
118
46
151
4
140
37
20
55
48
121
152
18
161
137
103
173
81
75
174
84
148
39
63
53
31
64
142
175
164
97
71
92
106
12
113
136
30
95
12
60
119
166
136
155
16
148
121
5
140
97
27
147
9
90
56
29
12
170
26
95
91
131
173
118
17
126
5
30
86
164
43
177
27
54
111
72
60
61
125
162
70
32
92
142
55
151
47
7
80
15
96
56
104
2
64
17
114
120
179
30
52
130
34
171
70
87
90
134
69
55
99
8
127
14
101
94
90
17
156
105
144
