900
90
117
131
139
142
163
136
159
148
160
117
125
135
149
173
95
132
106
90
177
140
131
131
165
145
132
122
93
124
154
163
179
128
146
139
141
159
163
159
116
133
98
90
142
127
122
123
138
123
108
143
118
95
112
170
169
146
114
134
130
135
174
101
159
116
161
161
161
157
140
107
97
95
163
177
171
169
118
150
128
98
118
109
137
90
116
110
159
98
157
134
113
156
90
167
102
102
133
172
173
154
120
128
105
98
129
108
103
140
179
101
163
156
120
108
103
147
153
114
169
102
150
119
104
106
118
115
131
139
135
171
107
166
121
152
128
115
137
132
103
119
171
159
127
153
167
174
101
158
152
120
178
145
165
168
168
163
169
143
116
151
113
145
121
124
176
101
111
107
107
136
119
132
165
92
108
102
143
105
137
159
94
104
117
121
159
174
96
119
134
168
102
116
120
139
169
105
108
162
173
97
174
117
163
147
110
160
103
137
103
104
170
102
129
135
110
175
139
123
91
98
147
156
179
99
170
179
102
91
116
127
157
144
154
114
179
136
144
172
97
165
171
161
91
106
90
111
159
178
97
155
146
163
162
177
102
139
95
132
175
133
101
160
90
98
155
90
179
136
171
142
96
139
175
162
164
107
99
117
101
138
127
93
143
176
116
118
110
135
107
156
156
147
127
163
109
153
126
147
95
107
147
165
110
161
158
127
178
165
119
123
168
102
92
99
121
150
128
153
112
148
94
115
159
96
174
161
97
143
116
97
176
174
111
110
100
154
141
102
136
109
136
94
163
176
120
91
103
98
134
105
136
148
135
164
171
115
104
133
117
147
144
171
101
149
133
162
178
111
94
160
118
159
170
168
175
143
172
140
99
128
107
103
147
161
104
150
133
135
117
146
124
130
146
122
130
151
162
100
113
129
163
154
114
146
179
130
90
132
176
171
90
92
111
140
93
116
134
131
125
141
128
117
140
144
106
104
113
122
119
163
134
140
179
174
168
126
175
104
146
99
152
95
118
161
126
111
90
92
175
101
151
153
113
127
119
177
103
175
90
162
112
153
126
131
92
161
155
144
116
124
159
150
137
156
134
126
162
145
168
153
109
153
146
177
113
108
122
116
109
162
110
162
134
179
173
176
174
106
159
137
120
160
170
114
160
150
151
133
170
159
165
140
107
105
106
114
175
125
114
144
178
92
108
174
167
163
108
151
145
149
168
118
104
130
113
120
144
166
123
164
141
163
143
154
114
148
112
159
137
100
106
123
163
154
150
164
125
92
131
161
96
124
161
92
104
110
158
105
124
106
158
129
138
153
156
143
149
129
149
94
166
115
174
127
162
141
107
168
90
93
114
92
150
90
123
175
140
175
139
145
112
106
107
92
112
156
174
157
155
107
118
179
153
110
162
166
154
130
151
164
101
154
139
91
136
135
157
90
101
175
116
154
177
151
91
109
152
150
140
169
148
144
146
147
107
160
92
157
118
134
125
98
123
114
97
137
122
179
116
130
133
166
156
179
163
133
162
125
116
142
115
130
150
124
130
156
127
169
93
120
99
150
97
177
148
150
135
95
159
164
170
167
141
96
103
117
134
171
91
154
133
99
138
170
97
148
97
129
171
129
127
118
170
157
97
113
125
172
94
171
96
110
98
133
124
141
124
145
92
153
159
123
138
135
177
106
115
106
138
121
173
113
131
133
125
145
127
123
144
119
144
170
136
179
115
150
165
114
166
110
120
145
168
100
125
132
92
141
120
97
155
177
150
177
168
135
170
174
144
96
163
139
120
150
175
97
119
165
95
155
131
108
131
102
148
114
130
113
108
157
159
135
151
122
153
137
125
133
98
97
112
158
151
92
139
179
91
144
130
165
118
121
116
161
169
91
170
103
138
104
98
151
90
131
173
155
102
175
121
108
108
99
176
121
113
130
142
167
149
128
99
105
161
110
179
97
139
137
168
151
92
170
160
104
115
127
165
169
138
129
126
96
179
168
96
115
111
146
178
173
154
122
134
115
125
162
155
106
147
127
122
125
176
99
91
148
143
109
135
118
