270
90
108
151
155
152
153
98
98
167
141
138
112
96
115
95
131
169
94
93
158
120
177
142
98
133
140
164
152
168
116
106
124
149
102
159
111
103
149
168
95
146
98
169
157
120
104
108
141
103
176
156
174
134
158
126
133
157
100
119
144
97
136
167
127
148
117
118
133
175
106
149
152
176
124
95
171
135
105
169
174
97
151
119
126
147
115
107
110
107
172
173
171
174
137
120
132
156
144
139
157
179
138
131
117
176
163
137
95
159
100
123
167
171
128
103
133
160
133
155
179
100
95
146
101
121
158
109
143
174
126
130
93
146
132
155
155
114
93
147
125
109
102
123
111
94
166
162
177
167
150
118
112
153
109
123
138
124
150
157
165
150
135
140
100
144
176
132
153
172
125
106
138
127
125
134
178
93
157
107
117
112
130
154
142
143
163
157
94
149
98
112
99
166
111
120
102
114
101
127
159
105
173
142
138
139
118
173
165
129
120
96
133
90
97
127
142
166
145
141
143
98
111
128
154
158
175
128
138
168
100
154
129
173
144
93
135
101
92
159
143
122
125
100
162
112
133
113
133
106
107
142
169
127
139
144
107
161
161
105
100
135
137
100
104
115
133
120
179
120
120
97
