270
90
2093
867
580
681
1949
285
1691
73
797
1172
1487
1209
192
209
749
1551
1560
2585
2502
1957
1455
1310
1784
2689
1010
1350
151
1550
2697
158
2265
1141
2672
1924
1311
379
929
1550
1037
2360
970
495
1720
360
2320
282
1620
2621
2055
2296
1669
382
2281
2659
600
2368
1745
83
356
1340
1444
349
1610
2306
2276
435
1949
225
2259
1528
1811
2282
2107
237
1519
706
551
2273
537
861
1324
2536
1973
2364
2557
2376
1044
2096
2562
127
2383
2422
753
20
2443
2155
1
704
1381
2123
969
21
2152
1477
2212
223
1838
885
1043
1353
918
847
395
1756
580
1990
2383
1131
1192
1753
1980
1561
1334
328
1358
244
57
778
2168
437
1840
861
1016
1224
760
1517
107
1146
1150
1876
2585
559
266
2508
1296
1415
2471
498
348
1730
224
52
620
2514
313
859
1355
1045
2676
818
1981
2041
858
2101
1636
2674
676
2178
181
1610
1374
1503
1306
907
2418
2390
2471
1183
227
1154
1005
1493
978
249
2296
1307
1735
1034
142
719
1432
735
273
205
648
1424
2315
728
2509
2661
677
1343
2669
1242
2224
1159
2383
2657
544
2404
1998
2430
460
2282
2397
1580
1313
1351
1396
2503
775
1716
1699
2638
1713
297
1665
2243
1056
148
2071
718
763
632
463
2277
591
1168
619
1088
721
972
1255
16
1609
610
1192
1850
439
2612
754
1538
681
2292
1237
2271
972
970
1235
1616
2214
142
2304
868
1987
2031
2681
660
906
2126
