180
60
96
66
68
91
25
83
55
80
2
48
7
88
36
74
84
39
45
34
42
3
12
84
5
75
9
21
7
68
2
31
38
20
25
68
17
100
28
96
17
86
50
25
39
99
18
40
81
2
56
41
44
18
7
55
91
88
72
64
60
59
32
79
11
8
4
97
84
75
41
59
9
79
84
30
70
80
27
5
55
87
18
44
92
65
44
55
74
99
68
21
27
22
70
80
36
24
26
99
40
100
79
53
64
24
85
86
96
39
47
85
3
78
58
29
92
46
82
63
28
87
5
65
27
88
71
2
12
63
2
100
11
45
52
97
27
43
70
48
15
59
72
63
40
13
52
73
90
11
88
23
15
14
8
53
35
65
49
21
32
50
34
81
60
6
33
1
28
16
62
48
87
93
2
35
26
71
74
41
73
85
