201
100
155
131
182
138
183
152
133
119
176
190
193
157
167
109
150
178
194
180
184
150
100
169
194
199
175
126
114
196
192
171
193
177
107
114
110
128
141
136
149
197
104
148
168
160
180
169
151
172
167
160
173
155
195
134
119
134
154
191
114
176
178
159
188
161
150
125
165
106
107
109
187
117
130
168
104
184
167
158
146
164
113
103
176
151
128
127
183
160
137
131
155
146
123
181
148
108
146
132
115
112
162
174
167
186
194
168
153
187
108
126
177
131
182
165
153
184
139
115
165
114
114
124
178
179
104
192
100
117
186
102
191
141
189
116
162
154
153
108
137
195
180
160
152
138
151
186
193
161
159
179
146
173
119
188
130
188
187
109
102
194
144
159
108
166
101
141
179
146
180
168
159
153
126
182
120
163
107
178
166
122
112
130
157
103
139
149
103
162
166
140
180
186
101
102
124
190
110
140
107
155
114
