181
90
173
166
169
172
151
162
98
95
90
97
128
117
95
154
108
174
130
162
117
90
131
105
122
117
91
173
92
165
127
118
170
173
127
175
132
94
124
95
121
139
135
145
168
124
123
156
133
134
105
147
179
138
174
113
122
129
109
170
90
131
99
163
164
114
128
150
90
130
98
174
106
131
143
134
156
127
174
159
135
160
164
171
113
96
129
142
113
100
171
157
125
90
99
127
123
92
123
94
98
101
142
140
97
141
97
135
126
95
134
139
99
171
160
152
147
165
157
117
153
130
99
174
136
108
111
143
157
130
112
107
153
111
102
93
126
138
107
124
113
108
115
127
141
134
154
162
113
147
95
109
98
146
109
162
109
129
161
96
155
141
138
152
123
143
143
179
111
162
109
145
90
119
179
124
155
177
132
105
171
145
103
