600
60
98
98
100
105
100
104
105
99
96
104
105
100
103
103
98
98
100
102
98
101
96
104
99
103
102
95
100
99
102
95
105
99
103
95
103
102
97
104
104
97
99
95
103
99
104
104
95
104
96
96
102
95
99
96
101
95
105
102
102
102
99
98
99
104
96
98
97
97
103
95
95
102
99
98
95
99
105
96
96
103
96
104
100
98
99
99
103
102
105
105
99
98
95
105
101
104
101
99
103
100
97
103
104
95
102
98
100
97
105
95
102
104
103
96
98
98
103
95
101
105
97
103
101
100
101
95
101
101
98
98
100
103
98
104
100
104
104
103
99
105
102
95
95
98
103
97
105
99
100
102
95
102
101
100
102
104
104
96
96
102
99
98
105
104
95
101
101
102
98
96
102
98
96
96
97
105
98
101
96
100
96
104
101
95
99
96
102
97
96
98
96
105
101
97
104
104
96
103
102
103
96
98
95
95
103
105
99
105
103
102
99
99
101
101
102
102
105
101
97
105
97
96
99
102
103
103
103
100
95
105
101
98
104
100
97
100
104
95
100
98
101
98
101
96
99
103
103
99
105
96
102
103
103
96
95
95
102
100
102
99
101
102
104
102
104
95
100
101
101
96
102
99
97
98
97
103
101
103
102
103
102
103
103
97
101
105
105
101
98
101
101
95
97
101
95
105
100
100
99
98
97
99
104
96
99
102
96
98
102
100
99
98
99
104
96
100
102
99
103
101
105
102
99
95
100
102
98
99
99
99
104
96
99
98
96
101
103
104
101
103
99
100
103
101
102
105
96
99
103
97
105
98
97
101
97
97
99
102
96
102
105
101
98
101
105
95
105
100
98
95
98
104
97
98
96
101
101
98
103
98
96
95
102
99
105
97
97
102
98
105
104
102
101
103
101
96
95
104
100
99
97
95
98
101
102
99
95
105
105
100
105
105
100
101
102
103
95
103
105
99
99
95
100
102
95
96
105
105
99
97
99
98
105
98
100
97
99
104
96
105
100
96
102
101
98
104
98
104
98
105
103
102
101
101
100
101
102
98
100
96
100
98
95
103
99
96
99
101
97
103
99
103
99
103
104
100
100
99
99
98
103
95
101
105
100
97
104
98
98
99
103
101
97
101
98
95
104
105
100
98
95
98
96
96
103
100
101
102
97
97
96
96
105
105
95
100
101
103
101
97
105
105
100
96
97
104
99
104
95
96
97
104
95
103
105
103
97
99
98
95
104
102
101
104
95
98
101
99
100
104
96
100
102
101
96
101
97
103
101
96
99
96
103
104
104
96
97
103
103
105
99
96
96
101
104
103
95
96
105
103
101
95
101
103
99
101
99
95
98
97
97
96
105
100
95
101
99
96
103
96
