400
80
96
102
150
149
114
102
131
91
83
141
135
93
82
124
144
112
83
97
155
122
114
100
100
86
143
133
138
88
118
141
117
147
139
82
97
85
109
138
113
144
136
154
130
111
87
90
113
130
90
119
118
82
137
90
119
86
135
121
141
127
93
110
157
124
126
106
96
113
107
149
80
131
86
119
141
134
154
121
93
115
158
133
153
136
132
99
148
82
95
153
126
140
150
156
113
126
107
154
146
80
154
125
121
159
150
104
143
94
94
136
86
82
143
113
90
125
121
127
138
145
106
117
111
107
131
155
125
153
121
118
110
84
95
126
155
85
150
145
83
130
118
134
156
121
96
152
128
103
84
93
157
105
104
105
90
111
113
122
125
122
122
114
122
100
124
127
153
138
105
103
142
80
121
133
133
132
117
159
143
86
154
103
127
138
108
81
144
91
156
107
135
103
89
155
135
122
132
93
139
112
146
145
124
133
101
154
88
130
80
133
122
103
94
99
80
128
122
80
158
154
91
117
87
135
92
123
121
104
128
131
151
89
155
111
159
103
112
92
122
95
142
91
131
139
103
117
135
112
142
112
134
127
131
94
125
80
106
129
151
109
130
97
97
152
88
106
139
110
130
153
81
119
92
130
159
90
123
99
109
154
113
158
135
85
94
123
141
85
104
103
105
92
134
108
150
100
132
103
116
128
157
84
155
109
84
128
156
130
84
94
113
121
122
124
99
157
93
105
121
155
95
147
99
141
132
97
128
108
150
90
153
121
88
130
147
112
122
102
120
124
101
113
88
146
85
123
121
115
94
144
98
97
91
85
86
91
153
81
133
130
109
157
104
85
122
84
152
98
102
144
140
157
142
137
90
129
129
145
149
150
117
133
122
115
80
112
125
114
156
121
149
105
125
120
141
121
151
90
106
152
