300
100
3
4
6
8
7
6
10
5
10
7
10
7
1
3
5
7
5
4
9
5
8
9
4
8
1
4
6
1
3
2
9
9
9
4
9
5
6
7
2
10
7
6
7
4
9
7
8
10
8
10
4
1
1
10
3
4
2
3
8
7
3
6
4
8
3
5
8
7
7
7
2
5
7
6
9
10
9
1
6
10
2
9
10
2
4
1
3
3
6
9
5
6
6
4
2
8
4
2
4
4
7
1
9
2
10
7
4
1
7
2
7
9
5
5
9
7
10
6
4
3
2
2
3
3
10
10
4
8
8
9
7
6
9
8
5
2
10
2
6
5
9
4
8
3
2
3
4
7
2
6
7
2
3
4
10
7
5
5
2
8
10
5
5
8
6
1
3
3
8
2
4
3
6
2
10
4
5
10
8
4
2
9
6
8
3
2
8
5
6
6
1
1
10
1
4
10
3
3
10
10
10
3
5
8
9
9
5
8
9
3
9
5
10
1
5
2
1
9
5
7
1
2
8
1
3
8
5
6
10
3
3
9
8
9
2
8
10
2
8
4
6
9
4
7
3
9
4
2
1
8
9
2
8
10
4
10
10
6
8
7
2
7
6
3
1
2
2
7
10
7
8
6
8
7
2
10
3
6
10
7
6
4
4
7
10
7
3
2
8
8
2
7
7
10
7
5
2
1
6
7
