300
20
1621
1414
1516
963
954
1485
1092
1643
1684
1999
1759
911
612
866
147
528
2755
2041
478
1064
124
138
2291
1604
1233
772
657
2974
2826
1071
2720
468
271
338
2720
2316
604
1530
435
1630
279
248
1371
904
2962
1556
2655
622
1225
677
2063
185
2529
1705
2968
2213
1281
877
346
1547
1142
918
734
1798
269
1993
2599
2501
2205
2622
304
1382
2751
1995
1951
893
923
2478
2183
2428
723
2924
119
2308
1135
2730
1443
1670
856
2905
1905
112
1763
15
2872
756
1755
589
1753
2597
2409
1370
1119
2895
1333
687
1117
1585
60
953
1621
101
2981
1624
108
1479
2264
2350
2227
2797
2732
1606
459
2121
481
730
2628
2285
435
2782
2747
825
1984
1877
957
404
1572
92
821
1441
1409
1201
2140
2848
1602
279
922
1115
2305
251
605
2917
1425
2101
2386
1155
771
1767
1079
454
132
393
576
1758
1660
343
2868
1113
1493
2660
2624
2648
1486
1680
1559
116
2933
638
1803
2214
1728
1919
1232
188
2140
2119
2171
1690
1533
6
1521
90
127
1731
2295
2285
2794
942
1968
1017
319
2709
2095
1463
2856
380
971
2808
2859
1330
2015
366
2661
2030
645
1117
2308
1777
2969
63
325
1574
121
375
2833
1826
282
2374
1933
2478
149
2059
2065
436
2721
377
605
2026
2388
159
1499
624
1146
1252
606
303
520
2161
2041
1474
839
2048
715
152
1733
827
767
2291
2913
1582
2950
884
1419
1233
658
1719
2620
303
1138
1792
1332
1849
2308
1028
1706
1420
1294
573
419
2695
372
2618
1652
2792
1383
1959
2080
2375
1817
1145
1992
1613
1202
2029
927
2333
1125
863
1031
2684
