700
70
3641
5993
6368
2076
2654
4529
5210
1043
5922
766
1104
3655
3568
5007
4729
6251
2432
778
2412
3144
6461
4291
2122
6213
6158
6150
5477
6232
2261
4206
6929
6118
4118
6588
6847
2637
830
5672
4154
6351
2095
5759
5818
3504
6937
2832
2764
5762
842
3458
5198
5158
1025
2636
4163
846
3034
2388
4145
959
2504
1031
2835
4812
382
1829
4435
6707
4800
1852
625
6395
3638
6989
4464
864
2062
5187
1539
6444
4804
430
6454
6144
2406
5648
1715
5429
4476
6266
5432
3853
734
1746
6502
5406
1229
4885
590
3025
6050
4287
6583
2184
4394
35
6767
5901
6089
1039
1696
6387
1143
226
2528
1227
304
4765
6133
2476
3320
5243
4135
6364
4198
6934
6808
4961
5467
5521
934
6367
6864
4653
1332
6739
4279
5996
1913
5612
4205
1652
5419
5463
89
6597
275
5148
670
138
782
4800
6155
6390
700
6154
390
6108
2354
5305
4961
3862
6989
1477
4860
6513
2462
5930
123
374
529
147
5716
6222
5274
4297
2517
5899
4912
6017
6198
5076
5648
1241
1865
1953
1290
2851
6667
1219
2822
1768
2333
1359
5789
5708
5788
1900
2685
668
6075
3306
2038
2186
6823
1483
6400
5294
3222
358
4936
1873
2962
4808
1790
3765
135
2655
4326
5364
1479
5061
5540
6754
3576
6163
5313
1653
1754
1103
1527
4114
1919
1136
3483
4455
5222
6218
3509
3201
766
3950
2688
4936
6550
4429
1860
3476
3291
5111
589
1910
4114
4525
1448
2962
1737
1730
4628
1237
555
5355
2442
4288
3295
5878
3552
2856
6006
2983
2470
3860
6605
5523
5008
6457
5091
3829
6198
4428
1997
2820
1736
953
4832
3069
3865
1968
4284
6123
6552
1773
835
904
2863
411
6758
6356
3113
1022
6875
6712
5275
2036
1421
2991
3484
5448
4081
5288
654
4783
2903
4786
2237
5458
2360
5032
2341
1413
4831
687
3893
1794
3640
1881
5239
407
2714
3420
4760
6937
5102
2544
1657
5577
2803
2455
5275
1640
4738
5097
3713
3021
6376
5386
4179
2815
3556
274
1715
6144
4127
2704
1292
5393
6888
4298
3997
6917
6815
3789
5070
4172
3177
1235
6647
3082
4931
2372
1859
434
3971
818
4453
1043
77
2204
1583
1197
1333
1034
359
3535
6751
1145
5805
3868
1141
3994
2356
6875
2193
2887
4936
1533
2853
654
3448
325
1949
4075
106
1086
5081
2349
6768
5656
4168
3123
6847
6690
6175
6775
1104
2329
297
6888
389
1449
3059
6608
5830
1437
5761
6583
1998
1486
405
424
4899
6622
3980
390
4814
4678
5238
192
3278
4584
3201
1417
3662
3612
3429
4842
4637
4320
332
511
3232
1550
1392
4971
4751
5189
66
133
1946
488
4557
2470
340
4615
6011
238
6086
2480
1257
744
2489
4220
5638
6646
2694
6010
492
466
645
121
6193
3635
2221
2736
2975
3911
6477
24
277
6877
4874
6795
258
1276
6407
2613
2335
4086
3717
1892
4127
2489
6231
3643
6588
475
280
377
107
1081
1666
1938
2983
2630
3745
3003
5681
1642
1221
4464
6204
1269
6210
2887
5458
1996
1499
1967
3125
4787
1539
2838
6237
6753
576
5300
381
303
5408
6767
591
5414
1683
4355
3117
6937
3492
1709
935
6000
5746
6448
5442
1041
1623
2990
4095
2864
4292
3858
4998
1418
2129
4029
343
3318
3023
732
3837
995
2790
6470
6142
891
1706
2445
518
1193
6463
4804
3840
1462
6889
800
4443
2541
5990
784
913
4124
2026
2476
5853
1242
6672
4662
4687
5400
675
5408
6788
4497
5137
562
2244
402
1846
1386
914
6163
1462
6755
6002
2002
5661
5343
6757
6635
5634
995
2915
3502
6948
4299
3690
5792
4442
5949
6789
1121
1007
1476
2760
6744
1734
5702
2455
3324
475
5067
188
2841
4696
6988
3850
1241
1605
2062
2903
6124
141
282
3826
924
165
1477
3684
2634
3045
6351
4515
6836
1777
2621
1112
3226
3226
3115
6548
4802
195
4350
2690
1778
3109
817
3114
6556
3145
4566
1136
782
1247
6197
2619
5607
5401
565
4041
4663
55
6014
4451
1154
6548
2175
4946
4462
5654
5595
