300
30
54
59
46
52
33
40
31
36
58
39
30
57
32
38
49
37
53
37
34
52
50
58
35
53
40
33
42
33
49
57
32
47
32
31
47
52
45
42
55
59
30
52
44
48
50
51
50
39
31
52
47
42
34
36
53
35
57
30
43
41
56
37
45
31
54
37
59
30
30
30
53
54
34
49
38
51
34
32
58
33
47
42
35
30
40
44
36
56
33
47
53
55
47
41
50
39
45
42
41
46
42
32
40
41
31
48
44
38
30
56
48
57
59
37
41
46
48
53
58
44
32
31
31
59
51
47
56
45
35
53
55
54
45
34
41
38
50
47
56
48
55
55
55
30
30
54
41
38
31
51
42
51
58
59
34
47
36
55
38
42
38
56
42
46
59
57
35
53
34
44
56
36
44
47
55
36
57
59
38
44
33
51
43
59
34
46
31
30
30
38
30
56
45
53
36
42
42
35
32
31
46
30
58
34
32
59
41
55
48
33
36
39
33
33
44
58
49
43
58
35
33
57
48
48
35
38
56
51
53
58
57
49
34
54
39
54
51
38
42
31
56
43
36
37
34
40
47
30
31
37
54
40
35
35
50
40
58
37
48
53
39
55
44
34
58
39
47
55
39
39
55
44
37
46
36
48
37
44
59
33
52
38
49
34
48
41
39
49
30
59
37
35
52
33
54
31
54
53
48
36
