180
60
117
116
56
6
19
64
55
27
71
101
105
63
20
13
69
48
111
74
112
30
105
44
93
69
26
116
31
11
19
4
7
94
105
68
112
83
15
15
42
47
35
22
110
67
73
43
6
6
101
54
101
96
51
82
56
54
42
91
93
45
20
79
29
82
46
95
116
15
49
24
27
47
26
99
59
111
2
34
85
80
30
8
94
115
77
16
62
3
113
37
63
92
44
89
101
61
43
15
75
1
55
9
80
85
88
118
16
9
73
119
64
117
100
15
36
105
105
104
34
67
92
103
14
119
52
40
62
26
78
26
101
111
66
59
14
61
39
26
44
31
7
36
19
52
36
119
90
91
9
59
42
4
49
89
95
88
102
39
78
3
17
88
35
93
46
1
87
88
2
54
13
55
33
26
17
1
55
67
7
77
