500
100
45
3902
768
267
4900
51
530
4452
2378
20
3791
4946
870
940
3587
4632
2911
1476
2853
3307
1248
3979
658
142
1803
1622
1072
2572
4091
1832
195
328
2609
1545
1599
2159
1864
2022
2061
2167
1526
724
2250
2834
3388
1244
441
4536
3830
747
1428
1881
2636
2644
3947
783
2364
4029
1964
3321
3349
3022
2992
2005
245
167
1460
1472
4032
745
1738
3861
4239
188
1441
2626
2395
4096
1350
1240
384
1492
3119
3493
1373
1557
3995
1593
506
3409
326
4554
1311
1612
4091
4519
1946
2221
4570
2028
533
1487
3935
2244
1932
2915
1128
4423
646
3787
1049
1368
4062
4485
992
243
962
2211
2434
4247
319
3314
3579
1482
4118
756
4683
3174
1991
1808
2700
4977
4278
4077
397
3667
3090
1074
1823
2987
1369
4052
634
4070
1476
3079
4808
4691
3748
4705
3839
2899
2497
3751
4355
913
1399
4905
4528
4000
2643
170
4335
1259
1013
621
572
3637
3137
4185
3727
134
3245
627
178
4644
993
501
432
3013
2784
1800
303
2909
4742
4100
4562
4637
3928
1782
1267
4966
2504
3695
3516
3386
364
3431
49
70
2974
1931
4870
541
3265
4185
1779
2472
358
3104
3637
2550
1025
3191
2606
2500
684
614
947
667
3400
3081
487
579
1551
1427
1125
3216
3810
495
446
808
323
857
4511
4516
2682
1650
2646
1617
4760
1096
2944
2630
1191
2397
3926
2363
3264
3055
923
657
4889
1741
3726
2733
4404
2026
2218
70
4987
2293
2962
154
2569
4817
2456
2915
1280
2199
2189
4590
1908
247
4401
837
2285
2438
3071
1239
2685
3835
2721
2542
2435
4288
2243
3681
3109
2044
2775
4648
2815
3887
4671
2359
2471
4203
861
495
3569
1364
3790
3597
1369
2903
4373
3785
877
317
2240
1626
4590
3248
2245
3824
1403
2105
860
3213
3052
3143
38
465
3470
1904
3030
1418
4245
538
805
2734
2562
791
3864
1454
2236
2320
4190
2088
300
3668
345
1023
1998
1629
3411
4209
2979
1653
4061
1990
4498
4493
788
2739
697
1577
1589
200
1376
3035
306
117
332
700
3598
2972
2389
3373
1014
349
2400
1402
3270
3456
2968
2881
3985
3402
4503
2489
566
2440
401
1490
3295
309
1654
860
3093
1164
1542
3963
2532
1063
3442
3292
3222
4891
4466
1564
732
3914
3817
2455
3577
1929
2001
1891
4922
1947
2357
3365
4143
801
593
2026
1390
3208
4795
4689
1007
2009
1301
1985
1482
1527
2873
3734
2785
2468
627
4457
3808
1162
2728
1686
139
136
4560
771
3228
2829
3086
2761
4413
4392
305
520
2416
181
1739
1407
1060
4712
3231
3456
1280
910
3741
4169
3176
1689
2085
151
4742
2712
2687
4672
2134
704
3191
4502
655
217
305
184
1392
1390
1696
3924
3199
916
375
3460
2916
4412
3174
3281
1571
1393
4446
4853
4826
1841
4733
4473
2979
1477
