500
50
48
43
47
11
41
36
2
97
63
83
9
31
4
70
59
24
52
72
46
90
51
56
44
82
5
45
52
63
80
35
97
33
36
40
97
19
60
57
71
87
28
45
93
48
72
56
61
43
7
66
93
9
24
57
71
63
7
46
19
60
1
90
26
11
9
62
19
71
92
14
73
33
99
15
27
33
53
50
45
56
5
51
38
99
53
87
43
44
90
49
63
89
8
82
31
64
64
72
1
7
91
92
11
73
23
94
1
81
28
36
51
66
84
13
78
22
15
71
81
9
14
70
33
63
42
53
61
88
41
44
22
77
13
70
44
18
91
56
94
29
11
73
25
68
97
51
55
62
70
96
41
57
39
27
10
92
79
88
94
78
90
11
78
12
16
37
72
56
7
50
23
55
92
61
98
14
42
97
52
38
83
10
31
65
54
48
81
74
11
8
85
72
52
40
4
11
10
40
1
32
45
96
60
71
66
69
57
29
20
27
95
44
84
17
43
59
38
3
60
93
35
18
92
77
29
70
20
92
15
100
63
22
34
23
63
83
60
53
16
6
52
75
88
61
12
62
72
41
65
11
92
19
57
67
30
83
62
50
42
71
64
99
79
7
74
45
47
1
65
8
60
5
45
61
74
74
90
28
87
65
63
78
60
51
8
89
41
63
76
41
43
70
43
66
85
31
65
46
36
49
76
85
23
98
61
60
39
20
4
97
62
19
77
50
65
45
98
20
67
44
46
38
88
43
57
55
8
49
27
87
9
88
5
89
62
28
41
31
75
56
66
16
75
36
65
9
6
94
67
88
12
66
71
43
74
46
35
95
12
36
65
76
21
92
75
83
92
47
76
92
4
82
59
50
66
48
40
16
67
12
44
69
4
12
54
75
16
7
98
70
66
50
50
62
5
34
31
47
34
63
80
9
50
92
71
26
50
6
44
53
85
11
95
51
3
76
62
27
62
54
51
40
65
45
34
15
40
70
1
6
49
33
77
14
32
79
32
12
4
88
89
31
65
41
38
58
76
63
90
11
77
81
4
97
59
83
51
97
94
47
79
65
81
94
92
67
18
17
46
95
40
38
75
88
58
10
16
89
20
72
78
78
91
100
31
19
72
69
56
44
3
42
11
41
82
90
93
11
21
55
