300
60
102
100
98
103
97
97
96
101
96
97
101
95
104
104
95
97
102
100
97
103
102
96
95
96
96
98
103
97
101
105
103
102
95
95
105
99
96
105
100
103
95
95
99
105
95
99
96
103
97
102
97
102
104
103
101
95
103
103
95
102
102
100
98
103
101
97
103
99
100
105
102
101
97
97
101
103
105
96
105
102
103
97
98
95
96
97
99
101
97
95
103
103
103
105
104
97
101
98
96
103
99
105
101
97
95
101
102
97
99
105
104
104
96
105
104
102
102
104
102
103
102
105
99
98
99
101
103
100
105
100
96
100
97
99
95
98
95
105
102
98
98
101
95
96
97
99
105
105
105
104
98
101
96
98
96
100
99
104
97
96
101
98
98
104
95
101
99
101
105
103
97
101
97
105
100
103
103
95
102
99
100
96
102
95
98
95
97
97
98
98
96
102
104
103
96
103
100
102
96
103
105
105
98
105
104
101
96
96
99
99
104
103
95
97
95
102
102
97
96
100
103
100
100
95
103
101
102
103
96
100
104
105
100
101
100
97
96
97
102
101
102
104
100
104
100
104
97
96
102
98
102
99
101
95
95
102
100
95
96
95
98
95
96
99
105
102
98
99
96
95
104
97
96
104
104
99
101
97
104
100
99
104
103
105
96
103
95
95
97
101
104
98
104
98
105
96
104
98
99
103
