270
90
4
5
6
9
7
6
2
4
3
4
1
4
10
5
2
10
6
7
2
2
8
8
2
8
8
10
5
3
1
1
10
1
9
10
1
9
1
2
9
7
8
8
7
8
3
3
2
1
8
10
5
6
9
5
3
3
2
1
1
8
6
10
4
9
6
8
10
9
2
10
5
9
4
2
6
9
8
5
2
9
10
1
6
3
5
1
3
7
2
9
7
3
7
8
3
5
8
5
3
9
8
7
3
1
7
2
6
1
2
10
8
10
10
2
10
2
1
2
3
7
9
7
6
2
10
10
8
8
6
3
10
1
5
8
4
9
7
1
2
10
6
4
1
1
9
5
5
9
2
3
8
10
3
4
1
7
2
3
7
8
6
1
2
10
3
9
5
5
1
10
7
4
7
1
8
6
9
5
5
2
10
3
1
6
6
9
6
4
10
4
10
6
2
4
1
10
8
8
10
8
1
4
3
1
10
6
8
10
2
5
5
1
8
9
7
9
2
2
7
9
4
4
6
3
6
1
7
8
10
7
3
6
6
2
6
3
3
1
2
4
6
9
4
7
1
9
2
1
10
5
7
9
2
1
10
4
7
3
9
1
5
9
5
7
2
2
7
4
9
9
