250
50
104
99
104
101
104
103
100
103
98
98
104
99
95
103
97
103
99
99
100
96
98
99
105
101
100
102
95
101
104
96
96
102
101
99
102
95
105
102
101
102
101
96
104
103
95
104
95
103
97
104
104
105
95
104
105
99
105
98
95
96
96
102
105
98
101
96
100
97
103
95
97
105
104
96
102
103
103
102
101
100
96
97
105
105
105
104
96
96
104
97
95
97
102
95
102
99
97
103
100
100
104
97
105
102
100
103
97
95
105
97
102
103
101
99
103
99
103
103
98
103
105
104
101
100
102
103
104
96
96
99
100
103
101
101
98
102
101
103
104
96
103
102
104
103
99
104
101
104
103
105
98
101
102
100
95
95
95
95
96
98
98
100
101
99
104
97
101
101
103
99
99
97
104
105
100
102
104
100
101
101
95
96
101
105
100
100
96
101
96
99
95
101
102
98
97
100
99
102
103
95
96
104
95
103
95
105
99
104
95
100
97
96
104
95
95
96
100
103
104
99
95
96
97
103
99
100
105
97
97
105
98
101
101
98
97
103
101
102
101
97
105
102
103
98
97
105
98
99
97
102
