500
100
61
59
57
24
174
185
144
13
145
2
117
180
110
194
133
128
144
46
146
194
48
42
19
18
51
111
14
96
107
101
17
118
39
11
90
43
187
139
22
21
62
4
122
187
166
15
142
67
44
167
85
38
194
100
88
61
58
196
198
165
171
68
86
176
69
155
60
68
45
71
49
157
176
106
162
112
156
30
144
67
88
124
47
21
17
169
164
127
105
129
74
198
126
137
28
67
52
178
107
80
15
36
107
10
56
60
39
152
183
2
13
169
38
147
57
68
77
171
27
174
154
185
43
49
129
49
151
111
159
140
106
95
180
17
106
101
49
153
141
193
142
58
145
88
160
174
184
39
187
64
181
142
7
11
88
86
177
10
10
179
180
88
25
101
28
136
5
80
98
69
196
58
33
159
18
82
16
101
82
5
152
68
96
3
97
199
90
168
40
121
69
166
167
133
132
95
50
129
157
157
168
95
57
127
59
123
175
17
50
197
50
58
170
133
151
129
88
135
5
129
44
174
29
104
95
10
183
84
111
112
18
50
79
7
92
114
182
116
111
66
134
178
72
77
197
7
116
155
168
69
117
135
9
66
124
62
82
94
72
145
153
119
92
152
41
117
75
180
104
165
145
87
78
30
88
144
93
114
106
197
21
87
6
110
159
193
40
19
3
115
151
158
77
185
29
149
74
154
127
121
155
132
59
176
191
11
60
193
130
125
95
118
101
189
115
109
35
81
54
181
159
176
188
73
62
184
88
53
48
106
26
121
55
68
76
72
11
132
142
47
158
176
144
183
199
127
130
111
75
67
168
38
79
71
106
182
63
112
97
165
100
24
130
163
52
121
116
4
157
115
44
32
84
185
4
18
64
96
128
161
86
165
102
101
163
113
45
146
89
96
122
125
77
103
27
105
9
123
83
137
96
55
154
53
91
188
197
7
126
142
187
157
160
118
127
195
134
132
2
139
5
158
188
7
146
135
39
53
39
170
185
187
58
193
178
85
43
6
123
189
89
56
150
158
164
173
1
9
127
2
182
110
64
157
193
157
108
37
39
44
86
23
69
125
176
164
101
67
115
156
23
121
48
170
136
80
92
41
180
119
186
72
47
135
114
92
172
94
69
112
91
167
7
124
161
147
1
151
26
101
