600
40
77
54
42
69
75
68
56
67
76
64
70
53
41
57
48
48
52
61
53
45
55
50
70
59
45
62
47
77
70
62
44
52
53
76
70
77
42
54
50
56
52
77
55
48
66
45
72
60
66
78
44
48
58
66
44
76
76
67
66
59
41
45
44
57
46
57
72
52
62
69
60
62
72
43
60
50
62
67
79
45
65
45
47
77
70
46
71
46
56
77
49
57
45
70
63
77
51
47
66
48
63
64
77
53
42
63
64
47
46
53
54
68
49
58
51
79
76
70
61
54
78
78
64
69
77
42
41
52
73
43
61
43
46
78
60
73
52
70
64
41
71
74
52
54
54
54
46
77
61
54
58
79
64
61
75
51
57
50
62
74
71
78
46
71
66
58
67
53
60
75
73
71
62
60
69
70
77
42
62
51
75
42
76
74
72
65
47
42
78
57
51
69
47
58
43
63
51
57
78
50
76
59
63
44
53
48
40
75
77
48
69
77
48
46
72
47
56
62
66
55
52
46
72
51
45
53
65
66
50
73
46
64
69
43
59
54
70
40
43
55
47
42
65
58
61
41
52
46
65
46
42
70
54
60
68
63
51
52
44
71
69
73
41
69
43
78
42
68
71
60
63
47
44
77
69
68
79
75
46
41
60
66
60
60
50
48
78
44
46
52
55
71
49
72
79
51
51
78
41
60
41
59
42
74
48
66
42
72
77
60
43
75
74
70
60
54
54
71
44
72
77
60
57
69
61
42
50
71
77
46
54
52
54
78
57
52
50
69
48
60
48
59
71
66
68
55
64
73
78
75
64
77
63
78
51
42
62
67
57
62
57
73
41
53
79
73
59
51
77
51
74
64
41
72
66
49
64
73
55
67
54
63
63
72
41
40
67
75
58
43
42
46
62
49
67
60
59
41
53
64
43
48
63
74
55
44
40
72
74
71
50
72
78
47
51
59
77
61
50
75
70
68
68
45
66
71
46
77
77
70
55
73
51
56
77
72
74
58
71
65
48
71
66
63
71
70
69
74
52
70
51
41
57
59
40
78
55
58
63
76
60
40
48
51
57
77
68
73
70
62
65
53
71
70
75
42
63
59
50
79
62
51
56
63
64
72
57
67
78
76
63
43
54
71
78
52
59
49
45
51
40
55
63
70
41
67
59
74
59
43
70
45
42
65
66
64
49
63
42
67
69
62
51
53
47
72
46
44
41
43
72
40
44
59
55
47
41
53
78
68
42
45
57
47
55
54
69
71
68
63
77
76
40
49
77
60
72
41
78
78
73
58
58
56
66
58
48
64
46
43
66
78
48
40
65
46
43
70
45
49
52
66
68
58
67
46
75
64
65
60
77
66
73
70
49
48
51
58
78
59
