500
50
1136
54
1636
640
327
1892
4835
2268
4137
1071
4128
1017
2940
2093
4962
3812
4479
3929
564
3851
2790
4450
1776
386
3821
1065
3944
3413
958
2128
3159
3079
1109
4423
1867
272
1312
4334
358
2831
3455
2655
1550
1921
4998
2619
3766
4831
2379
3830
3619
3645
2364
2998
977
4441
339
1813
1039
4597
3232
1326
3745
699
892
3220
1550
4264
3293
468
750
3460
527
5
3360
2209
1758
3311
1283
2716
2985
750
1694
4778
4870
1603
1038
1606
937
3575
4507
2730
4869
3081
706
1665
4719
3998
3261
3764
3668
4854
2060
1349
4940
1175
3533
4435
992
2210
176
2271
2382
1464
2882
2522
1152
3476
3619
1662
3931
3760
1041
2241
4113
1148
4457
4636
1635
74
2545
1150
2474
4372
4939
4391
3949
2854
4071
2571
3278
2034
4275
1431
1775
4056
1407
4278
1710
4323
2311
4621
2751
4676
2986
2940
891
3763
2465
1093
695
516
1319
1058
4163
2799
582
27
2388
2139
2647
4195
2392
3547
670
2715
3825
703
1806
4670
4631
718
3854
1274
1879
4741
1639
1789
4
3971
4557
2190
3689
1119
3817
122
2187
4639
613
1906
594
358
829
2880
1401
2717
779
3868
3578
2147
394
3983
3922
4215
4473
1077
2557
4
4115
3933
1824
2039
2161
1937
3988
4364
1114
4207
2546
428
2970
2426
586
690
3593
477
4214
2608
934
3804
3968
1673
2123
4851
415
1326
2710
3961
1161
4967
4916
2591
1221
731
1209
3410
3544
4247
280
3084
4891
3862
4873
3967
555
2854
3502
4500
1474
2320
4674
1011
2138
928
1793
2991
1118
3415
2655
715
3842
973
87
3415
1806
909
3700
3808
906
3992
1493
548
1948
3021
4810
2486
4521
2804
1612
2874
4842
537
2464
4645
4445
2103
3052
3683
3746
1432
1962
412
1534
4439
2847
4688
185
4766
4111
688
2097
6
3973
4130
606
4412
4878
1196
3718
2077
4960
1736
4425
672
679
4873
2143
3299
3807
1768
74
4979
3482
2176
75
3977
3529
3524
2780
652
502
2982
4137
231
1713
353
4855
2456
1270
1921
513
1505
2350
4805
4713
1484
1493
567
1409
4314
1519
645
2433
493
1938
3583
3573
2494
4649
845
699
2701
1946
2599
1513
4052
1063
1530
2149
905
701
3813
2565
4013
4444
1799
3492
985
3185
4368
3479
3160
14
61
297
3625
17
3765
1351
2477
423
3422
4745
1798
2655
411
116
4019
2348
2036
2640
566
2117
2000
669
2199
1246
3904
2952
758
2815
2864
3203
1327
3686
2466
1120
60
2097
457
1563
869
735
2287
901
1627
263
3547
4868
1392
1439
4528
4755
2414
484
726
1394
3410
4208
1702
4799
2998
2240
1123
853
75
593
2428
2286
3817
4116
4666
4752
1406
4761
224
2428
1221
3187
1565
3349
4918
2223
3210
564
1409
903
680
2794
3929
4752
3651
1762
3060
4220
850
2075
1557
2101
4360
