450
90
59
79
74
95
94
96
19
75
15
40
9
5
88
68
52
31
37
85
65
63
25
76
25
34
29
59
6
26
12
47
56
19
83
67
5
58
2
90
52
79
7
64
29
96
97
76
83
56
29
23
11
34
54
26
61
93
48
31
13
7
88
35
46
82
37
7
32
45
52
38
36
42
76
4
70
6
80
19
87
44
95
43
21
39
66
61
54
41
1
54
45
28
87
75
73
83
46
44
93
79
31
80
91
93
97
98
64
90
54
80
6
43
46
17
6
65
46
88
46
75
51
71
29
50
87
48
21
10
44
37
76
41
34
33
51
24
75
25
34
81
41
23
2
37
97
99
63
94
57
72
33
72
7
80
29
76
66
82
16
92
29
24
56
42
69
68
40
44
67
21
17
70
26
54
21
86
41
71
77
80
1
27
41
63
59
50
40
42
10
87
17
75
59
84
54
12
12
83
62
50
91
38
90
10
1
96
1
96
52
2
70
96
80
16
37
31
49
34
50
22
27
20
52
18
93
7
31
61
68
38
25
71
66
92
66
12
63
74
71
88
1
75
90
93
69
25
40
33
49
15
50
4
93
46
97
16
51
88
26
14
75
53
99
3
76
56
67
61
77
18
1
38
19
96
93
16
49
79
97
61
18
19
91
50
27
27
63
61
42
72
78
1
55
12
37
79
46
94
70
18
58
34
18
34
41
33
35
6
64
49
36
66
56
97
62
32
44
87
81
64
65
25
64
97
66
91
66
94
18
7
70
17
81
85
95
11
31
25
72
71
77
79
47
86
69
48
68
33
53
100
96
15
41
94
89
15
77
89
33
2
72
60
8
85
72
83
54
24
13
88
2
53
38
38
92
6
50
14
42
93
7
20
70
99
42
53
63
39
9
12
92
85
10
89
10
25
82
61
88
63
45
21
66
8
89
65
91
45
54
82
49
59
4
95
41
90
28
89
35
2
9
84
59
48
62
13
4
28
85
77
92
23
39
17
88
73
71
30
61
54
69
8
14
19
57
21
48
54
4
70
