600
60
90
74
68
79
46
86
23
26
68
99
7
74
87
42
10
57
61
67
80
94
4
8
68
67
89
93
31
11
76
61
15
42
1
64
50
6
46
15
9
7
27
69
61
51
54
97
52
51
86
24
79
13
34
87
14
35
10
31
83
26
4
64
40
59
93
73
1
21
79
45
5
96
58
88
51
16
28
45
14
32
36
96
36
81
68
60
68
78
95
58
31
94
20
3
97
81
68
22
21
98
60
18
71
34
84
15
94
76
81
54
61
96
55
24
85
82
53
20
2
3
51
100
94
62
56
76
27
94
31
62
3
34
44
39
42
45
24
62
35
41
4
47
96
71
51
71
80
100
71
16
14
56
17
89
24
43
55
39
55
13
78
51
97
67
71
91
78
38
41
54
16
78
28
99
16
98
6
78
85
74
87
67
26
70
80
97
84
44
83
90
35
78
62
94
5
63
81
90
63
48
22
71
30
22
98
39
55
87
82
56
42
20
64
51
100
35
27
77
96
95
80
25
22
69
16
10
100
96
2
94
10
72
28
38
88
76
42
25
23
18
33
80
87
55
30
73
34
49
31
55
93
38
62
29
99
61
80
46
67
66
61
52
67
84
9
87
55
58
57
53
68
86
29
1
62
51
92
9
68
57
36
23
50
95
52
57
13
80
3
47
98
81
33
33
51
34
35
17
39
36
66
97
89
92
39
34
64
67
96
51
11
61
17
10
65
26
7
27
39
49
87
71
37
53
33
92
99
88
81
43
96
47
85
31
61
50
15
77
11
34
36
34
81
14
27
19
7
18
60
68
76
40
92
76
60
81
56
83
97
10
69
18
30
7
34
75
68
100
82
97
17
100
87
7
41
13
97
2
51
74
91
35
91
50
38
97
16
64
23
91
39
34
57
7
24
70
72
20
52
98
39
37
50
9
70
77
54
30
71
17
51
59
62
2
61
24
3
78
35
64
50
63
87
2
26
36
56
52
34
11
71
49
86
82
19
99
45
8
52
90
36
81
51
8
47
14
69
34
28
35
2
7
40
71
82
9
38
11
73
12
67
24
6
56
6
60
25
37
78
16
17
77
61
74
41
84
12
33
42
18
93
78
18
56
43
19
56
93
45
89
44
27
79
34
91
44
94
55
87
86
2
33
58
9
42
8
86
17
1
80
74
75
78
81
4
19
11
31
52
65
5
30
80
73
80
18
17
35
24
64
39
46
19
50
97
2
86
42
49
43
65
38
18
100
41
67
49
62
58
28
13
33
89
79
88
17
17
51
94
19
90
99
50
11
99
23
73
84
64
62
11
23
71
72
69
13
57
24
94
31
2
32
71
93
92
49
78
15
50
98
25
13
21
14
8
77
4
69
49
100
