450
30
32
48
80
26
95
64
33
23
90
36
4
42
49
37
51
18
95
86
85
44
6
22
95
22
1
75
8
97
90
65
65
13
68
81
19
66
88
47
100
70
19
13
65
98
52
99
62
58
28
44
65
47
30
12
11
55
40
57
73
44
79
66
95
97
77
71
13
91
59
88
35
47
60
26
8
61
68
81
66
56
27
21
21
46
46
44
71
83
96
7
38
84
63
100
18
55
50
98
13
63
9
64
19
53
30
19
16
3
15
34
87
81
68
5
2
33
60
6
40
76
96
61
79
8
21
40
50
67
28
63
71
67
90
79
28
50
98
52
66
71
73
21
90
68
60
42
31
61
4
12
93
29
58
25
6
54
7
39
81
49
19
1
72
45
90
53
76
48
56
92
78
12
9
83
81
60
42
16
57
47
27
98
22
20
72
93
7
36
1
42
45
40
33
35
49
73
42
82
38
9
65
75
89
36
87
99
39
48
59
49
1
2
25
54
38
35
8
42
38
43
70
52
5
90
48
86
21
80
89
51
64
72
13
87
65
78
23
62
6
95
13
72
45
8
23
28
52
2
31
95
64
99
98
48
51
42
100
36
71
97
65
48
32
58
63
28
73
72
61
89
55
38
63
4
79
27
69
77
8
50
19
24
89
92
42
77
88
43
81
38
19
83
62
41
62
64
25
61
89
53
60
71
56
74
98
22
58
91
89
6
63
60
43
90
59
27
93
56
84
50
85
93
56
27
93
58
60
26
32
46
32
21
20
63
11
17
43
40
85
6
45
28
48
30
28
63
80
76
64
58
71
5
9
63
40
56
33
36
52
65
82
11
69
27
69
83
25
48
4
7
60
21
37
6
76
49
52
20
29
36
72
39
94
22
93
5
66
18
27
94
41
35
98
83
92
54
10
93
34
5
56
90
42
43
83
18
87
94
30
88
85
45
17
72
43
55
23
61
22
53
38
20
71
38
14
11
99
25
85
57
7
86
42
19
68
45
96
78
31
40
37
54
84
52
93
95
38
22
17
95
