300
100
317
2397
2795
2905
1328
1641
2319
1910
218
2857
1501
939
1353
2391
2573
911
2559
1001
2593
176
1316
1560
2423
1645
2834
230
1620
1983
1810
115
2807
641
606
1874
2243
667
1141
2666
1060
2750
359
1769
1214
633
2288
2036
2019
995
993
231
585
2932
1240
2414
2535
1892
131
1153
2865
51
2237
480
21
2223
727
275
1870
1661
215
1345
995
1213
1867
80
353
895
284
260
638
579
2596
2899
2213
2239
2038
2737
1089
1019
45
1142
428
2123
2445
1990
2702
1217
1283
2058
1592
860
1525
308
2543
229
1713
1722
501
1979
382
2919
115
2741
2957
540
1574
1440
202
238
1720
489
15
128
605
2960
2752
1099
2549
1523
23
2286
2574
2212
2188
48
2264
59
2450
1141
80
79
701
779
29
2533
1139
1273
2709
2265
1833
592
868
534
634
846
1970
308
1693
2606
909
1224
2481
1666
863
1748
622
205
463
2013
1448
270
1254
1480
1668
544
2992
2332
2443
1702
1889
1654
548
407
2280
2216
878
2064
2896
1640
896
861
2866
1911
2428
1024
1533
1700
2358
2402
2216
58
1047
2516
115
1356
2702
1424
2582
1393
1028
43
429
2954
1003
2829
2287
114
1253
1287
2708
2134
2022
2817
118
956
2974
2685
2393
2708
1339
868
2231
1638
1983
1572
705
2424
1072
1428
2252
712
525
378
2921
1489
1683
2735
688
44
2283
2951
578
404
1133
167
1848
2796
2925
235
1976
1201
1060
1901
1221
2598
756
1178
2146
1826
2965
1261
2247
921
748
427
1787
272
522
1735
650
2218
2361
1436
2704
709
959
1320
496
1852
88
2620
952
2586
694
216
998
215
393
1277
2494
1313
