150
10
99
97
105
95
99
98
98
103
95
96
103
102
96
104
99
95
98
95
101
100
98
96
97
96
97
102
104
96
100
97
103
101
96
97
97
104
103
104
95
101
99
97
98
105
99
99
95
102
105
101
95
98
96
104
105
101
99
103
95
95
97
100
97
100
99
96
98
100
104
95
100
97
103
96
101
99
103
96
105
101
103
105
96
105
98
102
102
95
104
100
103
99
101
98
101
97
97
99
101
100
97
99
95
96
97
99
99
102
103
101
96
97
95
102
97
101
99
101
95
101
104
102
96
101
98
95
100
95
102
99
100
100
98
98
100
95
96
96
97
101
98
104
103
101
99
103
103
104
103
98
