270
90
92
148
107
98
102
100
120
159
131
119
116
148
94
120
117
172
135
99
112
149
100
138
96
153
126
147
99
136
98
124
103
141
109
101
167
169
156
150
163
177
149
149
136
140
170
170
151
128
104
146
123
160
124
177
105
155
105
169
95
106
122
93
121
148
178
151
152
108
176
95
170
163
115
152
152
123
124
104
101
172
158
113
133
179
175
151
155
149
173
92
120
148
162
165
105
101
90
171
102
102
131
158
148
118
158
99
163
111
165
97
127
153
118
111
100
101
164
99
99
167
107
116
133
128
178
125
136
107
140
134
164
119
142
96
118
103
98
154
162
92
114
93
95
124
174
153
172
133
98
162
150
160
145
124
163
156
98
177
93
117
148
100
147
148
91
159
118
179
123
170
117
100
166
166
150
172
103
143
102
144
147
128
164
93
127
149
171
155
95
131
141
166
163
111
105
119
155
107
120
93
162
135
93
176
151
149
155
96
103
146
94
121
137
104
112
101
124
107
171
157
164
93
151
101
178
155
150
113
132
143
117
117
173
139
178
144
121
106
100
170
163
137
139
115
113
118
122
90
143
179
174
154
175
107
173
134
97
109
121
172
98
159
160
94
134
120
117
103
152
169
