181
90
59
175
104
64
42
55
11
77
80
55
47
103
11
54
109
117
99
98
33
38
125
47
74
80
162
92
70
71
97
74
44
103
89
82
75
162
11
113
8
86
14
53
61
151
72
101
78
55
148
77
124
72
92
176
118
111
76
86
145
125
161
31
80
76
87
49
151
88
104
15
118
47
159
105
21
20
63
104
121
126
163
5
113
66
52
159
178
107
38
110
82
59
133
139
124
105
38
170
58
119
63
57
80
167
51
149
37
9
10
27
12
102
12
125
50
110
101
171
55
106
97
62
174
56
55
133
101
74
46
129
40
96
13
41
33
8
5
106
97
2
143
168
67
57
93
101
163
157
121
4
15
87
15
154
59
33
47
142
144
105
40
177
9
112
179
26
7
54
41
77
42
63
121
110
19
76
108
2
64
113
93
