210
70
374
149
528
14
917
129
272
874
511
1144
1089
1933
969
165
1370
1008
2067
1892
1079
1686
152
772
1091
508
1819
1341
1946
329
185
664
1929
938
119
1762
974
434
842
373
1091
40
706
1605
1098
1972
684
1807
361
291
1358
442
1033
2091
484
1592
1393
826
2065
1104
1128
1755
1176
754
2044
2068
800
1618
1308
611
1080
975
230
764
475
918
349
644
715
1054
1776
580
2029
237
1184
123
108
200
361
1588
884
1930
1983
312
213
820
576
344
1298
691
930
530
157
1964
761
750
439
384
550
1046
115
1933
1353
1369
27
509
971
2085
2037
704
1811
73
1251
246
1406
1722
15
1259
2076
1946
1596
1371
1156
1686
1675
592
152
1782
273
976
544
716
1009
650
2075
65
686
1962
480
660
287
1670
797
129
283
536
1565
1706
303
560
2054
1434
1703
1293
1424
1118
2048
1033
2055
1401
1507
1517
1865
677
1905
1787
1880
1136
1919
446
310
1903
1034
915
452
1700
961
1919
1961
92
7
306
528
1193
1173
31
191
1660
2052
7
1961
248
1370
693
473
891
11
52
378
1937
1404
330
