500
50
96
98
103
101
104
100
95
104
105
96
101
95
97
95
101
100
103
101
102
99
102
100
104
96
102
100
99
105
97
95
103
99
97
96
98
104
102
103
95
102
105
97
104
102
99
102
105
101
95
97
101
96
100
100
103
97
101
100
102
96
101
96
99
104
97
98
102
102
105
104
95
95
96
98
105
98
97
102
105
95
96
95
101
99
95
97
104
100
99
102
98
96
101
103
104
97
103
100
99
98
101
95
104
97
101
100
97
99
101
100
102
102
98
103
100
104
98
99
98
103
101
105
99
95
100
96
95
97
102
104
99
95
100
105
99
104
100
103
102
105
102
100
99
103
104
103
101
103
95
101
101
98
100
97
104
104
105
102
104
99
95
103
102
102
104
98
97
101
100
96
101
98
102
99
96
103
104
101
100
103
99
102
101
99
98
97
95
104
103
99
96
97
97
96
97
105
102
104
100
98
102
104
105
102
96
102
101
104
101
101
97
100
105
98
95
104
95
102
103
101
104
96
95
100
95
100
104
97
100
103
102
102
105
104
98
102
101
105
102
103
96
103
95
95
98
100
101
95
99
95
105
100
100
97
101
104
99
97
105
96
96
98
102
97
103
103
102
98
100
100
96
96
100
96
100
95
97
100
98
96
101
96
102
98
96
99
96
101
98
96
99
105
96
100
96
99
102
100
105
99
105
96
104
99
100
97
103
104
99
95
96
105
95
105
99
103
101
105
104
97
96
100
95
105
99
105
97
95
101
97
102
103
97
96
102
95
101
96
98
103
103
97
100
97
103
96
101
98
96
97
102
105
101
104
101
98
97
99
96
105
100
105
101
103
98
96
97
99
104
103
102
102
103
101
96
102
99
95
102
103
99
99
95
98
101
101
96
98
105
105
97
105
97
95
103
101
99
100
99
105
102
99
104
102
95
95
103
104
104
99
105
104
101
96
96
98
103
105
95
98
96
96
102
97
101
95
100
101
95
95
101
95
104
95
105
101
103
102
102
100
103
100
101
101
95
97
100
101
96
103
96
98
96
99
105
99
99
101
98
105
103
99
100
99
100
103
97
102
101
99
102
103
103
99
95
105
97
103
96
104
105
97
98
105
97
104
99
104
104
104
97
100
100
105
101
95
95
98
99
100
