400
80
3317
3962
3941
850
3918
3261
2649
1068
1221
3849
3982
3891
537
1184
3124
3342
2589
3267
2896
2834
1251
3338
2684
1125
2294
2969
1714
1662
1118
2071
178
358
102
3292
240
1677
2869
3165
3219
2498
3836
139
1141
3021
1913
1932
3952
3345
3237
1657
2702
186
2850
888
2729
3204
2541
2206
1006
3184
3899
1246
2554
3037
3411
2772
3319
1123
3653
2266
2986
2099
3568
3962
2274
147
3530
1126
3278
3230
1147
3354
3664
2444
144
2228
1048
327
3822
2908
3492
3642
4
3651
3175
2721
1505
2574
164
2924
1285
624
2176
2236
1385
2864
3132
1599
3851
1172
2039
304
1839
617
933
3490
3326
791
2242
1860
2695
370
3595
195
457
714
2314
1584
2088
2270
2402
2948
404
3807
279
8
1492
2976
2732
3953
2283
3786
1645
3987
1345
1517
215
2307
526
3133
3477
3842
2462
2916
1279
1160
3753
2174
2407
837
599
217
3580
3675
2889
2555
943
1527
1750
3842
1392
3391
1216
547
116
2295
635
1872
1018
3846
96
978
2798
2430
3204
771
1799
813
1837
3297
3358
3531
83
3693
1431
3716
3579
60
3277
3259
1380
1808
2158
1484
3926
252
351
3120
741
3365
834
2548
3789
2327
3339
1011
1571
2274
766
1114
480
1874
2567
3961
29
2939
2943
3840
148
2576
2094
1240
645
33
167
2217
1470
1854
271
2636
1383
809
236
1367
848
2712
520
301
2149
3129
3296
2441
2136
570
3231
2921
1957
3747
3885
3308
1706
1273
2058
2201
848
451
2498
203
2340
3885
530
2221
1960
3953
3758
3575
62
2273
2326
1805
25
3261
1890
96
2493
997
1197
1012
2071
3166
1971
3679
401
338
1320
1263
3221
3547
207
2148
2853
2132
1195
3401
274
3956
2559
313
895
3380
1054
1156
1668
643
137
1562
118
207
3840
2300
783
2943
3674
432
3862
2251
2347
1854
1127
2567
150
582
1295
2196
1893
2633
3503
1186
629
1431
2076
2903
3217
395
1213
627
2196
984
235
465
1
3557
1970
2132
485
3476
2617
210
1524
3316
3661
1219
2913
2561
1800
2924
1206
2207
1421
429
623
1897
3262
1875
714
3355
3977
982
793
3469
1059
515
731
1737
3120
3966
2692
2980
70
2387
1280
3165
3074
1875
2415
2606
1364
2826
1951
1296
