250
50
34
7
61
26
68
52
9
83
36
97
20
70
43
88
60
4
38
95
83
5
19
95
18
29
80
50
17
38
39
81
18
88
92
91
59
94
45
77
24
28
96
39
72
51
46
6
17
62
51
49
92
97
17
75
44
69
30
81
47
62
97
85
31
5
38
97
87
95
24
94
4
70
28
13
98
3
85
41
66
68
48
71
41
27
25
69
70
10
98
60
96
15
82
2
86
72
96
93
12
79
37
25
36
43
27
50
89
75
2
41
33
36
14
34
71
34
15
6
2
10
67
65
34
99
14
38
63
21
39
10
58
3
33
40
69
13
28
78
85
94
6
15
77
11
40
33
91
82
14
77
42
57
58
36
93
100
2
93
41
12
76
27
59
17
54
31
90
25
72
59
19
97
31
39
16
14
13
16
47
89
74
100
8
75
75
21
80
74
31
34
79
65
5
42
55
58
73
45
51
41
9
92
92
67
78
55
78
75
89
98
17
20
1
78
57
47
15
7
91
51
78
54
96
44
32
11
1
49
53
28
21
64
64
66
65
5
100
84
63
15
66
15
99
39
58
83
80
30
22
60
