300
20
44
64
75
51
42
82
51
91
32
68
62
47
8
84
22
26
86
14
19
55
15
86
67
82
9
42
36
71
90
75
38
44
57
53
38
19
62
51
30
44
58
54
30
75
98
43
57
63
83
2
71
14
49
42
13
98
89
20
31
34
55
67
65
32
88
39
51
39
44
9
57
59
51
88
6
99
90
11
86
37
91
75
78
32
73
32
50
59
79
81
30
59
48
1
4
18
93
50
49
55
90
40
22
66
19
56
61
53
44
3
92
82
25
72
65
49
18
89
93
49
69
12
100
68
75
77
98
21
76
18
97
67
94
73
17
13
1
97
7
71
65
25
23
50
41
78
95
81
48
92
46
41
20
73
54
19
72
56
12
36
51
26
53
99
52
61
7
56
72
72
25
77
55
46
47
53
7
100
22
28
25
74
5
48
39
99
75
72
83
23
57
49
18
72
2
58
96
65
91
43
97
7
17
32
24
54
74
93
81
83
29
39
56
11
80
38
90
32
80
2
31
76
26
4
45
77
94
62
54
12
30
81
49
16
96
46
64
57
65
30
49
26
91
28
37
85
30
61
61
29
61
39
93
21
86
61
28
14
35
67
61
19
70
21
95
7
76
28
65
28
1
3
86
50
22
27
96
55
34
74
68
15
97
94
67
56
67
83
31
46
66
10
39
55
78
48
27
66
34
74
