450
90
14
44
96
164
115
11
58
111
33
89
69
13
166
120
157
10
159
77
87
163
28
131
58
99
151
91
83
64
82
150
97
12
76
115
8
134
178
120
102
43
102
163
163
111
69
14
70
89
68
125
30
12
24
135
67
172
140
177
76
135
100
69
3
159
164
137
80
11
135
176
142
36
57
31
116
117
128
63
21
130
40
16
46
21
19
146
109
4
148
118
65
84
119
71
150
10
120
100
106
98
94
73
156
90
139
162
164
44
14
176
15
113
159
125
179
121
179
121
155
51
18
65
155
176
125
139
153
119
177
38
96
143
114
72
99
75
165
69
100
159
86
74
32
125
47
168
161
14
48
171
130
133
21
175
142
38
24
155
69
3
146
40
50
75
118
170
111
96
38
58
58
176
102
120
87
152
92
119
114
178
36
80
111
1
128
38
101
45
35
52
128
105
26
137
34
103
25
75
151
9
118
64
98
132
100
94
116
49
42
97
150
29
1
100
2
35
137
41
100
26
97
5
96
49
93
177
166
49
152
93
4
67
52
131
83
41
153
119
117
27
167
17
162
177
38
108
21
168
95
35
16
172
98
143
48
144
167
44
81
70
59
140
7
66
98
13
106
60
47
104
37
98
27
129
111
26
45
72
100
65
66
120
174
87
101
156
127
98
82
94
6
160
175
169
40
115
55
87
75
115
69
79
87
58
74
156
169
95
123
42
14
160
64
47
10
110
37
62
65
158
50
178
168
142
13
76
134
42
112
18
112
174
66
112
19
6
96
143
93
25
109
67
157
113
172
50
36
112
120
37
150
84
45
124
29
173
143
12
172
93
106
26
27
131
104
64
14
109
100
159
154
77
178
134
131
140
103
125
161
113
29
83
42
32
30
51
51
16
79
138
111
155
118
94
34
107
16
126
132
20
99
134
115
63
2
49
45
173
40
14
152
31
11
46
161
155
161
72
128
146
122
74
141
81
119
1
80
94
37
11
144
171
72
151
92
47
128
175
91
152
157
174
2
65
120
24
22
22
21
53
