200
20
53
2
38
82
89
4
99
71
82
20
77
64
51
9
27
11
12
91
91
95
30
31
29
31
63
21
44
48
62
22
19
52
52
49
39
26
31
60
2
42
90
83
2
32
24
96
13
50
7
84
100
100
51
70
42
82
31
12
2
38
55
70
48
94
95
50
25
78
69
29
19
4
22
9
35
74
100
43
84
94
64
8
4
84
98
96
7
77
5
67
70
21
19
20
55
56
62
96
32
32
83
18
26
85
35
11
15
7
34
53
46
30
20
26
3
59
32
32
73
29
81
22
65
37
26
63
35
5
61
33
30
25
2
58
86
98
26
32
26
53
64
64
66
83
10
15
95
78
52
83
76
25
11
5
3
49
88
15
38
30
20
14
4
56
53
46
41
13
32
42
13
59
3
76
96
44
61
56
43
90
47
4
58
23
15
7
29
26
1
72
98
48
83
4
1
25
9
92
8
67
