350
70
3110
1446
109
3020
2251
1018
215
1695
2211
2767
2343
309
1237
2585
838
210
1877
1825
1561
2621
3251
1381
3386
996
3212
2715
197
424
2166
3339
2826
2943
2466
1260
2024
2990
1823
2872
2756
2228
3443
87
458
2570
2370
2633
2408
1016
229
1242
634
1049
2005
3137
634
1462
3112
3195
2614
2214
439
2195
1134
136
3314
2692
979
2158
1199
1600
983
2769
787
3219
2730
1149
1117
3001
2999
630
1458
2579
1938
2580
1426
1830
104
1598
1748
1481
1750
580
3311
913
1224
1801
3038
1070
2035
2703
1331
2168
852
1777
79
378
2027
536
344
2997
26
2827
3286
210
1753
1370
1759
3325
1537
1379
2306
2383
3315
334
2254
3273
2101
1992
2578
915
1408
3202
2963
38
2462
3264
885
1420
43
3077
2274
3060
1173
2993
1691
2165
2498
818
2664
855
2222
2346
3315
167
2969
1674
348
546
2186
2250
3319
1992
3157
692
1977
3259
803
464
2703
1333
2778
3283
1909
1584
1754
842
3321
1942
1770
2366
404
2941
418
1785
78
1076
2162
278
2081
485
8
171
1287
1992
159
161
1683
2698
921
1991
2370
1943
774
796
3142
875
827
1011
3324
1518
3292
2696
526
129
1624
3137
3300
1446
2452
3295
562
96
2568
3112
3206
279
1051
1895
1404
2593
916
818
2248
3261
2855
1546
2503
3175
1951
3333
879
2620
3321
1573
2129
534
1922
2547
3291
1505
554
1545
956
1888
1065
3278
985
212
751
3068
970
110
642
1271
3
2246
1719
3285
617
2191
3081
608
2163
339
2051
2267
7
3010
3428
1112
3422
267
1148
1593
547
2645
2651
33
3361
1173
2250
977
2960
1016
2912
2212
2593
1814
2469
2990
2873
1364
147
3350
832
2031
1608
2609
2524
2666
2061
379
38
1052
206
1309
617
2411
1252
2387
1639
61
2652
173
2923
2688
934
2554
146
3484
600
287
885
2393
1087
612
2350
1393
1403
1581
1331
2215
2632
3126
1829
267
2686
1371
1077
1039
