1050
70
40
17
17
26
23
40
17
28
56
75
22
16
37
42
42
63
49
19
8
41
57
26
58
23
84
7
14
72
43
38
46
54
46
82
60
49
52
80
91
30
41
9
52
5
8
23
34
44
83
60
91
65
61
81
14
39
98
67
8
91
6
90
89
22
54
21
20
94
26
77
65
89
83
61
8
19
6
67
34
8
98
66
42
96
74
86
14
27
90
15
96
20
12
34
54
48
31
9
55
82
54
83
16
45
36
30
56
44
51
43
15
58
27
88
21
94
24
9
71
16
60
48
48
53
93
49
38
1
34
86
30
46
89
93
34
56
32
57
74
16
25
13
43
6
43
88
9
50
35
44
94
17
89
83
62
6
55
29
66
57
35
37
57
76
2
69
41
92
64
64
7
83
6
69
90
12
78
54
16
74
46
25
63
82
65
57
14
17
13
8
17
16
22
46
59
74
26
99
38
93
43
18
33
87
30
93
14
41
39
100
35
27
8
39
32
20
63
75
34
17
66
36
61
85
85
73
42
92
84
81
18
43
42
57
50
94
77
17
46
91
15
84
65
34
19
68
12
78
56
28
41
92
70
11
38
36
96
41
33
3
67
97
63
73
1
49
55
57
71
45
100
2
5
61
59
91
93
12
53
65
71
97
90
45
75
51
10
61
87
84
77
77
58
6
96
55
18
23
6
71
65
69
15
68
18
50
86
7
95
43
81
63
96
60
4
61
16
93
69
7
64
70
95
6
39
8
89
86
53
67
36
27
39
83
93
15
22
8
38
6
1
94
99
13
5
35
31
93
42
33
58
63
12
56
57
30
69
43
13
91
66
41
7
47
44
2
32
9
64
70
93
100
36
37
37
28
95
41
21
27
23
71
33
43
75
10
81
25
73
23
47
56
90
96
52
65
65
86
33
31
3
6
51
21
88
42
85
51
19
49
10
78
8
94
62
84
36
62
72
66
61
2
18
90
87
54
68
95
68
88
9
63
22
53
19
56
79
85
58
24
39
35
47
50
99
18
9
10
40
9
75
76
18
80
62
85
33
6
78
13
100
7
100
99
97
73
50
3
55
87
75
49
15
75
74
66
95
61
46
31
48
58
71
90
27
10
4
39
93
97
38
40
61
1
78
68
49
55
71
23
62
61
65
63
76
93
64
95
93
83
62
70
79
67
94
68
80
20
51
88
12
36
56
32
73
93
77
97
55
76
30
52
45
31
57
27
41
25
88
81
11
76
23
6
87
95
21
8
9
100
73
81
87
23
17
37
83
54
16
11
65
90
2
66
9
9
87
75
50
39
43
1
32
32
12
92
63
75
90
17
41
93
98
29
38
93
64
12
73
24
69
25
61
65
31
1
50
34
61
95
71
77
68
52
30
50
50
35
50
77
55
23
37
83
42
28
99
56
12
55
16
88
75
90
79
7
96
1
12
20
1
16
97
38
12
78
2
71
24
15
73
32
29
70
30
64
30
24
76
43
34
14
10
17
76
60
13
1
100
12
34
29
5
90
29
20
68
18
15
72
68
16
86
81
74
70
33
28
60
12
55
27
31
45
15
14
34
89
31
73
60
16
16
77
4
76
14
3
36
29
5
59
42
76
11
90
26
58
35
83
39
81
47
56
3
77
79
49
90
12
36
98
84
2
70
42
6
63
30
58
51
4
16
24
59
40
11
68
16
7
18
56
60
96
25
27
99
31
54
15
32
3
91
82
90
91
17
31
22
5
45
34
70
17
14
92
66
68
9
58
20
4
81
19
76
12
30
44
98
3
88
9
11
98
71
5
73
85
93
93
47
80
85
100
81
62
85
75
81
60
100
25
60
89
97
75
78
86
11
23
1
49
77
32
35
24
94
59
21
39
12
98
56
62
33
96
85
89
94
22
41
63
34
60
91
46
71
55
16
97
24
93
33
30
50
93
57
71
19
56
1
86
39
41
72
76
60
63
39
85
52
21
6
62
48
32
19
61
53
86
27
64
44
58
10
99
3
25
88
59
18
97
83
48
45
55
38
4
27
21
95
92
87
2
58
66
37
51
99
70
97
13
17
13
12
83
52
100
96
48
77
76
98
67
95
61
21
50
89
47
99
32
67
65
5
93
68
64
49
28
1
77
88
35
98
87
50
20
36
89
40
86
3
81
85
20
57
35
54
24
7
38
46
3
72
86
53
23
86
46
93
66
50
16
90
36
12
28
71
83
33
99
25
70
1
63
90
13
14
47
43
42
40
72
96
26
7
85
19
78
45
36
3
34
52
21
21
9
85
98
55
10
50
30
67
43
1
30
38
67
50
97
5
32
35
87
66
85
23
25
80
5
64
55
49
32
33
74
39
84
49
47
44
39
9
43
46
3
69
95
5
54
40
2
59
84
75
72
49
94
