150
10
287
450
1349
610
374
682
142
221
822
15
944
992
1385
584
228
1213
1266
1308
811
713
100
405
661
1148
881
857
13
1421
383
161
760
910
657
762
862
565
378
1376
1367
953
389
673
952
37
1451
1279
1361
572
380
514
1260
891
470
790
1006
3
990
212
483
1302
398
1382
1131
136
1177
802
598
841
1048
446
811
399
442
1375
167
283
1003
22
1268
1232
282
1099
851
1159
467
1077
1348
746
552
286
802
928
290
995
1271
1029
797
1042
865
1152
1351
1233
738
1444
830
1077
1214
657
870
13
344
28
282
403
1465
571
771
200
1475
382
1076
540
463
1185
911
1280
89
708
702
1191
1354
91
852
593
384
246
325
214
1490
722
1199
925
1178
752
943
161
771
462
1480
89
