500
100
84
198
155
192
104
198
179
166
85
157
193
82
2
197
116
23
92
151
55
150
74
54
175
199
166
129
69
6
33
152
167
93
161
193
152
160
50
140
84
176
27
4
132
73
174
17
14
67
75
154
30
133
35
88
160
132
10
120
175
127
150
1
41
148
83
29
100
184
97
109
153
40
158
10
195
108
128
28
113
122
130
180
188
158
99
43
199
32
92
3
41
197
135
122
126
125
18
154
2
149
96
133
174
49
111
38
199
166
125
44
156
196
30
151
166
10
52
190
38
154
79
16
137
85
181
131
107
182
128
79
126
5
18
144
42
35
92
28
127
192
86
178
95
154
156
193
111
80
48
11
132
137
69
198
187
40
16
132
23
21
99
177
44
62
28
29
133
53
150
188
20
44
134
50
85
25
166
159
99
175
156
187
1
178
110
124
83
61
59
93
27
126
12
192
166
123
36
56
101
179
6
67
158
92
159
191
198
118
109
192
100
185
68
173
150
162
131
41
59
196
145
38
176
77
177
142
34
105
199
52
69
44
95
159
149
50
37
40
150
159
94
16
147
112
130
21
143
65
63
167
166
101
189
164
80
168
9
24
126
103
122
52
1
71
187
115
120
11
161
66
157
21
163
23
102
23
165
162
54
15
194
119
116
8
112
25
91
80
199
89
80
74
178
150
92
114
101
73
11
135
73
22
144
65
145
165
155
141
52
38
196
78
27
97
93
79
34
13
18
56
161
72
96
9
91
191
2
131
165
33
148
70
136
149
72
158
120
116
185
25
144
88
59
9
108
152
43
103
9
63
76
168
173
96
52
158
145
148
148
13
90
73
115
12
136
172
148
177
55
183
126
177
47
194
171
191
43
14
51
130
117
112
140
13
97
73
152
27
174
133
138
129
198
83
47
32
60
171
146
65
47
111
21
89
22
143
56
108
39
113
111
4
67
110
86
13
15
32
177
71
178
91
191
43
39
189
107
143
44
89
35
118
119
22
42
121
156
98
136
56
42
144
64
67
75
127
143
71
5
86
171
32
7
5
159
77
165
38
189
77
121
161
88
116
179
179
104
59
45
117
133
165
68
166
154
63
123
104
71
117
101
16
84
193
165
167
154
168
106
55
188
19
131
92
69
15
32
3
193
76
