400
80
102
100
103
101
98
103
100
104
99
102
101
102
99
102
96
101
101
102
95
95
96
102
104
95
102
103
102
101
104
96
105
105
104
103
101
105
98
100
104
103
101
97
104
103
95
105
96
103
96
95
103
102
103
101
103
95
97
98
104
95
101
99
104
100
100
97
95
102
103
103
95
97
104
98
105
95
101
99
98
101
96
95
102
103
101
105
97
102
100
101
99
99
103
95
95
96
104
104
96
97
102
99
99
102
98
98
95
100
104
103
102
96
100
105
103
103
105
100
101
96
104
95
104
104
105
96
96
99
102
103
100
97
103
97
105
97
95
100
96
100
95
100
105
99
105
95
98
98
104
98
102
100
100
99
99
103
99
104
100
98
104
103
102
101
105
97
95
95
97
103
96
104
95
98
98
98
104
101
104
96
99
100
95
97
98
95
99
102
98
104
96
95
100
96
98
96
95
98
98
98
97
99
105
99
98
95
96
104
104
99
104
105
102
103
104
101
97
95
105
99
102
98
96
103
105
102
101
100
99
98
104
99
97
97
103
101
99
102
104
96
95
101
103
96
100
101
104
98
98
101
103
105
101
95
101
95
95
97
97
103
105
97
104
96
100
102
97
99
98
103
102
97
99
96
104
103
99
105
95
105
98
104
103
103
99
101
100
104
104
99
96
105
103
96
105
100
102
100
102
101
99
102
102
105
99
98
98
105
95
105
99
97
102
103
99
99
105
99
99
96
95
101
105
99
101
99
99
105
103
98
99
99
95
99
102
99
95
105
100
98
96
100
103
99
105
105
105
96
104
100
104
95
102
101
102
100
95
97
104
97
99
98
101
98
99
99
99
98
99
99
99
98
96
102
96
98
96
103
103
103
101
100
104
97
102
98
102
95
103
97
95
105
100
104
100
105
97
99
95
99
