300
20
38
23
38
33
24
30
21
37
32
36
24
30
37
27
34
34
37
20
36
30
39
37
34
39
21
25
28
31
27
39
33
33
39
20
22
34
21
34
22
32
28
21
38
32
33
37
33
29
30
24
37
37
22
25
37
38
25
26
28
35
36
24
23
22
21
26
26
38
21
24
24
24
34
28
22
22
33
23
23
21
34
25
24
26
25
32
20
29
28
24
32
39
36
35
38
23
30
22
28
22
25
20
38
22
37
31
28
22
26
24
39
30
34
21
21
24
30
24
24
29
27
37
38
24
28
29
29
27
26
34
24
33
26
27
23
33
39
24
34
28
27
31
23
25
39
31
23
29
38
31
27
20
31
24
36
36
33
34
38
28
26
22
26
26
31
20
23
21
21
37
20
26
34
28
27
39
34
26
34
38
34
25
23
33
38
26
39
32
28
36
23
36
38
25
23
25
35
22
31
33
34
27
29
39
37
20
21
35
36
33
32
31
27
34
25
39
39
30
39
39
20
20
37
25
34
30
39
32
22
32
22
29
29
29
38
35
38
28
22
22
36
28
24
37
32
24
25
32
32
39
31
36
38
20
36
39
38
22
35
26
27
25
33
24
31
31
39
30
24
26
32
22
22
29
36
36
31
23
37
26
38
33
37
28
28
22
34
27
31
23
22
20
23
28
26
35
28
28
37
27
