240
80
96
124
149
10
159
92
153
109
109
131
41
101
123
157
136
137
158
159
131
21
154
146
32
114
105
13
86
143
97
141
33
15
119
92
112
104
25
80
81
131
55
71
17
113
77
60
28
54
57
25
17
114
60
102
50
150
154
7
35
122
138
137
52
90
144
84
105
134
149
153
96
136
138
12
72
25
83
85
116
97
12
25
21
124
30
11
74
19
73
148
48
107
146
155
101
142
42
31
46
137
91
143
116
3
96
128
74
122
86
150
20
32
21
101
103
82
156
150
2
48
130
90
58
5
111
35
112
27
85
159
3
72
54
48
1
113
85
117
43
101
142
42
110
29
147
63
110
99
147
112
65
114
29
158
45
99
118
40
74
60
54
63
138
56
94
85
85
48
147
98
90
35
147
101
72
2
111
28
120
120
103
60
110
113
51
137
127
45
138
97
19
15
52
63
139
75
63
37
137
123
77
45
146
151
74
134
152
50
64
153
56
35
106
45
30
39
106
53
51
31
48
151
157
93
76
151
36
54
52
88
56
66
52
94
122
46
62
80
36
64
