161
80
859
789
1450
516
1342
572
1598
14
623
362
56
931
328
1010
187
1046
892
1084
859
551
982
1236
88
1405
1414
930
264
833
1138
830
1371
1276
330
971
1370
1465
1112
547
328
657
1035
1502
342
431
1567
894
572
268
301
723
1249
11
1563
355
1121
900
692
619
705
420
1530
513
927
757
246
895
1165
1146
670
538
1214
367
674
1502
359
1527
1423
492
1319
1036
199
315
751
1012
1325
279
1078
897
1325
162
1499
260
593
273
724
1362
261
616
1300
1064
1190
488
1146
1281
1204
1557
461
837
302
370
409
688
862
1327
862
914
1301
857
560
1604
136
1049
871
659
1036
1212
1409
608
1
1327
73
950
214
648
1174
694
380
258
624
805
1017
383
1470
188
1546
1533
1461
489
148
1346
569
832
1133
977
1034
52
309
1442
645
244
836
