600
40
1090
3891
1932
3341
4420
3725
4351
2597
2667
5201
5374
4649
3228
120
1166
1305
4275
2150
4554
4353
1
2977
2290
4061
2906
341
2430
426
3538
1519
4665
4252
3007
610
707
3874
5537
3724
1940
1026
2945
4876
2209
4293
5887
1009
420
2438
1204
4382
2701
5015
942
3587
54
1449
4783
4200
4483
5833
3798
5623
22
2032
2241
2769
2511
4181
5196
159
1744
5471
1851
3919
3914
5208
4220
5424
785
1970
4926
2398
2510
4126
2392
1388
2311
4382
1551
2418
5223
168
4842
5090
5047
4855
5201
1133
9
4821
1701
830
4293
43
3240
5894
4737
3346
5340
5152
3757
5985
3453
1207
433
5059
2660
504
366
1773
4794
4610
1147
917
1233
1852
4575
2193
1922
5051
146
4588
3117
1727
3761
4349
3491
5026
3084
5917
4538
2685
5388
4155
1186
3279
2919
4393
187
2222
3974
2607
4245
1797
2453
2190
1478
1025
3665
153
1152
5531
4195
1874
2283
1892
3623
4031
5370
734
5855
569
2446
3372
579
395
2837
293
4412
382
4342
2793
1271
89
4509
561
1646
952
1461
3887
1447
4381
71
2047
600
3827
721
5450
3146
665
954
3810
3015
5049
3936
5261
3256
5458
4661
2197
298
5980
2304
42
4913
1982
1938
5839
2004
5458
3873
5515
4577
5872
5172
440
5136
3968
5221
5749
1448
5112
2460
2894
4264
2600
4534
3548
4222
3862
5105
4512
4155
3116
5899
829
5269
2641
2077
5353
4059
4144
1686
1770
5663
2149
2389
1033
1366
2707
711
1462
1703
1651
742
3386
2355
4075
1486
5637
3855
5374
1390
2924
4168
2869
2912
2184
1085
4918
3367
2384
1301
1330
5243
5532
1988
2845
2816
5335
5460
2375
1022
1611
246
2974
1658
3742
5924
4471
1674
4033
4735
4520
4020
4682
4758
2686
1118
399
2550
276
1266
5135
1053
2178
31
4170
4176
1017
22
2608
1753
2516
3641
3142
2802
5532
1529
5638
4195
3871
1588
5503
523
4778
3043
5589
5046
4077
2743
1288
407
2869
1100
2804
485
4450
255
1547
4152
4397
2646
2025
4908
5962
2858
2844
5676
3549
972
5048
443
1327
2963
2618
5057
5225
3246
1432
5064
1133
4573
8
4233
269
4889
793
3872
5718
4510
4885
1302
5441
5897
5313
214
4831
2429
2083
2464
1543
2587
2747
5815
4795
4569
4287
2192
5454
161
2266
2791
1688
5966
5282
5951
5520
1496
1801
5553
2854
2672
830
2388
4420
5601
4311
1783
4486
5169
3755
1985
4744
5712
3853
2902
2062
2427
4879
3999
1537
2184
4291
4663
5237
655
2640
344
147
4020
4084
1195
5737
3259
3371
5509
869
5555
5910
2199
784
4410
351
2111
674
4825
482
491
5658
639
2854
1017
4908
3163
5290
50
1670
2977
5518
2434
2168
893
2502
4345
2218
3530
3120
5170
4039
4066
2502
3521
1862
4054
5235
4233
1551
138
5308
3222
976
2056
1968
5224
5728
804
4365
280
1182
5872
4965
4630
1879
4768
2254
4910
1643
643
4163
2305
4244
2833
4239
5855
5164
5325
1891
3448
5532
4868
3012
3077
2936
1009
4560
5876
4015
4555
3516
2131
704
3083
3289
4167
1189
3509
1194
4708
2039
3788
1633
1407
4268
1229
988
896
2774
2412
4997
569
3617
3196
5932
3532
4822
3954
4819
5004
4332
5709
5106
2787
5328
1969
3653
4557
2794
4496
2327
3016
4802
4418
2037
224
413
289
3572
1719
4112
3292
3870
673
2682
2865
31
2092
4374
5301
1045
1997
3588
335
1846
137
2293
24
2828
1257
5556
