270
90
65
2
96
38
3
55
26
11
55
75
43
82
36
61
61
1
81
55
54
39
59
27
35
77
40
70
94
45
13
53
28
64
68
58
58
23
60
19
90
8
24
12
45
42
28
16
13
24
10
49
16
33
86
29
68
15
83
11
84
90
86
87
32
96
57
15
21
96
61
80
76
3
4
12
15
6
34
5
22
16
90
44
73
25
48
33
54
32
99
43
17
10
27
27
93
40
60
37
38
46
38
42
40
91
43
60
23
61
68
93
25
55
92
8
46
70
67
26
76
8
7
71
75
47
79
75
76
90
53
44
52
30
50
82
11
8
57
32
91
58
90
14
81
2
88
87
63
3
5
48
23
14
95
93
31
90
24
52
57
64
25
36
40
8
10
15
82
46
69
71
71
41
77
9
25
16
12
9
56
17
60
56
98
19
38
57
22
93
10
56
41
14
37
62
79
82
95
19
1
20
59
65
35
35
10
81
10
44
60
90
5
51
46
26
1
91
9
31
16
48
79
76
45
84
28
40
26
44
66
76
85
49
41
28
83
6
69
19
53
50
42
66
66
11
19
89
98
5
56
45
81
78
68
27
60
86
17
81
53
78
83
29
17
20
70
17
96
40
3
85
