1200
80
296
8793
7353
2437
10401
4603
2523
3678
5351
3356
4742
4832
6671
954
3926
11886
10521
10155
9282
11716
6506
4841
8229
4204
8707
241
8802
3705
4436
682
11417
3732
1697
2667
2132
8598
4434
6340
9270
8676
4758
2517
8681
5656
9137
7500
10469
3530
1
2268
9490
1448
5196
8952
10035
7754
8200
8679
1185
10185
6252
1736
9110
5226
4319
5024
4568
8026
2227
2089
1569
5096
10549
7621
7131
9356
4419
11612
11344
4682
2733
9220
2260
9827
10663
720
282
3633
10489
8904
429
11063
9506
826
2383
6712
5654
1351
4911
3141
9702
11775
4083
11729
8277
818
3787
161
4008
11905
10629
10419
2202
1991
11462
4492
10207
6744
5880
11461
7234
5824
4733
10700
6221
1179
1032
5593
9295
1054
1773
8972
2151
6571
10783
11139
3798
1276
10261
3675
537
7620
7618
791
7027
3540
8170
7940
5338
5576
4194
3626
5875
10705
6138
364
8649
3618
3471
433
126
6440
2649
7811
8312
2285
6540
464
2167
10842
1864
6173
11606
7638
9226
9490
1706
367
11001
8804
11773
1858
8779
10778
1541
5968
1715
1631
8265
7651
8657
252
1083
11072
10440
832
7346
7019
1803
7099
10573
4500
9368
8045
4390
8753
11560
4354
11895
1302
10194
4607
5880
3556
8576
6352
2301
5903
1898
3384
8050
5119
1690
4713
5569
94
8937
9166
11345
2878
10152
708
9455
861
9434
826
9774
1073
9929
8672
5286
10703
6778
6026
2954
8159
927
4186
2110
3745
2692
3455
5916
8475
504
3866
646
3566
4242
7091
5579
121
5212
8758
10297
8680
7429
9791
1024
7901
8457
6228
4373
10835
9758
7432
5200
3838
5442
8619
10895
1849
6089
8823
2679
10528
9638
10535
5453
5803
4544
5573
6836
10495
451
11850
386
6449
6696
4781
7390
11813
8958
10589
3259
1713
7953
2584
10657
6092
5838
1902
6027
4364
8850
5527
6297
8323
2851
8956
9403
8371
4904
6957
1363
5048
10964
3279
11741
8935
4141
4346
7925
7054
1666
5697
10703
7639
1765
11567
8496
11616
1923
9939
6474
8073
11490
6546
10163
8347
3774
5235
3092
6280
3318
776
10949
5628
4685
2169
602
5749
4140
255
10852
4639
3814
1246
10497
4570
6484
9273
2803
7790
3513
11299
66
5710
1472
5874
4619
7532
2710
2926
1003
5764
7052
9979
8220
10997
7373
8654
7950
862
5143
7699
9790
4393
8266
7941
11883
6920
1917
7198
5232
6532
10513
4184
1261
982
6806
11736
7932
8885
11978
11419
4306
9884
9089
3493
9342
6606
4198
3332
9669
5652
7083
1375
4031
4131
8781
10274
7026
11892
2821
11167
6031
4813
4033
11758
3436
10868
816
10506
8492
10209
10902
10617
5709
5912
8297
10161
5386
4136
10731
6090
10215
3785
1039
7392
1752
1317
3070
239
5250
4453
8082
5637
3007
2865
6482
8039
11827
8251
4268
7458
6696
7200
4606
4859
11790
6617
8612
2626
6886
6512
6725
1188
8861
2928
6599
10848
11070
11655
5535
2421
9796
2051
5011
8448
10444
8619
7560
10350
7096
7077
6859
7709
5504
5189
1510
10468
2232
3527
2450
7594
7332
11655
9709
3928
8106
3355
5089
8819
10368
4962
4785
1579
1812
10030
9591
6292
1943
11592
3335
7307
943
5983
10123
977
1703
8793
608
1905
1692
1795
3832
7199
5010
4790
4013
1206
8956
2939
2394
1115
8610
5771
3721
7618
10189
11742
6806
4916
4801
338
9854
7661
9024
3315
1467
6786
9182
267
4530
6365
33
11266
2025
6931
11120
5064
3603
6735
1886
5856
2890
10444
8100
2618
3535
6824
9303
9364
4839
670
3810
1657
1160
5338
4136
2853
10284
964
4630
2926
6091
8080
83
7615
4143
6909
5884
6401
7622
3118
8885
2366
11875
1442
9309
4780
6847
11258
1561
3491
5539
11181
11079
10266
5229
8781
777
8011
10427
10878
2168
7728
5901
1630
7006
4598
2727
8208
7758
2468
9174
10754
3644
776
10884
9389
11240
1505
7173
1459
1338
7647
11721
10872
8163
7058
8501
8586
1221
3054
6525
6775
49
6799
11046
7644
2210
5656
10124
9903
4063
11136
6392
9943
11913
6650
10267
4540
1341
3521
11638
10984
8555
9268
7018
6274
832
4893
11404
9280
9755
6142
4681
6609
2748
3115
3132
8278
10991
8016
1867
2112
8395
9483
9901
6384
2972
5555
4341
2514
5486
7905
8019
7528
4058
7607
7092
8082
7096
2623
8121
8657
10497
2858
6006
11752
11452
11182
6862
8823
4354
1302
4339
11462
924
116
2191
4872
3621
5833
8809
9971
10549
512
11585
6719
478
6886
5681
2475
8268
669
7585
3931
8603
3911
495
1281
11723
5753
9063
3205
7521
1619
2315
462
2152
6558
5332
1556
1436
7632
10444
8299
10710
11595
739
6634
9946
1143
6101
484
4220
3726
9
9222
3921
5028
7560
2249
7662
2385
9589
10124
6903
4579
3317
7267
8338
2364
6862
4626
1522
5184
1821
8322
442
8900
10829
1034
11155
8863
3504
1057
11762
11502
5112
10653
9004
6785
3638
9946
6918
3145
10169
11646
1278
1267
11004
9204
2011
5464
4040
3865
11283
6571
2705
1965
5263
6209
4600
4937
3461
3776
3639
8349
8191
11540
5935
4011
4513
2509
916
931
2701
2817
9221
11717
8755
11545
8703
6767
10421
7978
1606
769
11570
11304
4848
10399
1938
198
8015
9310
5137
10660
7411
3151
6399
7380
5266
5462
5533
1805
6421
10651
5945
10042
3911
328
3496
4640
2361
2054
4767
889
3752
8352
10363
6299
4127
251
11555
4229
1731
10894
7473
3050
3391
11464
1705
10084
3623
248
4458
11118
8934
4838
6027
4098
2812
9284
8270
807
2437
1317
5990
2382
10938
6388
6638
11094
8231
4589
7830
4396
7798
6932
3914
11878
336
3535
2629
9183
2915
1351
9564
4056
11983
7216
7488
3659
6605
5319
8318
7166
11773
7052
2217
10764
5674
6958
6374
9258
11347
1731
8045
8090
6878
4317
1663
3118
2136
6502
3858
9419
4513
5238
3264
5277
6340
6756
10258
7729
7070
4266
5171
5830
9998
4196
4313
1808
274
537
9989
7138
480
2877
8307
6626
2521
7294
11135
10212
4059
9330
1813
1908
9989
737
4314
2457
5732
6412
9065
5694
7272
3339
4862
4585
7518
11402
3081
7165
2840
5693
4857
6574
2315
144
10804
327
5743
3754
3100
4829
3735
11927
7998
7047
9497
1327
11845
8506
894
10231
9339
2372
5856
6368
1665
4564
1364
6547
8363
6832
11349
5136
8216
4784
6326
10736
8730
7851
6180
4677
2775
2517
10076
11989
7024
6774
645
11437
1933
10897
6631
11210
9854
2178
6805
10068
647
4303
3159
2916
2585
920
7856
8887
2342
7837
642
4840
10015
2103
6504
1996
5708
2154
2614
3680
437
3743
3697
6406
9031
1328
2083
9450
11931
2903
706
959
10910
10085
5610
6387
8635
5285
3984
9470
11118
11319
4413
6808
4133
2993
1321
5642
567
7524
6153
8335
3671
2582
5480
11060
4613
3627
6137
11619
8238
7038
10071
6321
9769
10386
6787
10796
7819
9090
8237
3388
3625
9304
8732
809
2744
2286
9005
1738
7575
7909
8959
4597
8026
708
6219
4671
5154
7261
6685
11727
10867
10693
10378
4267
2433
6801
5397
4162
11231
1507
5610
10087
2416
4105
3300
2897
4299
8038
10033
3863
