1000
100
164
195
198
180
156
122
181
103
105
103
115
191
114
141
154
192
153
139
119
190
124
109
154
154
194
108
154
177
107
136
164
103
176
148
194
121
181
118
168
186
134
191
111
184
120
160
156
116
103
158
190
133
185
123
116
146
193
155
137
194
100
147
125
140
119
196
113
132
166
114
118
113
169
124
152
113
172
174
133
180
126
105
108
143
153
192
175
103
172
112
169
101
173
111
176
109
123
186
113
156
162
157
146
127
192
109
115
137
149
157
174
167
165
126
121
140
101
129
112
110
124
118
124
125
149
149
135
100
134
131
194
151
181
112
121
121
183
177
139
192
131
176
170
196
106
168
115
174
116
128
108
104
184
190
181
127
105
116
183
185
157
168
126
136
132
193
142
139
114
178
125
140
101
184
163
105
177
101
130
130
143
124
154
131
170
124
169
129
141
156
182
101
162
122
122
194
177
139
114
198
181
152
102
125
193
191
143
109
149
123
134
143
144
127
120
128
113
137
105
163
166
133
109
180
170
123
169
129
118
178
167
161
119
179
191
176
187
116
132
197
107
189
155
188
113
121
126
142
144
139
143
152
102
171
103
175
157
144
103
102
101
162
139
180
141
135
122
112
125
172
174
191
188
185
182
113
199
145
188
147
138
187
166
120
154
122
131
187
169
161
165
161
152
121
189
188
157
191
131
110
165
110
118
177
174
107
108
139
128
151
101
118
153
119
157
146
197
157
178
160
183
192
109
108
142
116
169
115
105
175
175
195
177
152
196
102
119
167
143
104
147
122
177
136
193
130
135
148
186
139
170
197
129
130
121
157
117
105
148
198
156
175
191
165
191
187
121
156
143
142
188
137
156
172
173
111
109
144
184
121
172
188
109
187
173
186
103
199
150
191
135
190
191
160
135
132
172
148
181
108
176
102
177
106
131
130
115
143
187
110
181
100
126
177
132
167
121
129
175
111
170
171
182
147
103
142
107
145
129
139
160
159
162
100
118
198
167
148
175
187
120
198
169
138
124
124
172
196
105
156
168
106
153
111
173
112
159
158
110
146
186
115
193
108
130
186
153
176
147
106
198
107
122
125
181
133
156
152
137
112
123
197
190
193
172
174
197
119
169
107
139
176
104
107
115
117
183
182
134
194
132
169
120
104
117
163
187
163
197
159
104
105
177
198
135
138
104
150
185
149
181
156
144
173
111
189
180
186
157
129
150
136
101
118
165
134
138
111
177
123
196
187
184
133
173
141
189
194
137
154
198
145
182
112
132
102
131
138
189
148
186
158
145
126
195
130
192
132
138
109
182
167
104
153
197
162
194
140
189
196
129
153
140
173
188
129
184
101
126
179
195
103
153
198
152
194
117
194
116
157
170
102
125
128
176
166
160
166
197
173
106
120
130
141
155
161
172
185
144
151
166
105
150
168
128
191
191
135
136
170
182
112
125
118
121
191
187
165
182
193
154
168
117
147
128
169
151
144
111
116
139
170
155
123
188
192
135
121
141
195
130
145
193
172
120
140
135
132
130
177
154
191
176
198
183
133
102
199
169
188
169
122
182
104
193
181
134
144
145
113
140
194
100
151
178
148
130
115
182
135
199
139
183
102
170
148
148
124
114
110
135
133
137
189
166
137
169
187
169
154
124
106
132
194
176
168
125
111
179
136
154
112
105
118
173
144
160
178
194
134
118
158
129
103
167
169
199
165
105
135
146
136
176
156
194
192
139
167
157
157
190
103
186
104
172
187
137
116
178
119
139
155
103
137
169
179
143
143
198
145
119
126
111
106
178
126
123
126
181
163
176
128
123
176
182
199
199
105
139
156
165
181
175
162
117
171
104
129
108
154
128
139
160
141
168
183
128
117
177
118
195
168
159
136
102
145
134
129
114
185
172
129
166
168
121
146
135
171
107
149
109
165
111
102
145
171
144
173
136
142
168
137
147
113
161
160
119
167
163
139
168
149
170
114
163
123
196
135
138
103
158
176
131
128
197
118
149
166
126
139
103
192
165
194
133
145
107
110
199
119
130
122
120
147
166
171
111
103
136
186
113
169
124
122
132
180
133
161
126
161
108
147
199
140
164
137
160
131
134
133
175
199
121
168
104
124
157
194
167
152
132
103
164
126
149
150
182
187
199
178
133
184
132
119
112
167
167
148
166
162
114
123
187
171
137
156
183
158
142
104
160
125
124
141
115
102
130
175
199
142
199
111
102
169
169
179
149
139
113
103
164
118
117
195
121
115
108
189
107
115
102
190
113
194
196
146
180
146
103
179
