250
50
10
8
8
2
7
10
9
2
1
5
7
2
3
6
9
2
1
9
9
6
9
1
10
6
1
8
5
10
4
3
7
6
1
2
10
2
1
3
2
7
6
3
9
10
1
8
9
7
9
7
8
2
5
7
2
9
2
3
2
4
10
1
7
5
5
2
5
6
2
4
6
10
10
4
6
9
8
5
9
7
7
3
7
6
7
1
6
8
2
1
3
10
9
10
4
8
2
4
1
9
10
3
6
6
2
3
5
8
8
9
8
6
2
1
7
9
1
4
2
7
1
2
3
2
3
6
10
5
8
4
5
2
2
5
6
4
9
8
1
7
3
9
5
2
10
5
5
6
3
10
2
1
2
7
5
9
7
2
3
4
10
9
9
6
10
8
7
10
4
2
7
6
5
3
9
5
9
5
10
5
7
1
7
7
3
7
8
5
2
1
5
8
8
5
8
10
7
5
2
9
10
8
10
10
3
3
8
8
2
7
4
7
1
9
10
1
5
5
1
3
2
3
9
9
10
9
6
3
6
8
6
2
7
5
2
2
2
6
3
4
10
1
7
8
7
6
3
1
3
2
