450
90
106
178
124
141
156
179
156
144
127
171
107
151
153
122
144
143
130
134
141
152
114
145
106
111
125
95
167
91
148
137
102
143
96
172
153
152
154
142
105
147
163
127
121
179
154
132
91
175
100
177
137
152
178
154
95
141
101
139
131
161
133
123
149
150
111
99
110
117
156
94
118
99
134
136
104
112
139
174
175
141
129
113
99
134
177
145
93
153
161
174
109
107
115
102
130
103
106
113
130
161
91
109
167
170
162
108
149
122
130
91
102
103
130
91
156
151
124
132
134
178
129
155
136
130
165
137
131
138
175
91
90
108
111
155
151
101
130
107
143
173
119
104
160
127
178
146
157
121
120
156
131
122
124
176
123
120
114
150
111
164
177
150
110
164
99
113
165
123
113
154
176
133
137
118
118
90
172
129
143
144
167
114
154
146
94
174
128
173
155
129
123
96
103
176
148
149
128
110
147
134
170
117
100
163
179
164
133
107
148
151
165
147
97
169
114
110
113
137
156
107
176
159
136
162
151
125
152
164
151
131
91
169
149
102
168
96
123
143
138
135
177
144
128
147
174
120
165
146
164
132
137
128
155
119
160
112
96
90
126
166
171
114
131
164
112
92
118
168
122
102
104
96
178
157
164
101
93
173
175
115
148
170
104
163
170
171
119
170
115
163
141
93
95
100
133
103
160
158
118
97
159
117
153
138
168
170
127
92
175
153
146
170
170
121
151
93
119
98
118
154
169
150
169
153
92
101
143
146
161
163
177
170
123
142
130
119
146
142
165
157
145
166
175
121
92
157
119
147
145
111
114
132
137
124
120
171
152
123
107
141
150
121
154
164
131
155
133
124
100
155
151
176
90
117
110
149
115
138
174
155
101
127
151
144
172
122
120
175
114
113
164
93
107
97
103
135
132
115
177
120
121
155
168
151
163
122
146
132
120
149
127
149
140
119
136
146
91
122
107
143
119
143
92
96
112
176
178
157
151
117
99
91
142
167
112
146
159
144
142
173
131
147
103
169
141
108
159
107
136
164
