300
30
42
13
23
11
38
46
7
4
38
7
32
30
49
9
40
59
54
33
15
41
45
55
30
2
7
20
46
26
18
35
49
49
37
39
38
51
12
50
50
54
38
58
44
34
42
46
29
15
16
8
55
36
7
34
47
9
58
29
23
4
45
32
17
4
30
21
34
56
5
25
38
17
34
34
9
49
25
31
54
6
43
39
10
23
42
43
1
31
30
25
13
15
28
12
11
59
21
9
27
5
7
15
58
11
28
59
13
12
37
14
53
54
50
19
30
57
50
55
31
22
1
36
28
29
30
27
46
5
51
37
22
39
4
36
44
43
25
14
39
54
23
44
13
34
13
39
27
39
53
5
21
57
14
51
57
47
15
12
21
56
43
2
50
59
41
29
48
50
39
44
52
30
27
55
7
51
5
14
17
37
2
5
52
49
20
26
55
55
57
6
45
38
32
43
40
18
51
13
41
40
44
54
15
7
31
56
58
52
51
57
52
38
11
42
43
56
19
6
57
27
38
16
20
7
15
17
12
15
3
37
47
58
57
20
30
35
35
9
13
51
56
54
46
8
53
27
58
6
14
21
50
27
3
41
38
55
15
9
49
4
14
18
41
29
41
55
54
50
46
27
15
3
13
35
51
7
34
48
14
24
28
23
57
35
45
49
57
24
33
37
45
2
18
47
9
25
9
58
3
44
