300
60
97
103
102
67
94
101
117
107
94
102
98
70
84
117
92
74
84
91
78
110
88
116
105
72
85
97
115
80
74
88
89
80
62
110
61
112
87
96
76
79
101
119
108
111
75
65
61
105
92
61
108
70
77
102
66
87
110
111
74
104
78
89
112
74
73
66
91
104
108
108
83
94
112
108
65
115
104
96
92
89
115
108
71
63
86
65
112
70
66
86
81
74
83
74
100
84
72
114
106
102
81
114
93
86
94
111
72
75
113
60
118
66
89
104
72
67
101
76
101
86
88
67
75
73
85
73
116
76
85
78
105
63
79
93
102
68
75
81
76
65
67
63
66
97
82
93
83
112
62
70
77
62
114
113
81
71
116
92
90
108
83
107
108
62
82
102
82
64
91
100
98
78
95
97
86
63
63
107
64
99
65
64
82
62
86
78
82
117
70
61
75
118
90
117
103
92
93
66
104
71
107
119
69
108
75
84
94
78
107
76
76
61
68
82
114
114
79
101
77
100
106
68
74
72
93
82
103
80
64
107
116
101
64
85
115
61
61
73
87
84
68
79
115
113
111
117
119
86
98
117
68
73
80
103
78
108
74
113
80
65
100
115
72
90
92
105
69
108
111
111
92
107
92
71
117
102
106
82
70
115
77
89
79
83
103
110
76
104
69
79
82
79
98
111
64
118
96
119
116
66
