300
100
107
126
174
106
177
147
106
107
151
113
197
113
136
104
141
181
107
148
178
120
106
143
128
152
119
100
100
188
104
106
119
197
172
193
141
179
188
182
133
169
126
125
107
102
139
140
120
149
145
184
193
108
170
157
167
192
194
162
165
159
107
101
171
182
188
102
134
192
136
112
173
146
137
126
155
102
137
112
111
129
118
178
118
189
138
179
194
156
113
179
170
175
130
199
136
197
182
152
155
184
124
188
186
124
185
168
188
168
154
139
196
187
108
187
117
165
187
195
193
136
180
146
159
178
120
166
159
137
169
183
128
127
148
191
111
182
162
121
140
151
112
161
132
137
126
186
195
130
179
137
192
184
147
168
194
132
133
190
108
187
106
188
142
111
173
106
113
108
186
168
146
167
154
174
143
190
129
119
115
182
179
105
120
180
144
190
184
173
117
175
177
153
186
105
114
127
184
142
188
136
161
160
199
148
164
109
104
197
177
101
135
181
172
106
195
159
155
193
149
154
133
198
141
169
136
112
167
162
112
170
174
160
135
131
116
105
113
102
151
143
198
114
127
157
140
160
158
173
186
183
112
176
177
132
133
159
126
182
185
106
114
191
150
123
110
187
161
104
179
153
133
107
133
132
111
148
191
109
106
195
135
191
136
165
173
109
174
135
176
169
161
149
191
183
165
117
124
167
164
153
