1350
90
1826
12354
1570
446
8917
9782
10638
9682
2165
11467
1012
11569
11708
279
3806
4788
1980
10459
4501
6224
1826
9917
8035
451
7710
9319
9436
3207
7277
8678
1366
3044
9439
6716
3379
4911
8185
11380
11668
1139
11642
12771
5751
2830
13437
2674
245
163
6912
12242
3467
8911
10523
677
2234
407
7698
5040
6749
7310
190
1071
8104
4582
7054
7994
10237
8799
8407
681
2473
9315
1660
1688
11648
10250
6358
11566
7797
51
8210
1014
12459
583
9250
7353
4341
7308
8170
570
8619
6192
6578
7478
3104
678
3923
12810
329
1919
10867
3171
1570
3874
13452
8642
1835
2829
727
13290
1173
7940
10763
12391
6185
1311
12403
10735
2982
2989
3402
2541
3311
11269
2683
2182
11857
6657
7805
12786
9799
4141
12327
11056
7797
263
4033
8661
8796
1256
6822
8711
10911
3483
769
7397
1589
2685
135
11393
1456
4267
4274
10439
4329
1667
2301
3891
6866
12126
1541
7091
10464
8724
8909
12389
826
9371
4724
11759
3302
707
10147
5906
12597
8564
13022
1624
5471
2628
11923
942
3189
6049
7772
10340
9872
2998
8029
3527
7906
7467
11498
10148
9100
6879
574
974
3231
11152
2329
4714
6400
971
6785
6677
946
7436
10845
9661
7871
9320
5031
3207
5493
2039
12350
10240
6257
6153
7379
11503
11554
5829
9242
3684
126
5073
2199
12487
12370
4036
3769
549
11250
6115
6336
9767
4832
8721
1658
6799
2006
8894
7434
6750
8876
7386
5791
11362
10772
1597
7102
5196
7304
11050
6527
2728
8925
727
11835
12488
8637
7714
4689
11356
5408
5165
7014
8019
7838
7104
5919
1458
13194
1299
2706
3811
10052
6357
9577
11182
12047
4559
3680
52
882
7298
10069
6434
4241
8005
12870
7005
3371
9446
6738
5561
1090
11697
3001
8301
5125
8434
9151
8004
12482
999
6945
10156
3128
3477
8067
3231
6154
7965
4213
3286
8519
5405
2499
5657
5194
8919
12847
1764
6947
11505
9941
9707
5652
6248
9218
6739
1583
1317
9996
8381
12443
12754
10725
1421
860
4566
9128
6111
10166
2354
11120
1981
11102
6108
2748
2222
10472
3438
7101
10201
205
4003
7561
163
7789
8387
923
11761
4249
13265
354
12601
12992
5887
8277
3839
2922
12607
3871
12036
6477
6492
1303
5086
2742
6001
1277
11347
10632
9183
8892
8627
470
1472
11541
12903
11176
5317
11131
2574
4319
8861
2443
3080
5024
4014
2053
3821
11334
739
7905
6302
6791
5492
9450
3085
12119
10658
8685
6709
6074
7165
9836
7516
5803
9262
8382
440
4906
1832
6257
7578
4468
10124
4259
11024
2665
8851
3084
3542
4129
9175
9595
7846
5168
2175
4015
9965
3161
8024
13392
10440
2492
11300
7697
10287
5572
11354
3654
10423
393
1972
9064
9768
4816
13054
12601
2145
1150
2972
6456
4509
11704
8244
13269
6606
11806
2805
5469
4570
8710
13374
7386
10304
8821
2652
9072
6099
12385
6138
2255
10530
4565
9854
12166
1689
13037
1226
11934
9334
3146
12938
11994
3889
12408
13486
10645
129
3863
4707
8085
7271
5493
12556
3754
344
9764
12464
10053
11506
7002
11306
3367
3985
7701
6048
8809
11932
3069
10373
3894
11079
11458
5713
598
9599
12942
3419
3643
9212
2741
8665
4412
9519
8734
10555
4898
8720
2112
3556
11991
2530
1338
13097
1057
8698
1978
2963
8189
4879
1674
8347
9058
10904
7324
10346
1193
1942
1228
2597
10381
2364
1073
112
11141
8640
13386
11515
12390
5587
287
5283
4288
12456
9107
6061
5038
2811
10767
6728
12110
2025
2300
1214
12219
3330
6852
2858
2872
540
8316
1542
168
6365
12281
10744
2576
3804
13348
12620
13499
3914
9755
13158
533
8053
1232
10227
3733
4008
2919
827
5827
10887
2999
4139
10421
4063
1767
10466
4446
3708
212
5026
6970
11600
6760
12841
12697
9967
7524
4056
6652
11340
503
9480
1927
8580
8969
12314
4393
4633
7306
13033
8409
10827
2640
7282
2002
11639
5586
3673
4603
12842
6366
2652
5867
2757
11047
10032
5618
115
13303
10665
5007
6240
8627
10559
2331
2576
3885
5367
9655
152
1673
3913
166
2093
4019
5861
6308
11664
1455
9277
5507
9698
6481
6989
6116
8391
2140
8786
8956
4512
189
956
4985
7329
2853
11142
10173
4460
12160
12636
5830
6837
3706
115
12267
3244
13428
2703
10720
9917
1735
5164
9551
1367
11530
10001
534
12866
1735
8171
8931
13283
8763
9808
4214
4356
6282
5075
7650
3790
12366
11756
5017
13466
4822
8298
5182
10340
12869
5765
7758
9758
7657
6903
10757
7516
10264
2572
5131
1959
3414
3672
5757
2889
11205
4965
8487
9584
6323
7784
6068
3380
5960
11425
4221
11739
11639
12902
10306
1134
3602
3352
576
5953
12080
3587
11944
9217
12114
11985
256
13299
582
8992
2649
1010
163
7368
3499
11881
1613
12348
9422
11306
8272
7178
2231
12843
1388
1858
11222
11310
5694
7954
13426
3315
1243
7028
6171
8600
1994
4909
10697
12050
11959
6959
11827
929
3586
4581
837
4171
11403
11924
5409
12877
9775
7031
2738
487
12553
7729
11432
1846
8097
5532
787
11406
454
2410
5200
402
10116
12154
2533
12949
13127
3855
12829
12600
12863
8538
4162
10216
12873
2323
2720
8734
12665
6788
7435
12902
1405
2792
4815
4427
6744
5950
4430
10233
3523
1176
7181
468
7236
3789
7698
10262
102
8279
4015
12681
179
9474
1373
149
8754
7265
11737
8750
3039
13268
86
6856
866
1826
7342
2234
13478
7420
1059
5881
10345
8287
1605
4770
1884
1020
12168
2156
6077
6914
385
13111
5844
7761
6851
1399
12925
8739
8635
4046
1782
10125
7358
11140
7856
11774
1148
745
7815
11383
1827
11903
10669
965
11147
2767
3893
7393
11330
4201
1188
8152
8450
7362
12163
543
7891
9490
12699
11073
13314
3873
5565
1310
11632
4007
8794
5150
8659
5528
3736
9973
2407
574
10299
8033
533
11261
5822
229
6332
11311
1265
10990
10132
6770
8732
3318
251
1920
5580
7372
2030
10636
7214
8579
5099
5070
8437
8058
9468
13109
11601
6793
13015
6531
12879
7349
3298
6431
5480
8788
8470
9316
10609
6224
5860
11173
4725
4345
5570
6963
5707
2710
9203
930
12700
10664
10243
358
8497
1723
8703
4364
12573
4098
7426
7813
1443
1782
3004
973
12644
3558
13465
8425
12168
3415
4783
6160
6946
5363
8508
12987
4794
6274
7747
3966
8400
4899
9804
2434
3481
2472
13498
12903
238
4442
1512
4513
11406
4906
11483
3146
2891
12890
2773
3244
2858
11422
2777
3007
8180
164
8641
12292
3639
6924
5399
9546
8612
9043
11748
10867
11222
11690
5189
8018
4161
4287
10685
12658
6507
2499
4515
13224
9802
11836
3940
2535
12460
10410
5988
6720
10689
12137
6323
9846
12350
8336
9471
12318
7705
9937
3455
5552
3838
12015
9924
538
9847
2279
3556
1669
3325
1492
2328
488
6836
4300
4399
5085
2460
10162
8701
11213
2611
8183
12555
11680
10301
8110
6996
152
2732
12066
6406
2405
4706
8389
13201
9319
5772
9717
12807
7441
1902
10410
3112
2575
7607
11096
187
4895
12831
598
9226
584
12956
2095
13432
9540
13231
11372
603
31
5758
12866
6596
12354
9581
10428
4576
10580
12185
8740
11270
984
1930
13144
5961
1272
9238
7170
2674
9985
12647
5291
12170
11154
9450
2470
7165
7348
168
737
11055
11481
6039
5397
5140
1671
12537
10647
1197
1107
7060
9086
13339
3932
8616
7431
6277
6042
1579
2940
7705
9811
4542
4169
8911
7061
1983
9879
4970
13481
11636
7063
13289
5404
6607
13198
7176
1653
4876
11662
2314
9871
3155
7501
11381
8356
8289
9838
8961
3389
12494
11845
4759
6420
5140
4154
9650
12012
2371
10253
10591
2944
5384
967
11772
8394
12659
10586
2746
8892
12848
10648
11355
3770
8167
7035
2506
3621
12232
5248
10835
6620
6617
11074
2789
12205
3572
12802
9523
6537
1440
4444
3736
12539
9430
5636
3453
4293
2383
6817
6193
1223
4635
4516
5114
12215
11839
12750
11866
4601
10597
11592
8558
9423
13341
12263
3647
3047
5890
9928
3953
3027
10048
2174
6931
1169
7371
13372
3216
10692
