300
100
189
129
156
169
136
133
112
169
184
106
155
179
131
110
163
145
158
134
119
145
170
199
163
108
145
105
161
146
184
149
109
113
164
101
137
166
189
119
188
177
140
182
154
151
157
132
190
197
156
109
108
104
145
129
121
191
126
119
152
162
117
122
155
176
136
193
196
106
107
128
100
148
108
127
107
142
193
154
102
198
162
174
147
138
119
194
144
195
188
106
174
133
189
106
199
122
163
197
117
185
145
110
199
180
101
125
150
156
134
161
168
177
105
174
117
163
165
150
174
132
103
134
162
113
142
117
177
195
195
105
199
160
173
152
149
137
105
143
167
128
119
190
181
171
142
105
150
118
179
159
193
101
171
121
177
115
190
120
111
105
176
192
127
189
161
188
135
186
116
147
149
174
145
175
123
124
140
157
179
188
135
193
192
188
194
110
117
189
156
160
117
189
131
100
104
139
196
106
126
185
193
173
131
126
196
137
102
111
185
161
171
166
148
105
166
151
173
143
190
178
116
153
132
167
139
132
132
114
120
104
194
131
149
145
197
180
187
158
146
150
140
191
107
199
139
162
167
107
130
179
110
106
148
125
153
146
149
118
103
189
161
122
189
159
194
173
185
199
146
176
171
113
101
143
197
164
162
155
197
199
184
186
142
185
196
188
170
198
152
116
149
164
140
152
146
145
120
135
138
114
