181
90
416
1214
813
333
1483
1151
1215
933
438
56
604
813
70
812
1526
93
563
1806
836
85
159
1235
1773
1596
93
1255
808
1544
1358
1703
522
111
1316
867
8
1463
738
232
1508
1677
887
899
303
1484
651
717
874
1770
107
826
1458
397
1355
968
241
134
1580
1224
591
1149
546
1426
416
1471
1613
1375
1149
514
653
1094
20
1452
1403
714
1500
868
676
175
322
588
980
752
673
1428
1388
457
1181
1617
1135
237
1595
390
293
742
135
360
1120
149
1753
732
466
1701
1320
847
846
515
780
1167
1084
1506
969
232
749
518
795
363
211
1781
253
816
911
995
1118
1288
158
585
1193
532
890
1639
940
1011
1566
686
1172
1594
1436
412
331
580
1543
34
1251
1789
1741
1796
1575
465
1511
1409
319
337
998
773
1193
818
1177
1124
1410
575
986
1683
1671
582
1362
1164
662
1081
698
1440
1340
164
1361
904
1284
1164
773
178
46
357
1569
