210
70
4
51
66
21
66
28
80
13
49
30
56
92
89
90
80
8
1
44
29
106
77
7
73
44
102
130
109
60
19
48
82
32
115
27
100
113
90
99
116
43
35
100
15
137
44
127
17
108
101
39
73
129
90
39
53
110
122
112
110
75
26
56
81
94
30
40
106
122
83
70
112
15
16
2
35
54
124
77
100
73
3
125
18
4
134
35
113
101
133
135
34
11
67
79
105
50
52
43
112
61
27
102
19
96
107
98
31
128
66
33
118
120
21
136
101
127
106
139
61
76
3
70
96
70
51
101
24
65
82
118
111
126
72
91
77
136
19
130
7
129
59
137
123
24
38
85
62
104
105
130
94
59
7
42
62
16
18
72
42
128
61
84
58
17
71
103
69
20
56
11
3
9
34
108
44
74
56
33
125
28
88
128
22
110
22
107
36
127
42
35
102
137
37
130
61
3
72
55
18
98
61
44
2
37
78
88
15
116
16
118
