500
50
72
70
22
28
93
63
86
19
38
40
25
50
71
87
35
17
94
29
32
67
3
63
7
30
99
78
77
92
76
27
32
26
30
59
17
57
54
62
96
78
72
18
86
11
61
84
92
88
48
34
59
57
32
76
15
17
74
49
96
83
7
92
63
17
16
42
13
15
45
67
16
76
43
55
25
59
29
51
82
60
8
2
50
53
97
48
76
71
41
75
7
79
76
80
44
25
83
63
47
48
22
70
47
40
37
39
21
60
55
62
77
65
42
66
73
77
25
57
1
54
96
91
4
78
32
80
16
54
50
63
65
34
16
67
2
3
16
31
16
30
72
44
97
62
39
77
43
49
42
65
34
33
97
6
30
91
84
72
42
91
72
7
68
55
42
94
20
97
87
79
43
48
61
20
76
23
21
49
27
79
44
95
75
82
38
63
8
34
90
32
17
44
28
96
38
2
87
81
81
31
3
92
25
43
25
98
44
94
28
38
82
22
36
32
61
87
45
18
16
7
57
80
54
12
92
29
20
5
12
68
47
95
4
96
17
64
94
59
51
37
35
97
34
16
79
66
8
76
16
75
28
65
70
82
52
45
82
19
63
94
34
60
55
75
16
49
9
50
1
23
14
69
71
14
2
78
58
56
18
84
58
49
28
56
81
49
55
9
19
63
98
98
1
98
80
68
72
67
78
29
94
21
76
60
55
58
60
79
56
44
55
91
12
97
34
22
24
81
13
73
90
15
44
2
60
43
21
86
4
2
85
2
28
69
3
50
90
99
86
43
9
13
52
37
66
14
6
44
36
94
51
81
70
28
67
52
31
66
78
13
24
72
15
72
35
4
63
59
29
84
32
7
89
35
95
23
41
8
66
92
36
26
67
58
11
5
18
30
86
60
2
5
94
73
11
84
65
86
5
30
80
83
35
50
14
29
66
32
19
69
69
79
46
31
20
90
55
61
49
93
69
18
65
28
62
32
98
79
35
68
26
9
63
68
63
87
87
80
31
76
13
40
65
71
35
93
59
90
33
31
61
13
21
18
52
2
74
47
31
26
98
47
74
52
26
7
32
98
44
73
25
68
34
90
30
44
94
24
75
73
57
10
24
29
71
93
71
88
67
28
9
25
75
4
68
88
50
17
12
48
