350
70
94
106
71
84
103
85
127
83
128
84
74
76
82
75
105
136
75
112
121
111
104
117
106
114
121
129
121
89
134
130
80
119
103
103
73
127
100
96
88
96
127
113
115
127
80
74
125
114
71
98
101
114
100
135
137
120
138
70
79
100
78
92
102
132
127
108
81
81
130
138
77
89
136
103
122
86
138
111
134
125
112
138
86
72
102
121
102
70
103
103
76
102
100
119
97
123
112
80
136
100
78
89
123
117
70
90
127
96
72
95
119
107
128
80
107
118
135
126
137
134
117
75
129
86
105
86
106
70
87
72
134
95
79
128
126
78
117
92
120
73
82
80
91
79
114
115
73
101
119
133
91
122
134
105
73
106
116
121
98
80
82
133
112
94
93
94
98
108
135
93
137
131
86
80
130
122
73
116
73
80
101
136
80
88
125
102
72
111
90
117
107
90
115
78
94
90
115
119
105
137
134
115
86
120
134
75
91
91
97
92
83
96
82
111
107
138
117
126
80
101
122
111
72
74
78
103
105
80
96
86
112
115
76
91
136
104
80
136
128
122
80
71
124
83
119
103
111
99
95
109
72
119
138
80
81
102
139
133
139
107
100
133
82
101
115
112
78
129
94
109
123
138
84
127
70
138
88
98
76
71
117
80
120
92
135
132
112
79
103
128
115
118
137
77
73
121
126
75
104
89
74
74
77
72
103
113
135
87
137
90
73
73
78
127
74
89
108
130
114
76
100
101
81
136
79
125
116
74
94
112
95
71
81
73
139
118
120
80
83
107
87
124
104
121
98
76
107
100
109
77
