181
90
92
48
30
67
26
47
33
30
14
86
34
19
17
98
1
1
62
52
78
2
51
48
30
66
3
6
76
80
71
99
65
40
22
69
20
47
14
27
51
29
5
43
38
90
42
23
66
88
13
68
44
71
75
90
80
34
68
52
92
15
39
27
91
55
87
26
26
92
46
85
78
32
7
62
86
6
21
70
54
39
14
94
16
78
56
21
43
93
12
72
78
40
12
63
72
9
14
39
78
65
79
23
64
39
15
77
49
92
26
23
83
13
100
99
69
7
81
63
7
43
95
63
86
17
89
48
93
56
46
32
4
14
17
35
86
37
14
73
38
66
89
4
21
16
32
19
32
36
80
81
95
65
92
44
42
7
66
39
19
3
31
36
29
75
16
68
39
53
75
93
9
75
46
68
93
4
73
65
70
28
39
