1200
80
88
146
143
137
103
83
151
89
116
84
84
101
122
106
157
92
124
141
84
91
100
129
158
120
82
96
145
117
146
121
115
121
97
114
154
116
123
132
92
80
98
127
103
126
84
102
112
80
144
103
108
138
117
103
118
98
87
83
83
136
114
143
92
98
146
123
157
88
138
119
150
158
131
137
139
127
125
95
109
143
133
148
154
156
120
100
122
99
130
147
158
123
114
146
125
106
124
100
144
117
126
98
107
124
99
94
94
82
134
98
127
130
155
104
116
96
133
85
144
136
146
105
86
110
149
134
104
155
96
149
86
106
90
157
116
118
157
150
108
84
154
84
104
113
107
137
91
104
126
105
136
119
143
93
156
153
116
143
95
143
153
80
131
104
103
121
112
158
141
114
140
154
130
146
91
82
91
146
100
154
153
117
135
128
104
153
83
98
109
158
85
128
87
125
94
97
157
126
108
131
135
105
86
149
86
119
140
145
103
120
143
107
82
110
113
142
156
82
155
116
101
131
123
121
114
145
154
130
136
150
120
122
81
139
141
137
116
110
119
158
134
115
142
80
142
117
120
114
120
94
143
136
129
154
152
155
97
82
104
95
158
119
157
126
82
118
153
156
110
126
112
127
133
137
118
98
132
138
148
129
130
125
131
81
110
159
104
93
119
87
106
142
138
150
118
144
135
153
91
130
120
128
114
98
152
142
144
125
148
146
86
159
146
106
126
98
124
102
139
149
99
82
122
138
152
151
153
102
159
93
120
114
154
153
127
135
151
87
125
83
154
95
103
88
112
148
128
115
124
157
131
132
142
146
143
93
82
149
81
103
155
91
126
91
84
108
136
92
140
141
151
159
83
91
81
126
99
137
95
145
119
83
126
108
81
80
88
114
121
132
111
107
82
127
83
107
128
129
95
126
82
152
89
155
114
114
128
153
108
124
122
118
125
133
157
80
115
121
129
122
114
127
143
124
91
142
131
144
155
93
93
140
121
106
139
113
123
156
141
118
159
108
155
138
140
143
140
149
152
151
121
137
135
115
107
136
119
97
93
149
103
151
118
122
159
132
157
131
152
137
146
137
81
96
98
151
102
118
143
93
83
109
139
91
123
87
157
132
117
106
105
110
88
99
155
153
118
86
99
126
118
88
100
131
147
86
85
132
117
121
93
127
110
116
148
123
84
155
156
125
91
84
95
130
116
88
112
120
136
95
147
108
115
152
122
134
92
116
131
138
116
100
94
137
96
157
81
131
95
119
110
157
142
100
110
85
107
142
136
149
116
152
82
156
96
89
158
88
86
90
111
150
155
100
104
82
105
113
92
158
146
115
157
98
116
123
110
141
102
142
136
98
87
96
133
87
113
136
88
111
132
151
120
149
121
134
105
142
104
82
90
98
96
150
102
142
136
116
127
139
132
135
128
107
92
129
119
114
83
102
108
142
129
151
96
85
151
129
118
134
92
97
134
107
153
131
94
159
105
98
112
80
128
138
113
85
143
157
95
156
148
91
109
151
147
150
100
115
112
157
142
157
82
140
88
141
116
121
108
141
83
99
103
129
150
156
80
114
108
125
141
107
124
108
153
113
120
113
113
135
129
102
145
102
140
88
107
122
92
125
123
80
90
85
93
141
126
89
136
85
111
121
131
91
111
102
119
126
109
152
137
131
95
158
86
139
121
91
125
92
89
128
154
131
125
96
120
150
82
133
104
119
93
82
137
143
91
115
158
122
80
82
139
143
99
154
111
142
96
149
152
93
90
136
106
153
92
120
99
146
88
125
127
132
130
108
83
156
147
150
120
114
106
148
147
109
101
91
124
85
138
124
99
95
151
117
137
143
97
128
108
134
110
114
85
105
80
129
109
91
85
89
97
132
106
137
81
92
128
111
140
105
114
85
115
83
125
148
151
112
105
95
131
146
143
96
126
83
149
133
138
137
122
110
128
97
81
124
90
155
158
111
82
147
95
109
144
145
92
128
156
99
121
124
146
81
94
117
151
94
134
101
99
92
82
81
141
114
144
132
84
116
85
159
125
158
126
80
90
153
121
99
93
95
84
151
94
155
89
92
157
158
155
145
94
147
125
102
85
123
117
114
148
141
123
87
90
115
109
144
96
117
98
131
114
155
128
159
105
113
90
89
99
81
152
157
127
153
138
112
106
105
81
112
121
138
133
99
113
156
136
156
133
150
141
92
107
138
153
109
140
147
144
82
83
132
89
99
139
129
127
142
153
105
152
108
130
133
92
108
142
159
89
95
128
86
151
84
126
136
153
151
159
128
156
98
119
122
140
126
122
93
156
108
101
120
122
103
86
114
116
150
93
89
87
124
149
143
128
127
100
103
144
115
159
126
101
136
82
91
151
96
140
147
135
126
132
104
80
118
155
81
93
127
107
119
154
141
134
142
102
138
128
119
99
84
88
134
132
122
104
146
121
154
89
130
111
156
103
98
123
126
114
140
158
122
87
145
144
142
104
81
104
95
127
123
90
159
105
120
145
125
106
107
147
156
135
129
85
106
149
132
94
110
124
140
112
147
127
86
158
150
88
127
101
149
148
98
140
145
92
130
156
108
103
157
146
86
148
83
155
88
130
127
155
105
137
148
137
89
99
158
129
126
103
139
100
148
143
117
98
89
123
107
134
149
119
108
82
128
149
88
81
120
89
146
154
132
101
158
106
155
148
122
129
156
127
136
151
149
88
158
116
114
141
117
101
139
108
140
