161
80
98
114
129
73
94
73
4
143
148
100
157
61
109
5
111
24
57
153
82
11
155
140
30
79
54
21
35
118
88
91
96
72
53
80
87
108
18
29
82
120
119
15
62
67
32
140
147
100
106
109
136
52
135
48
21
142
104
82
94
109
134
40
98
66
153
155
33
115
159
8
5
157
84
124
53
44
134
110
55
29
21
23
36
72
141
28
114
128
26
123
131
11
74
141
70
40
72
55
36
33
94
80
114
17
93
74
23
144
41
95
151
51
21
10
114
88
85
102
120
13
8
135
19
113
53
59
23
36
113
77
72
63
56
92
84
116
50
158
38
92
41
109
102
66
43
59
101
53
34
125
93
58
49
24
50
41
16
56
122
109
83
