200
20
324
883
217
1372
1479
899
447
1844
1290
1486
1614
1069
215
119
676
368
469
1857
1492
430
1299
1099
902
1886
1003
139
65
1770
1826
1058
1387
520
445
889
465
309
1351
1324
1141
1607
1374
678
1838
1978
166
1892
1280
211
576
1347
837
1819
916
704
1079
1730
986
874
1396
1826
121
1868
589
1335
1286
1529
1301
1928
286
1486
797
592
935
774
876
1007
1927
457
1224
425
787
937
258
1889
348
195
1315
268
971
25
625
312
599
589
1414
659
503
1677
1145
502
382
125
1059
1939
878
1854
993
599
1330
1041
711
725
1497
682
1172
489
1832
1329
1325
1037
334
560
403
1570
66
107
90
551
1532
272
602
86
968
603
485
361
1248
1807
1366
1198
113
171
913
1017
113
825
102
761
922
1044
1233
1095
395
1012
1696
1855
925
1942
1207
747
1059
1498
1648
445
1617
1023
215
1751
505
1232
166
1942
1235
175
1999
1976
1089
473
726
1326
520
870
1641
1029
869
1095
1906
480
1117
1376
248
1467
1384
835
1875
1230
1035
1647
1957
1693
