750
50
6561
3965
5982
4098
4012
2038
7014
1814
2063
5403
5736
2244
7352
3952
2697
66
5569
5057
2919
7437
6662
4140
1805
4855
4076
2703
5253
1802
5225
2876
2088
6853
1716
2733
1145
3182
2047
2859
5992
7467
5222
3950
4511
4908
5036
850
4915
391
6647
2405
6562
7067
1363
5571
5591
4481
4151
6862
404
4462
6084
541
5378
3710
3310
4264
1543
3734
2555
4725
6894
814
2588
6480
6380
1089
3173
2110
3352
1262
43
4367
2567
2190
7339
1122
7430
6108
4830
7064
1234
4501
5666
2088
1298
2735
5617
4600
6733
1652
2772
6381
3210
4079
1820
7393
3269
4318
4671
3156
3006
5855
5623
312
5471
5239
5627
2853
4439
1645
6035
6651
4747
3270
2673
1819
673
3220
6393
6264
1353
2714
274
4066
3713
1720
2003
1106
60
1943
796
44
4025
4525
5838
331
3825
6988
5492
3361
6696
4954
4247
4658
5585
834
3145
1165
6446
5095
1689
6346
5949
3016
4135
1561
6977
2034
104
6558
1205
3643
7396
4956
1318
1358
21
4543
3009
334
3408
1156
355
7029
6104
1377
1690
3060
5921
1293
4875
2991
2579
2782
836
3544
7206
5352
3245
517
6162
1190
7178
1338
7029
466
6701
2578
6987
95
5059
4887
7458
7034
4783
6863
2517
2674
2320
4738
4332
5691
3356
4740
2016
225
1514
6715
5434
2413
2466
4265
5344
5235
6362
503
6550
2555
4336
3028
4181
7303
1294
5517
4929
3042
4155
6047
1209
6261
5998
3331
4144
6387
549
5737
1922
6631
7229
2752
5645
6376
5430
1395
7372
2569
4043
6327
4056
843
6221
4538
772
6082
4071
3484
893
4554
4010
1282
1269
7158
5593
1737
6285
2665
3115
124
338
6664
2624
2383
875
4333
7105
5368
4178
2452
7484
7006
6233
269
3533
7207
3272
3154
6603
2474
1218
2895
6754
6030
6906
7429
377
6736
6076
3885
1050
6552
7377
2568
6395
2327
2703
6574
4657
5685
490
5065
5709
7497
852
7242
7349
4054
3832
509
3282
6058
4990
3990
701
4545
899
2480
6192
82
3848
6346
3876
3974
6952
6968
4727
4363
3216
3742
1866
7062
6439
2030
4826
2183
2859
5581
4716
2957
1764
2793
2723
3862
1697
6723
1629
4470
1833
357
5973
193
5031
7371
4501
3866
6785
7344
4920
2296
430
5300
4905
7141
6431
2567
4358
541
1735
841
2288
4203
1989
3409
2430
6239
5534
5685
6757
7339
3658
4201
5777
4518
1389
5540
3173
6776
6713
1868
2624
3459
7264
2000
6865
5872
5536
1031
5110
2519
6394
2069
6991
5968
6383
5758
5076
4532
5482
1370
6871
912
1301
2795
2075
6644
2230
523
1688
6919
6816
4060
3309
1688
6238
6691
3322
5034
514
406
484
6360
3094
4013
3877
5377
6023
7
6082
2373
7145
1751
4387
7356
2327
3595
3282
4937
3253
5085
3517
64
2151
7210
1193
6646
3331
2237
7395
4144
3163
2323
5084
309
5701
5805
5709
6955
6131
5346
3506
6830
2363
7124
1415
3804
6911
4341
5663
5892
3869
1338
3288
2782
11
5340
4473
4693
5501
564
4834
3058
5878
3793
5299
3670
3802
6139
6585
4784
2970
1700
598
2158
2212
3220
2074
3514
904
7261
2565
1992
6829
6814
4358
2215
3352
5487
6087
2305
4412
374
4373
5308
3422
913
2862
2232
6837
5835
1845
1329
2874
1598
4044
1713
3650
4751
76
2698
4545
2034
6963
2806
2763
2516
526
813
7285
6362
427
3019
3710
3044
601
7466
5853
6657
7351
2263
1489
5257
1022
1712
1975
2776
4545
7474
2401
1343
4258
2776
7419
7216
1521
2176
2682
2238
515
6243
3865
1815
7011
7262
6453
5187
5147
343
6352
3185
930
1194
4055
5518
6599
6223
12
4348
3860
5962
892
6594
4823
5169
2221
5151
2374
2739
6477
79
1547
1967
3658
5338
4876
7470
343
2736
6814
1211
7217
6484
5745
7078
2934
1374
3683
6923
3446
788
7145
2035
2173
899
4210
5212
693
1005
1562
451
4099
2211
4599
5851
5633
4347
1900
4964
333
1520
3231
3858
2339
5965
7070
3905
2977
647
3572
1457
1663
5647
6869
5527
6332
6040
5529
3547
7255
1785
7392
969
6242
2700
2710
3120
6201
370
4517
297
340
2717
6830
7349
5198
554
2734
3732
7111
7463
4979
138
5510
1003
2093
7287
5006
4490
3149
3000
1220
4725
1721
4271
5709
4070
3134
5692
6679
6672
4154
4936
916
1373
3160
4581
6477
2098
3632
2322
4435
4498
