161
80
128
136
84
108
140
142
80
144
153
81
84
127
147
122
124
155
149
137
133
86
129
110
153
136
102
156
116
105
110
126
90
85
116
138
137
149
142
92
132
102
151
84
144
128
158
159
147
136
89
127
114
142
103
134
92
136
115
117
104
146
112
125
138
85
156
103
92
80
142
133
143
149
108
111
123
116
130
125
147
135
107
140
104
90
154
148
115
110
102
146
153
109
140
114
81
120
122
134
98
80
133
118
134
93
86
159
132
87
93
114
150
109
150
105
141
124
110
136
89
123
157
120
105
103
111
94
147
154
108
110
100
96
93
149
123
111
105
107
132
142
147
126
127
132
92
117
88
132
104
118
100
111
143
108
84
111
122
124
157
119
148
