450
90
114
107
150
148
176
91
146
136
125
136
99
133
154
144
91
138
174
141
111
159
140
135
117
97
149
127
105
166
100
105
164
125
129
146
150
119
114
110
150
107
120
90
100
131
148
100
102
179
167
114
128
90
95
179
173
95
124
161
123
102
164
167
144
121
93
171
110
174
153
100
161
118
170
136
125
169
150
141
120
136
173
169
168
166
136
124
169
127
168
137
116
177
120
146
124
116
153
115
153
109
159
96
172
107
136
144
113
103
122
123
166
168
107
103
147
156
136
150
147
134
136
138
92
116
169
170
148
122
112
150
175
97
123
136
116
139
94
145
143
135
101
137
99
157
109
122
128
93
151
168
123
95
134
178
159
170
150
149
115
153
115
150
96
135
98
117
115
151
126
127
170
108
168
156
122
91
151
166
135
154
142
124
120
113
175
91
126
115
123
166
93
128
158
151
178
95
108
147
164
136
111
134
142
146
152
132
97
172
92
130
176
154
120
175
175
166
162
154
133
104
133
122
115
140
124
94
162
92
113
167
175
96
141
150
152
129
147
133
149
139
107
118
151
161
96
139
123
166
103
112
127
166
177
153
176
144
95
105
149
142
110
148
110
164
176
142
148
145
161
149
112
163
90
138
161
155
95
174
119
131
111
94
91
156
124
135
170
96
121
139
90
90
151
139
170
163
151
129
95
91
111
108
166
111
163
111
128
161
133
104
119
121
94
94
111
94
135
123
138
134
98
152
167
94
150
129
91
147
130
131
94
171
101
118
97
100
141
143
167
134
123
146
154
148
179
171
129
159
144
129
141
175
163
166
126
111
143
147
159
144
116
136
102
127
173
108
99
146
146
111
138
94
147
100
156
93
161
108
135
120
127
97
96
90
122
123
137
145
112
162
101
110
156
160
144
127
156
175
165
95
124
142
150
144
91
144
128
117
92
169
171
136
171
164
125
127
154
142
147
126
106
129
157
167
111
130
160
170
108
170
124
107
114
144
144
99
124
169
111
159
131
169
136
96
154
146
100
114
97
178
