500
50
6
83
97
35
97
77
59
59
59
58
58
77
41
82
14
40
9
57
12
40
44
37
97
51
43
94
49
6
1
75
71
66
98
73
58
14
70
14
60
49
66
25
44
55
26
33
50
74
72
86
12
32
40
82
88
3
2
73
20
39
35
24
86
59
31
17
3
67
29
86
81
44
49
60
87
66
60
81
4
41
36
41
53
72
32
73
90
24
1
26
78
92
30
64
44
93
84
70
40
89
10
13
46
15
40
9
78
65
8
51
69
55
11
93
28
68
62
11
82
79
38
15
90
24
5
55
46
79
33
1
52
59
94
86
38
15
97
55
88
57
29
85
78
62
48
47
44
22
99
94
85
13
83
40
52
88
73
20
68
40
19
27
75
64
12
58
47
57
58
33
35
13
83
72
18
72
89
64
98
90
48
15
41
2
78
46
73
88
81
50
86
63
87
54
8
29
12
47
29
10
16
5
6
95
58
56
79
58
25
42
60
35
34
75
58
82
7
71
27
43
96
32
25
9
62
98
30
78
11
21
77
83
57
14
11
59
76
25
5
68
19
92
98
69
19
65
65
4
69
70
21
38
47
33
98
93
57
34
3
97
81
53
20
96
67
90
65
23
60
70
96
32
95
28
6
24
1
39
97
57
53
93
34
93
45
81
51
29
24
92
26
14
77
77
45
57
96
63
83
71
77
40
39
63
30
96
5
60
22
39
89
81
4
45
33
41
2
93
73
55
46
91
25
31
8
17
61
53
54
59
40
5
23
62
69
32
3
20
59
48
24
51
41
17
70
77
75
21
84
45
56
25
70
46
76
61
56
43
63
43
29
12
47
49
31
24
69
13
57
14
66
57
29
3
1
39
78
8
12
47
1
56
58
70
76
52
94
95
83
10
37
27
83
34
33
65
9
72
55
6
76
52
83
42
20
48
33
50
99
44
40
22
39
4
79
69
47
43
38
5
20
21
76
84
83
25
86
55
53
17
45
78
81
6
87
5
16
21
93
88
84
34
82
20
21
13
43
62
75
99
53
6
90
95
69
36
9
86
6
69
45
88
93
3
21
16
67
33
97
80
59
53
23
31
62
87
86
89
62
14
62
97
72
61
42
61
35
89
41
72
32
19
45
17
52
3
70
7
23
12
