1350
90
5835
2539
5481
4932
9866
5119
8257
5508
3016
10039
5899
13362
10396
6065
12992
4464
9682
6251
12148
3932
10193
12891
8653
4516
5740
8454
4570
8470
7803
3610
2337
7534
7107
8798
3102
6637
4388
9367
11606
13363
775
12266
5841
8315
6457
7710
10653
10213
5206
9490
1059
142
12303
5676
3537
12719
9221
7139
3116
488
572
320
11722
5930
4875
13045
9154
351
549
8677
2695
5196
4517
4354
11644
5012
7178
4835
5220
11288
3528
1198
5829
3116
6853
7290
3856
5015
7233
10229
329
9579
2620
2845
2988
5962
690
8503
11705
3061
688
4569
12912
4944
6657
11762
1151
8372
6111
12547
11759
2796
9427
2277
7764
556
3424
9088
1945
11813
4464
12632
2761
3617
4303
732
5269
4225
5041
7708
6804
8585
5477
11049
4570
6962
2684
6483
9847
9114
6467
1077
12898
7960
3416
1778
6897
838
5628
5717
10429
3848
837
635
7253
3835
1092
11293
5524
3556
4786
9044
9316
11546
9884
9309
13067
2359
4357
11012
4989
12499
5166
6399
674
2300
11896
7415
12587
6209
8103
2295
3581
2186
8135
3975
5375
10788
8034
12735
13240
11764
456
7306
5264
6587
1530
12545
6109
7745
10689
10506
9693
7244
8399
6816
11925
13147
945
7682
2811
9202
2036
13086
9602
6904
12583
7679
5900
2675
10769
5737
1016
10493
2946
10545
7607
11760
11081
12869
9166
3022
8819
3735
9777
1647
2553
11173
906
8864
6141
10283
4511
2134
1007
1829
13021
297
3625
9982
11084
11039
12411
5829
5306
6226
10103
13078
2174
482
4667
9843
4833
5548
6937
1167
11006
667
6834
4535
2497
10585
10103
4277
4534
3559
8115
9018
9102
10540
9816
3784
10451
13009
8050
12828
13433
5867
6189
1479
6223
11793
3421
7825
6298
8178
4800
12870
8609
1010
4607
10443
4391
11021
8596
8888
3895
3102
7109
13152
2559
746
10784
12026
8860
11717
315
9407
10964
12822
11420
12335
11411
8449
8991
932
12526
8820
13160
13310
1842
1610
12391
122
5296
5281
8177
11827
13458
5766
3192
2399
7494
4556
9005
13039
5185
2163
6817
10440
9509
7921
12961
10505
7125
7435
8073
12061
8127
10519
10100
9366
6940
527
7934
8605
9977
5171
842
3429
5160
10511
7827
3454
7621
12365
6601
8979
6988
2174
2856
13432
6945
7780
307
3948
12939
2895
10619
7182
11033
3263
13377
3014
1628
9411
10588
13017
12341
7870
6660
13234
8649
4128
3386
3284
8264
12427
4031
5813
6598
2531
11280
4991
407
6849
5266
9062
7079
2840
4736
11063
3851
4724
3584
7141
4137
76
11684
10811
3459
3008
10210
420
1414
7610
8254
337
3625
6665
13395
13358
7797
7062
2452
3959
4551
12801
11522
11015
8887
11797
11249
10016
12962
7851
12332
12617
3701
8816
2849
7297
433
12140
11122
10480
4406
12200
12820
12584
10731
1862
5433
6686
3015
859
10410
13005
9386
10251
8488
9795
6907
4202
4518
5718
5206
10354
6333
1094
9193
8213
2523
12968
3301
9479
12373
11530
11218
5450
2163
6487
6797
10815
9590
9949
2720
13289
6447
6599
6800
5673
157
2863
1512
7798
10189
5632
5712
7959
10486
4071
11747
6752
13418
10593
4517
7592
3825
9205
4278
11832
3431
309
12402
5514
7152
9147
7360
2356
5976
1003
5639
9895
4608
6322
1682
3875
7631
10460
12508
4621
9258
11569
11963
9953
3162
9428
10619
10569
11084
7931
11046
6437
6844
12814
10834
9686
12068
4983
2255
2688
6117
759
8708
9021
817
11286
11248
13045
6178
4322
736
6673
12507
8065
3146
787
41
6304
9187
1025
4512
9884
9223
10877
7168
12837
4439
8116
1396
12463
2003
3911
13210
5537
2757
12867
11912
1599
2588
3469
13390
5782
2132
7287
5521
10353
9492
3049
2755
6922
10156
4413
10824
13006
5750
2669
1741
8212
2235
8207
7790
7266
960
7308
10299
484
1107
6776
5615
3294
3532
5905
8163
9475
12494
9351
2797
11345
7789
8533
2627
3010
11428
2743
1139
4548
13292
6685
4835
8076
1818
11007
13325
11042
1379
4681
82
6838
6409
6098
7424
9259
72
2832
2242
13491
9436
2772
12495
2299
3014
9242
9572
12956
12978
8819
1029
8122
3646
2509
5263
4334
2311
11027
2973
10562
9706
4251
1273
7025
1443
7341
12501
4990
4412
2730
2015
10258
3664
5590
1404
10938
6325
8930
657
5664
8667
1039
7423
2083
435
10019
2359
1982
2328
2487
13104
2625
8233
11305
6805
2076
3648
2728
9826
10744
5246
2750
10628
3703
11555
12778
8849
8574
7280
5123
11786
9003
3008
483
7399
6635
9822
6714
4785
7252
3644
3580
9519
7797
6444
2386
8051
12678
8099
2927
10761
11643
7930
8839
7024
13425
7489
2513
7163
12439
6676
96
1786
4437
6192
2626
13369
4229
1236
10104
1548
5501
10053
4998
5748
2734
7755
10515
1750
3734
10712
3169
5238
11414
2625
6938
2379
4589
3871
5805
7800
11904
5589
8528
10494
5486
5244
1241
13148
7511
11636
3360
13359
8990
2157
3775
13327
12897
11290
11221
12649
5541
12006
4495
10779
6278
2338
5224
4110
12801
12078
1140
8525
4846
8966
2969
8596
13211
6827
4541
13225
3775
3027
5324
2340
3955
10458
1399
12969
3424
4882
9848
7151
7652
13002
10756
12523
8635
8933
9107
11380
12051
6727
3056
657
3
12130
7454
218
5245
4210
8664
13267
25
3149
3946
7865
2269
12907
9596
7466
8597
1781
10202
6221
1239
5008
722
1056
9461
5688
7656
2637
2538
1130
9923
2978
10
11099
8862
11747
9077
3782
8773
426
11918
10229
435
4221
8445
1892
5498
8320
412
5916
845
10299
9423
11435
9012
4803
13066
1511
12753
5242
12575
11011
8661
8136
5553
4931
3232
1787
11825
2469
9160
5069
8617
13487
9439
12548
10251
1667
12953
13005
12031
9534
2950
10462
9055
7947
1758
2087
12318
5124
150
6085
7183
3580
9958
3728
10269
9605
5302
6511
715
2590
7077
8126
1474
13422
1997
8401
4033
13180
10379
3619
1640
969
3797
9119
12543
10150
53
8747
7112
4018
12249
5938
4324
11507
8115
10192
3463
9422
3317
6276
4344
2161
7614
1001
7360
9837
6297
4185
9650
12827
10878
3933
12287
12329
6665
5157
6196
12148
13407
153
11557
5964
1882
6393
8785
13188
13482
6651
6139
7974
442
2728
1416
5540
2626
1249
3112
6777
4906
4258
12410
7551
10325
4586
8791
1872
6233
13304
4720
9889
9782
5121
5395
6598
8074
361
9330
10833
10715
7978
1900
6872
7043
151
9740
12543
12594
3455
1929
11196
2363
7144
4650
680
5473
10612
12809
11026
704
4458
739
9370
12574
8302
567
1176
12484
10696
7183
6633
12930
5479
8962
4713
11801
11399
9423
3163
8152
1903
13425
8790
3133
9404
6082
9216
6273
8590
5978
13038
5744
9892
10057
13310
1536
2372
3574
6545
10882
3350
6302
3435
6764
7743
8890
6945
12664
11275
10595
13118
1477
2193
11801
9139
834
10667
11509
9966
6390
12330
5389
6518
9284
2923
8065
8772
8792
12311
9146
2564
2406
6910
7115
3766
4395
1924
6496
5117
12357
104
1159
6685
7178
6630
1453
8929
6585
9051
12997
2820
847
10993
8792
8729
9235
12855
408
5913
10323
5422
13478
3204
8116
3665
3085
13424
1685
4343
5
6323
10847
12544
10505
11146
2739
12903
7036
4130
2468
6705
5996
2397
10129
2659
12025
10803
8215
5904
2468
11248
8954
1170
7185
12976
4383
2945
5935
13108
2410
9543
6109
9734
6260
2547
9630
2936
8869
4427
4376
8270
12567
5663
10823
9360
1113
395
10753
2400
8093
6231
4074
733
9127
12435
3558
11955
3558
12964
11088
7431
13067
1820
4140
13290
5277
8042
4360
10490
12029
3699
4840
3168
8026
2781
5580
654
3133
11702
10703
5013
9206
6252
11070
8709
4763
8688
11281
6125
1646
176
11396
6012
6848
7366
3454
2454
9868
11649
10858
2446
160
7476
2259
1876
8987
10288
4444
11029
10251
5147
4267
9465
9934
10379
5229
2366
8747
3019
13434
7571
497
10253
4151
6828
7750
3983
3478
1312
7409
12318
12192
10291
4656
12293
8260
8605
954
3063
559
11886
10411
2774
13463
10851
12732
5893
4258
8887
1215
8857
1221
3864
9852
1042
13223
