1050
70
32
52
42
92
50
115
115
81
52
63
3
102
73
99
91
43
86
58
60
35
120
44
9
80
61
65
86
132
26
63
119
103
87
50
17
123
2
21
3
35
17
71
84
68
9
120
13
67
37
102
65
1
20
9
83
133
38
62
7
106
14
93
48
122
73
35
11
83
70
91
68
124
85
59
16
106
41
118
11
9
131
50
106
67
26
52
4
50
35
119
76
129
109
109
13
94
63
47
32
24
98
136
30
133
88
44
16
115
106
73
89
69
107
23
70
100
59
115
10
121
5
9
13
100
59
30
63
7
59
49
64
122
63
115
28
123
52
74
6
112
70
77
132
115
89
86
29
100
57
62
115
125
135
135
72
17
105
104
81
86
101
133
67
15
9
49
120
105
1
105
127
24
121
42
104
104
67
139
132
111
27
81
92
61
92
83
127
64
112
115
3
66
85
41
50
107
68
58
29
102
67
26
111
104
120
115
76
45
4
129
131
80
35
13
95
127
18
53
21
103
57
120
58
45
15
79
57
105
59
89
129
15
134
22
53
25
91
78
28
62
71
15
38
43
56
24
54
103
110
133
50
51
116
75
2
115
116
4
85
80
129
46
86
108
16
33
113
34
3
105
24
6
36
37
20
92
43
33
97
31
106
32
85
117
65
35
124
33
54
102
95
122
30
29
98
71
104
90
85
81
48
114
24
34
80
102
51
17
91
112
9
115
99
122
130
56
12
16
98
73
92
93
114
37
35
127
45
72
122
48
33
8
108
101
107
3
138
1
44
21
104
68
70
25
51
16
77
120
114
27
107
86
28
48
125
54
108
4
58
1
59
57
46
128
97
101
94
25
108
33
83
115
56
23
72
52
70
52
46
84
9
99
88
134
52
78
93
10
132
93
29
92
34
97
2
62
84
107
95
118
51
117
34
42
16
119
137
132
78
98
130
116
87
132
70
126
37
125
95
115
18
39
33
37
71
10
134
129
82
25
11
25
56
69
132
21
133
97
72
13
117
75
77
84
32
3
103
113
83
39
37
53
69
34
26
47
25
67
29
65
50
52
27
69
17
39
101
110
139
136
91
77
83
49
70
65
85
81
56
11
77
92
58
27
39
126
61
110
84
69
53
109
135
5
40
129
45
127
10
130
59
123
130
62
14
14
2
108
51
34
81
42
41
68
60
98
16
29
135
82
4
122
100
57
4
97
106
31
66
70
29
64
69
74
136
74
60
5
87
130
6
44
66
24
40
98
118
68
59
80
70
104
54
77
116
89
80
27
8
130
104
63
38
101
110
94
119
69
105
25
105
136
56
108
46
112
122
25
71
58
10
80
24
24
31
91
98
93
70
43
128
115
86
28
138
111
24
14
22
109
1
135
58
132
37
43
84
74
110
47
90
81
29
12
15
39
38
126
14
68
106
24
90
68
15
102
75
30
102
35
136
103
51
108
111
64
100
31
113
116
74
85
55
133
68
116
135
120
118
1
3
57
87
68
61
97
11
59
9
94
77
40
123
93
94
1
83
19
3
77
1
124
6
85
91
60
5
115
115
108
139
122
46
114
118
68
98
53
21
118
122
36
58
63
50
102
83
95
91
116
23
83
10
66
22
62
48
6
71
105
66
70
96
100
70
4
36
4
117
90
6
130
103
9
119
51
99
128
19
75
96
39
49
35
57
134
7
89
77
23
62
89
64
86
22
131
65
21
43
66
136
57
40
11
23
30
38
44
90
47
97
90
70
85
23
37
10
127
61
69
38
119
129
5
111
15
68
135
55
51
75
63
22
60
4
41
71
137
30
79
70
56
118
37
100
48
106
8
93
104
133
111
118
103
44
106
103
82
25
108
7
93
60
36
133
91
62
99
85
138
35
135
7
137
40
41
69
120
43
97
66
41
73
74
52
2
43
33
125
105
119
123
38
94
42
1
31
68
66
34
4
103
56
2
18
7
70
61
62
120
8
113
71
128
125
135
132
50
117
36
54
90
51
16
132
51
76
91
11
114
51
92
134
45
80
109
29
26
101
43
32
95
60
30
20
82
17
113
138
30
127
62
99
124
16
53
35
113
45
42
110
21
85
71
95
60
75
63
2
10
74
132
111
9
21
37
55
45
129
72
136
65
5
84
16
92
64
37
90
57
42
133
68
97
87
89
42
65
116
20
84
39
104
131
100
65
32
54
130
130
115
14
33
5
25
128
12
134
115
67
101
120
35
52
82
120
28
40
60
109
97
107
136
134
117
66
69
19
80
16
129
42
84
60
118
90
59
34
115
74
126
65
81
69
108
2
15
16
132
65
70
127
68
14
10
90
90
84
11
113
37
114
98
10
39
30
81
51
48
113
65
54
6
103
138
43
54
103
126
125
18
71
14
37
1
34
25
76
116
127
