600
40
79
58
67
53
70
45
67
44
29
42
23
69
9
10
27
22
78
58
57
45
51
46
31
57
45
14
7
14
76
57
2
10
31
1
51
79
65
55
29
47
46
62
12
38
48
5
53
52
56
73
68
69
39
75
69
28
37
1
20
37
2
52
58
72
57
15
53
3
69
51
31
19
4
53
32
45
16
36
61
30
58
39
32
15
57
51
28
78
66
68
14
32
55
18
67
44
65
45
65
44
33
74
3
79
65
62
38
18
14
32
78
11
40
26
72
10
55
40
4
17
78
64
29
3
70
9
26
7
59
53
72
72
19
41
56
27
44
64
11
17
39
24
64
26
36
49
36
51
61
49
64
3
22
32
43
40
34
10
69
14
39
27
37
45
78
50
8
24
6
74
10
36
64
32
7
17
63
39
3
22
66
48
78
23
19
68
16
70
22
32
14
26
6
11
11
17
59
48
4
64
40
53
75
60
74
2
57
43
77
36
5
57
39
4
14
60
14
73
60
63
34
15
49
31
66
78
15
45
50
56
52
68
49
19
6
70
43
75
19
35
16
68
39
38
39
74
76
36
12
45
22
35
10
25
19
78
1
55
75
44
2
61
7
39
52
55
79
61
40
53
26
67
16
4
68
25
33
39
30
37
40
1
69
34
68
18
1
45
26
19
60
30
12
33
74
26
72
5
15
40
20
68
54
61
76
30
9
34
8
38
67
53
9
62
15
15
74
47
71
48
49
17
43
17
66
25
12
10
21
5
53
77
45
54
19
58
20
72
44
38
46
78
4
42
69
42
64
49
70
79
62
78
40
59
9
17
60
65
77
17
55
4
48
77
39
42
17
58
47
51
50
54
8
43
10
69
65
17
58
32
73
75
71
56
42
70
32
5
54
79
57
47
78
50
72
18
28
34
24
26
33
34
39
11
74
44
69
77
66
40
74
52
4
59
6
37
47
63
63
66
40
21
44
20
47
76
78
72
25
70
35
55
72
32
61
57
52
44
2
63
6
63
16
55
50
25
72
32
3
70
28
43
73
14
39
49
22
16
28
40
13
45
75
74
55
2
58
66
20
59
41
49
21
33
75
47
70
66
56
72
49
61
52
58
61
79
13
11
26
68
43
26
36
54
6
43
69
52
61
75
6
62
5
22
22
15
5
2
53
54
21
43
6
76
53
65
25
36
25
19
18
20
10
13
62
7
74
7
34
10
36
17
21
46
2
35
21
1
50
62
73
24
14
37
51
22
40
49
50
79
58
11
54
72
39
32
67
65
54
43
20
72
52
23
45
1
72
20
5
18
78
71
26
34
54
55
35
33
36
75
62
34
47
46
34
5
20
25
76
52
36
33
2
52
30
77
53
5
71
17
