800
80
156
73
68
23
153
48
35
12
81
156
21
134
125
149
134
155
130
72
36
32
146
121
55
81
105
48
25
155
69
19
104
44
20
124
85
134
118
115
134
91
96
85
112
78
28
49
39
157
154
109
53
40
10
74
68
30
40
70
59
142
63
106
145
84
35
136
64
64
13
22
33
111
21
54
159
91
147
78
115
149
66
109
77
140
45
22
154
53
87
67
53
157
123
159
68
118
16
117
26
148
102
138
141
124
153
117
16
138
32
94
21
119
8
90
106
8
23
122
120
82
44
72
68
119
15
84
29
139
39
116
156
2
80
19
34
123
47
69
124
33
151
135
42
95
104
8
114
1
101
50
7
115
86
69
87
154
92
149
3
8
109
27
85
69
33
93
145
77
106
152
75
83
46
120
82
153
137
48
58
141
25
159
95
148
119
2
67
42
138
59
63
86
142
69
110
99
11
159
1
48
7
105
39
60
20
111
2
106
101
101
16
159
71
135
42
74
113
131
18
22
49
16
42
90
85
111
115
18
17
149
25
38
29
125
11
18
58
70
142
22
158
42
21
48
9
130
37
7
18
108
134
151
51
73
117
39
48
41
81
159
17
18
124
1
14
82
112
59
96
123
123
44
64
83
43
18
153
157
144
117
64
113
52
155
126
64
54
20
101
120
130
85
36
57
135
2
11
154
129
132
100
64
147
4
34
158
60
3
155
141
44
125
108
68
23
48
49
43
134
140
73
149
18
136
145
77
117
21
62
140
11
117
3
37
127
131
82
82
94
43
103
95
25
1
63
48
159
102
37
14
44
158
94
7
123
81
51
152
133
70
97
90
96
28
52
153
90
56
153
145
140
79
154
23
106
159
36
37
97
59
56
45
152
72
31
14
110
7
124
142
81
34
117
68
112
37
7
68
86
14
36
93
157
70
19
50
108
5
28
63
47
86
64
107
38
130
52
12
92
131
159
122
40
19
9
154
57
123
11
2
41
104
125
133
135
143
127
122
156
80
149
115
14
80
97
98
129
50
84
21
107
4
79
132
58
28
79
40
101
122
28
96
9
120
125
62
151
156
111
18
45
117
120
91
118
96
62
154
97
95
131
135
135
84
146
55
158
34
85
61
67
93
4
32
106
25
109
143
18
134
117
78
134
91
97
137
158
42
29
102
140
54
139
112
151
146
63
116
5
25
66
36
106
13
2
56
19
137
147
42
75
96
54
4
41
136
5
114
4
94
109
47
70
35
48
34
5
101
55
28
116
120
118
60
29
26
95
37
133
58
70
158
22
15
36
48
29
143
25
27
52
60
33
126
136
108
20
135
108
26
37
81
31
91
98
138
25
99
55
92
61
70
79
117
109
49
87
54
114
83
8
89
59
75
39
16
18
30
4
55
31
58
87
136
117
47
114
46
56
133
53
95
48
101
63
22
5
26
73
100
26
130
146
140
30
95
157
7
73
52
100
41
65
43
37
142
109
78
79
73
130
145
73
61
61
127
89
144
147
93
128
36
69
133
38
22
89
79
51
72
59
58
14
46
53
78
136
9
124
58
72
33
92
71
134
64
134
77
157
23
133
141
103
140
37
104
76
75
159
101
53
79
44
22
109
21
135
73
129
148
33
29
38
7
148
87
8
108
65
30
70
115
99
30
11
121
86
127
40
123
45
147
158
130
141
1
59
1
70
29
157
28
16
71
96
23
64
14
33
113
88
65
130
33
43
125
138
28
63
99
30
159
92
10
58
31
143
37
126
20
150
151
51
32
150
113
80
143
44
105
23
47
158
71
118
124
54
39
87
133
42
98
67
9
38
1
119
3
131
77
