450
90
141
103
135
139
157
120
124
96
150
139
139
117
121
128
162
144
176
175
141
149
92
109
127
147
131
136
97
101
105
140
150
93
138
117
104
130
151
160
90
123
169
122
155
156
126
140
155
110
117
156
119
163
128
111
134
164
170
147
91
93
100
123
145
120
120
101
103
118
113
179
118
128
151
94
132
167
172
179
161
132
173
99
136
113
133
116
174
126
94
162
142
176
160
145
135
154
177
93
141
93
141
100
155
155
164
139
175
164
154
140
96
117
115
91
91
148
171
170
112
173
148
120
118
171
157
124
97
141
110
175
146
154
111
146
155
128
161
114
127
143
129
157
137
105
90
160
118
130
126
113
157
97
139
99
101
114
170
114
146
177
136
167
105
101
97
114
134
135
179
123
141
105
145
142
141
164
127
160
139
94
158
171
140
141
164
163
136
146
137
104
160
129
178
172
172
111
161
161
170
110
145
165
154
133
90
121
123
123
140
138
133
96
95
133
108
102
95
111
137
91
165
117
91
143
156
105
90
130
140
126
166
96
122
116
148
155
164
126
107
139
110
92
100
152
90
119
168
175
132
109
165
145
104
110
164
167
129
114
135
172
105
123
140
115
95
90
138
169
154
120
171
121
108
138
141
97
118
161
167
130
173
172
145
105
160
147
163
140
109
126
124
127
160
161
144
105
172
179
176
163
128
133
98
133
130
124
139
123
171
103
94
100
93
98
120
133
115
129
126
163
120
140
141
125
110
120
91
98
140
129
148
127
108
98
132
91
104
132
116
136
97
162
153
174
145
106
179
103
116
107
103
122
171
148
126
96
106
107
156
160
146
146
133
153
151
111
138
120
148
131
152
104
174
177
179
137
150
147
167
172
138
117
138
166
90
92
91
137
128
149
126
112
162
104
163
121
128
176
130
99
179
95
131
110
159
121
170
142
121
105
97
102
116
110
90
103
132
148
114
166
107
136
95
170
155
136
139
100
134
118
127
130
131
168
134
178
160
127
166
143
108
146
122
135
112
129
152
153
174
125
