270
90
10
9
10
8
6
3
1
6
3
10
7
4
6
1
10
8
6
8
6
1
6
5
6
4
5
1
9
2
4
9
2
10
2
2
1
5
10
4
6
5
9
5
8
5
2
10
9
2
2
1
4
3
7
3
10
1
2
3
2
4
5
10
9
2
7
10
4
1
7
3
9
5
8
8
10
9
4
3
2
8
4
10
1
8
9
9
9
10
8
2
3
8
10
9
5
10
10
3
4
8
5
7
6
5
8
7
6
10
3
4
1
2
1
6
8
1
1
6
6
4
6
8
3
8
8
7
4
9
2
1
10
1
10
8
2
6
9
6
6
6
3
8
6
5
3
7
6
1
10
8
5
4
4
3
7
5
3
7
1
6
5
5
1
1
6
2
10
8
3
5
3
7
2
9
3
2
3
10
2
3
9
9
5
9
5
8
2
6
2
8
9
3
1
7
5
8
7
10
1
2
8
7
6
5
2
2
6
5
3
7
10
1
3
9
1
10
3
5
8
1
3
8
7
6
2
6
8
7
9
6
3
1
1
6
6
9
4
6
3
4
9
2
9
4
2
8
5
8
8
7
9
6
1
5
5
7
6
10
7
2
7
9
5
8
10
7
8
2
1
7
