200
20
25
21
32
36
37
30
29
23
29
31
39
23
29
27
39
30
33
21
24
35
38
38
23
26
33
27
23
39
29
38
28
29
36
30
32
30
37
32
22
39
28
28
32
25
39
34
27
37
22
36
37
38
27
31
35
29
29
31
20
23
34
25
22
26
23
32
22
38
32
22
28
31
32
36
25
23
36
30
27
38
28
39
20
24
38
33
24
34
31
37
21
21
32
37
26
36
22
39
31
36
32
32
27
30
23
37
31
20
26
25
35
23
24
25
26
34
27
32
37
36
32
39
34
24
24
37
37
22
27
29
33
21
20
28
30
34
22
22
39
28
31
34
38
25
28
37
33
22
23
37
20
26
30
39
24
26
25
35
28
31
24
30
35
33
36
30
35
26
27
21
24
23
25
20
21
29
26
24
29
27
35
25
32
23
31
23
29
31
32
31
23
27
34
24
25
23
24
37
35
31
