900
90
15
80
94
8
97
15
47
43
30
29
76
19
63
87
82
44
74
13
88
28
9
41
78
90
1
41
98
20
85
91
99
7
4
60
92
67
6
29
52
93
60
66
85
60
16
64
48
17
21
92
7
55
63
50
4
30
60
46
56
74
54
11
42
36
24
12
63
45
7
28
57
10
38
81
18
21
86
68
73
83
61
87
2
24
88
3
76
44
34
4
91
38
66
50
18
74
97
3
55
3
86
50
28
93
87
84
41
49
92
28
54
29
16
98
9
95
6
96
25
7
11
46
27
56
40
15
70
5
10
20
65
24
61
38
45
8
62
63
4
69
19
71
95
66
38
47
44
2
23
61
74
61
42
13
91
29
37
61
5
60
88
74
12
60
39
26
15
61
61
28
47
11
22
63
34
14
49
86
43
89
38
37
63
27
57
37
33
66
48
25
46
23
41
56
76
98
20
24
1
53
90
4
26
25
92
12
39
63
42
78
59
38
39
81
62
72
56
30
61
32
68
33
40
2
71
55
77
41
15
84
31
20
2
44
35
2
21
89
21
64
42
8
40
13
50
65
85
29
27
30
9
28
60
24
3
13
8
93
39
42
17
8
98
93
87
69
73
5
2
88
8
61
58
60
33
34
72
87
23
20
20
93
28
64
14
44
34
97
20
76
91
16
16
28
69
81
24
97
48
86
70
53
89
41
79
31
70
92
36
27
5
65
21
43
31
6
16
93
31
38
36
96
22
38
33
44
7
3
15
20
3
55
88
18
6
98
21
24
59
15
86
88
75
40
13
23
39
82
2
28
37
93
24
12
39
16
93
92
40
100
75
45
97
98
94
19
29
8
88
41
64
47
37
72
25
55
52
54
68
29
77
77
10
89
50
40
91
93
88
15
24
63
78
66
84
72
45
43
52
90
55
40
76
32
87
91
98
12
56
30
27
90
83
81
64
82
19
14
2
37
49
93
89
20
74
81
28
90
7
67
35
73
47
15
92
35
54
71
59
91
62
30
86
69
4
75
90
33
80
82
59
61
80
60
100
71
14
71
11
33
21
28
76
44
3
89
77
47
25
93
24
27
21
16
9
15
21
85
26
81
1
92
89
29
67
86
48
88
4
50
20
48
56
73
58
56
65
31
82
26
24
66
85
66
11
93
32
76
51
38
29
12
18
11
72
9
92
22
11
65
5
78
5
11
81
10
27
96
10
94
78
10
30
65
58
31
44
96
82
90
87
83
49
81
26
54
91
30
30
41
6
22
37
98
76
50
34
60
67
96
79
29
30
19
66
89
40
63
11
30
1
75
48
2
2
72
40
62
69
82
100
13
26
22
87
56
91
68
61
1
22
4
86
61
100
28
34
76
86
1
10
9
93
15
16
17
90
63
79
59
17
47
89
26
13
13
11
27
35
63
38
19
80
7
42
56
46
21
50
14
74
45
19
76
12
39
22
94
2
88
17
10
62
68
54
29
28
73
41
47
91
32
77
47
68
31
37
48
74
23
50
26
3
11
64
1
58
23
37
27
32
14
26
96
1
51
77
31
37
63
28
94
75
49
11
34
24
88
94
30
64
94
22
76
65
98
88
10
70
3
39
72
40
42
55
85
88
45
93
58
34
84
18
80
6
6
19
42
10
87
2
19
75
33
8
88
100
87
88
93
44
27
85
39
42
81
64
10
19
78
61
86
83
41
38
15
16
42
41
70
85
13
87
32
95
64
79
31
88
71
98
64
98
27
64
78
61
32
27
95
51
30
50
34
31
71
49
61
70
95
91
82
9
20
69
40
58
55
22
35
24
59
48
63
64
18
36
99
96
84
60
43
26
18
5
65
51
88
78
51
100
11
17
67
57
71
46
26
26
73
16
98
38
94
50
24
44
96
63
2
99
48
26
90
62
31
90
5
93
32
73
32
72
99
83
82
58
45
57
13
61
68
66
84
98
34
50
54
76
28
69
71
64
2
59
58
88
13
94
7
81
31
90
55
70
74
6
75
97
75
42
20
28
87
59
88
38
2
19
60
79
18
24
49
34
85
10
79
74
46
