450
30
55
40
56
52
6
31
36
43
31
24
22
56
22
10
29
40
23
44
15
14
23
38
31
35
57
1
16
55
25
23
47
51
53
55
49
24
32
49
47
52
18
43
52
12
26
3
33
8
7
28
37
58
37
53
8
42
3
2
49
49
54
50
4
23
19
34
58
26
2
40
19
58
1
45
34
21
38
34
57
16
26
5
45
55
1
40
9
15
9
57
7
50
55
12
20
53
35
39
51
8
28
23
46
1
12
21
5
35
27
33
33
16
20
24
45
41
42
4
42
16
42
38
47
10
34
50
6
15
5
6
4
12
26
56
3
43
43
41
23
52
45
44
37
55
44
28
58
24
21
37
36
46
51
16
21
23
26
36
25
4
40
20
53
3
44
55
23
30
45
59
3
19
2
39
39
17
58
51
21
48
55
44
54
21
48
5
15
40
19
4
31
42
3
19
42
5
21
46
23
59
5
4
25
40
21
26
28
31
17
57
49
48
47
59
50
12
36
16
29
13
3
11
39
37
59
15
25
39
45
41
59
59
32
32
12
42
39
2
13
9
11
22
42
20
56
34
58
1
47
3
8
11
42
52
34
3
32
34
8
51
13
22
15
51
37
37
30
30
17
2
20
18
43
51
52
23
45
49
12
30
31
10
8
25
27
55
19
34
31
53
34
7
14
24
47
50
26
29
20
55
33
2
41
47
2
56
49
19
13
59
43
19
42
52
8
22
7
9
13
17
51
18
11
35
14
51
9
34
45
53
2
54
35
4
19
30
5
54
38
23
46
35
14
12
10
13
57
28
53
2
22
11
2
26
11
52
59
11
19
46
8
4
42
1
30
22
27
53
14
22
21
50
5
27
4
38
38
46
17
30
23
40
38
3
47
20
58
25
34
49
53
59
35
30
40
9
1
9
14
49
49
52
29
4
15
28
25
58
5
40
48
57
3
2
59
14
33
45
54
47
30
33
14
57
39
16
34
40
38
46
57
10
35
11
59
37
9
42
36
2
3
18
9
35
53
3
15
3
1
5
