240
80
101
98
105
99
100
95
101
97
103
95
104
104
100
105
101
103
103
96
104
95
95
104
101
101
100
103
96
96
101
95
95
98
105
104
97
95
105
95
103
95
95
104
101
103
103
95
103
97
99
103
105
95
104
102
96
97
105
99
101
101
101
98
101
99
99
96
103
100
99
105
104
105
105
100
100
103
104
102
103
97
98
96
95
95
100
99
101
95
100
99
99
95
102
95
98
98
99
95
102
99
95
105
104
100
95
98
104
95
102
98
95
100
97
102
97
105
105
104
102
100
101
103
105
104
96
98
100
102
105
102
104
104
101
100
100
97
103
96
96
101
97
103
98
103
105
100
99
101
100
101
100
95
104
99
105
98
105
96
96
100
102
102
95
97
104
95
99
95
101
104
101
100
97
96
99
97
99
105
96
103
104
104
105
101
95
96
104
101
96
102
105
97
101
97
104
96
97
105
98
97
98
104
99
98
104
95
97
100
102
104
104
98
96
97
101
105
100
105
103
95
105
105
104
102
97
98
105
103
98
104
97
95
105
101
103
99
103
99
104
97
