200
40
100
97
99
102
101
97
97
96
100
97
97
105
98
97
96
104
103
97
96
100
98
97
102
105
99
99
98
104
105
102
105
99
104
96
103
98
101
95
96
97
98
102
96
100
97
99
96
101
96
95
105
100
95
104
105
95
105
98
103
104
95
100
98
105
100
105
103
99
103
95
100
97
97
95
99
100
103
105
99
97
100
96
102
100
102
103
102
99
95
105
97
97
103
104
103
99
101
97
103
105
100
102
98
105
101
102
97
105
97
99
98
105
100
105
101
103
104
105
98
97
102
102
96
103
98
97
101
105
104
100
102
105
98
105
101
97
105
100
101
96
96
101
105
98
100
96
95
99
104
101
95
96
101
101
102
105
104
97
102
98
103
100
102
97
95
105
104
103
100
95
99
104
97
96
100
95
99
101
98
103
99
96
98
95
105
99
102
105
100
99
95
98
104
99
98
96
103
96
96
103
