250
50
103
98
95
102
99
103
105
103
99
104
105
97
95
95
103
98
105
99
95
105
98
96
101
99
105
96
98
101
101
105
95
104
102
98
104
105
100
101
95
101
97
104
103
104
99
100
101
104
98
100
99
103
104
103
98
101
104
102
100
103
96
99
102
99
105
98
99
100
95
104
101
96
96
98
102
103
98
97
104
105
100
104
99
104
103
103
103
96
98
100
95
99
98
102
95
98
103
103
95
103
103
96
98
100
96
100
97
104
97
105
103
97
95
95
103
105
102
99
105
101
102
96
105
104
97
103
104
98
99
97
96
99
104
99
100
105
100
104
97
101
100
103
102
102
98
104
95
105
101
95
98
100
95
103
97
98
97
102
95
103
98
100
97
98
101
101
100
105
105
96
95
103
100
98
100
100
97
95
97
105
97
95
96
95
103
96
96
101
105
98
99
96
100
100
98
99
100
105
105
100
99
100
105
101
95
99
105
102
100
95
104
100
99
102
100
95
101
101
102
95
102
105
96
104
98
105
96
100
97
95
95
96
95
104
100
103
97
96
101
105
99
95
96
99
105
95
104
100
95
103
