300
60
2525
2698
1150
2032
316
2961
232
2304
443
2467
1078
2202
1869
2220
749
1974
1118
2676
1130
2903
2260
2762
1505
764
1544
57
1305
2883
2993
2610
2389
1014
2710
1195
1896
1966
203
374
1421
685
2129
250
163
119
2972
2080
331
2557
1258
1018
1242
1796
846
105
2841
844
2047
2610
2633
1777
882
1410
1415
2336
1925
1709
1333
523
2024
1414
271
1537
343
2233
1478
2648
2256
2360
2358
1807
339
659
2901
2019
24
1572
2967
2549
317
2091
1448
888
1453
1279
417
1295
33
305
138
795
520
2590
2488
1002
1347
254
1839
582
142
1426
1715
157
2153
360
93
1968
2605
2396
2935
475
1675
315
1965
254
1551
2620
920
2911
2658
63
2602
1176
142
2895
1677
2251
1862
2939
1284
706
519
1126
514
1626
2692
1723
1061
1122
1862
2274
2931
1816
2613
2760
78
2780
311
2853
2719
527
1834
2935
597
1053
261
1057
73
1153
736
1252
150
2176
2007
2829
1125
2537
905
290
1737
1948
1706
387
393
614
339
974
1650
1641
496
1410
1803
1872
721
112
1664
2223
2138
2666
2300
557
467
319
2381
2526
2745
764
2752
1168
1841
194
1932
1967
1431
2177
1296
92
1427
1617
844
1236
2615
1320
2938
778
2640
2237
2012
88
2712
2442
1636
1227
1094
2330
1834
2045
2930
402
1573
2174
761
408
677
1673
2222
711
773
1052
1654
435
156
1323
624
1192
1898
2531
2179
1790
1718
588
656
2769
383
2834
571
88
1623
2992
2614
1848
112
1951
2169
1820
2982
106
2231
1892
2069
746
1342
1958
2349
1290
2047
1418
1097
2183
2798
1896
2292
1718
2071
944
1483
1025
644
2847
1298
655
