1000
100
28
49
69
11
86
93
67
49
12
19
61
55
79
5
18
21
9
79
42
65
76
78
57
24
95
91
43
83
42
38
40
58
76
47
31
34
57
61
20
2
55
72
73
6
85
21
42
84
91
9
31
85
60
56
13
21
7
93
73
83
62
100
78
66
43
25
84
10
40
91
75
62
79
88
28
45
2
32
21
29
17
24
48
60
37
69
30
52
25
85
12
43
58
17
50
78
92
71
62
69
18
42
30
77
62
18
25
97
27
11
58
44
77
10
43
7
25
64
18
84
62
31
48
47
42
59
74
69
4
96
39
77
20
86
22
14
13
16
65
84
100
37
45
19
46
42
71
98
96
56
2
53
7
6
100
36
32
73
43
75
80
83
92
75
68
38
49
84
93
94
47
22
64
74
29
57
20
53
95
23
80
58
15
32
28
78
12
92
31
16
79
32
3
7
81
43
5
89
59
82
34
86
74
17
40
64
33
72
71
65
20
90
38
55
86
37
47
91
4
63
70
41
96
22
50
85
88
8
71
72
8
3
85
74
69
13
38
68
46
39
3
35
78
41
38
48
7
42
13
95
71
47
27
64
77
47
70
8
16
52
96
40
52
90
49
90
1
11
44
17
15
73
5
71
81
80
100
76
39
68
38
24
36
85
57
14
14
99
79
20
4
100
20
98
41
88
27
1
86
50
12
43
52
13
60
79
92
68
39
37
33
43
72
61
80
82
28
22
71
85
50
4
53
34
41
2
31
44
32
11
30
66
5
6
60
58
71
7
40
32
72
10
87
47
31
4
30
1
51
8
7
4
44
51
93
86
19
45
34
13
57
52
5
27
67
29
13
58
99
38
14
16
35
33
94
8
13
9
31
60
90
21
94
27
43
16
6
21
59
16
52
11
58
100
94
15
40
8
29
57
63
37
57
73
4
77
98
46
49
43
67
91
14
65
10
66
12
51
42
78
74
24
97
76
84
96
61
46
50
66
98
95
67
7
26
68
26
87
36
28
96
58
23
97
16
11
56
7
71
88
10
97
6
58
6
41
42
74
97
100
11
99
61
74
39
25
40
5
100
54
91
7
91
36
6
22
37
91
61
62
56
26
90
63
8
8
90
50
43
24
60
83
21
12
46
26
66
78
23
5
19
26
96
21
37
60
27
19
75
38
67
84
66
41
43
77
39
88
37
48
35
99
3
100
15
18
11
4
75
2
11
15
70
57
92
30
41
14
75
37
14
36
68
22
95
70
77
50
46
7
24
96
36
27
4
44
63
94
27
6
97
50
30
97
15
92
70
30
1
89
84
8
88
25
81
59
88
54
60
70
100
95
36
90
4
65
37
71
34
74
54
63
61
28
73
47
90
34
59
72
17
58
69
57
54
81
50
27
55
77
50
28
63
86
48
21
50
68
98
90
80
36
40
24
26
86
22
38
28
30
72
38
48
79
39
2
15
59
34
71
93
94
80
18
82
25
20
80
49
9
45
15
52
82
74
68
6
31
85
74
5
34
51
65
100
78
88
35
56
59
92
52
27
53
65
19
70
4
8
36
53
75
45
4
12
28
65
17
41
15
71
39
62
48
39
73
69
77
43
63
65
10
62
89
90
78
96
75
31
83
96
72
100
26
24
13
54
5
3
14
86
74
45
97
78
1
61
41
91
28
21
41
22
93
3
18
70
29
17
67
49
97
59
80
88
23
6
38
27
14
35
72
52
17
66
59
34
3
66
55
20
37
77
95
75
34
89
82
56
90
26
94
3
35
40
94
68
2
65
58
75
31
78
95
59
18
89
16
55
44
7
45
75
8
99
74
16
22
20
27
82
50
49
35
57
66
29
7
52
55
2
36
69
84
6
7
99
26
35
5
22
12
95
27
38
47
74
53
63
81
61
66
68
60
18
55
30
99
75
17
37
22
70
82
61
87
90
11
41
24
29
43
32
43
34
45
12
37
85
5
73
18
87
34
11
51
77
81
43
53
13
96
26
22
7
6
56
82
14
67
4
7
42
28
11
19
18
66
80
65
27
22
80
82
66
22
38
64
78
89
7
74
42
48
34
48
25
96
20
71
23
24
2
31
70
85
72
33
77
65
82
50
89
13
33
66
80
10
50
81
58
78
96
22
93
66
84
67
92
43
83
20
58
59
19
16
55
31
93
55
97
56
63
71
89
97
56
64
61
44
47
40
34
53
93
91
47
5
81
95
86
41
31
54
64
63
27
97
45
11
66
79
2
16
53
16
18
33
35
7
59
35
24
64
39
74
28
48
19
93
