141
70
96
96
99
105
97
99
99
102
95
101
102
99
96
99
105
99
96
99
103
98
97
95
100
102
99
100
102
100
104
99
104
101
98
97
102
100
97
104
96
96
103
103
97
101
97
97
97
97
105
96
98
95
100
102
97
104
103
102
97
96
99
104
100
97
97
97
102
98
101
103
103
95
95
104
96
105
104
98
98
97
104
103
97
100
103
105
95
101
102
101
101
105
105
99
97
97
105
102
97
103
95
102
96
104
105
100
104
97
102
103
101
103
96
100
104
102
95
104
102
98
97
96
99
98
97
103
95
99
103
99
105
95
99
99
104
97
100
104
105
99
98
