201
100
102
100
95
95
103
99
97
100
101
100
101
105
100
101
99
99
105
98
105
96
95
95
102
105
105
99
101
96
105
97
102
105
102
99
96
104
97
105
103
102
105
95
95
97
99
98
97
101
101
102
105
105
102
104
98
101
96
102
100
96
100
97
102
103
99
101
104
100
99
104
105
102
103
100
96
104
99
98
105
98
100
95
98
102
97
102
105
104
96
102
100
99
96
103
103
100
105
101
102
97
95
96
95
103
98
102
104
97
101
98
105
100
101
102
98
99
103
95
95
99
95
100
96
105
104
99
101
96
95
97
104
103
97
97
96
105
97
99
95
95
96
104
97
97
95
102
96
102
100
99
100
97
95
101
100
101
100
101
98
102
103
95
102
95
97
102
103
99
100
98
95
98
104
96
100
100
105
103
101
105
96
105
96
99
101
100
103
105
97
95
95
98
96
101
101
99
104
97
101
104
99
