1350
90
10955
4900
685
8258
13265
769
6898
1290
2416
5727
11616
3149
9321
7651
12181
9875
2089
6617
3454
7225
10054
8517
12231
4618
2930
3009
2209
2174
1661
9042
12363
1111
13352
6439
7683
8153
9250
7880
10003
3282
11345
12800
760
8275
7355
9260
9135
8752
1321
328
3162
1114
1107
12881
11719
12727
13493
747
7233
5347
6670
997
9393
5765
13349
10233
2518
2840
9735
9531
9634
1576
4185
2163
6527
1576
11182
8454
3280
644
5330
9824
2039
9956
8611
7662
9124
12920
10357
6794
1828
1160
9866
1817
5169
2481
1177
7100
3800
538
9865
1441
10304
11875
4651
9773
4323
12151
5817
5485
2805
534
3465
9159
5280
3986
3355
6163
10908
13204
761
3539
1474
2185
9925
12871
10646
11765
5057
6336
12444
9659
4276
8805
410
97
11693
5645
6585
9868
4309
120
3613
8468
553
6013
142
7519
7188
2840
4862
5109
10214
7849
6906
10495
3407
11966
6768
2200
9120
13149
12859
1690
4152
5782
9928
8599
2533
5499
12995
5492
12139
12156
2568
13433
372
9078
11941
10347
9959
11271
3501
8465
923
678
3795
11460
1062
8967
13437
12576
6133
11188
4
5792
6876
6496
2423
11503
10970
11576
2866
10905
1741
8093
5189
4069
12235
12300
10524
10324
6514
11639
8778
10494
535
5652
7035
8135
5886
4301
10442
50
4353
6723
7280
13040
10183
11869
409
1448
12752
5162
2076
7974
5888
13323
12122
12051
10613
4229
11047
10702
3289
6071
12364
11890
1646
5667
11604
6911
790
1783
1101
5575
11011
1076
11219
10546
1352
5233
4506
4517
5663
7679
8833
13137
104
11525
5594
6924
9465
12900
11743
9825
12238
707
4773
6259
12373
11281
10199
13054
6240
1142
12360
1267
9035
1202
6829
10726
8388
6837
8405
2537
11951
8642
5857
5802
4047
11150
2956
5427
7367
6667
7427
12069
9981
2017
9834
5607
4808
10655
12381
4132
5425
10551
10925
3996
828
7468
13233
5785
12914
6189
6677
8232
4348
9280
1528
7234
993
9187
2597
606
8695
6317
2473
10542
10281
4624
2990
1960
5131
9872
848
762
5870
11004
1794
10853
4608
13390
12711
5774
8155
11096
1062
9812
950
9791
11023
10778
7414
6145
7280
12750
6871
1226
7779
7600
5988
1979
925
4591
4829
2667
6391
6053
7551
491
3518
1004
2206
12250
10530
1570
9132
6016
12500
1013
3852
1726
11669
9596
5807
797
2657
4782
11485
3516
2426
11081
2736
4984
8867
3382
7034
10986
6254
9057
9304
941
10454
10851
1461
13065
3864
7550
1153
4985
4634
3459
2121
1852
13040
3202
6392
9591
9257
11101
9134
11880
7318
4143
8755
7558
7672
8716
9361
4284
10003
3629
8406
9354
5085
12625
514
2116
4434
5279
8162
3894
12560
5050
516
3257
4926
5505
9452
5330
12038
8924
13362
2684
11212
12536
7332
5136
2974
5079
4938
10714
4742
12713
8700
13003
11913
716
6235
1767
241
6315
8074
2785
213
8497
6498
9546
7422
5232
12050
6724
2551
10549
4190
1869
181
7616
10114
9587
3871
6877
9624
1680
7216
8606
5178
1615
8904
9629
3137
10598
6786
13146
2927
2599
13096
13026
1496
1603
11150
8992
6388
7208
8761
9083
6691
7954
3585
2605
10228
7626
9690
6637
10641
11051
3554
552
6283
1084
7223
2575
12329
11488
2951
5125
1899
13303
96
7290
8104
5099
1552
9293
10751
8040
1893
2875
2843
11370
7066
13043
7784
12016
9403
3482
3008
13342
10490
9367
1692
9481
2199
10098
5175
1006
2128
6821
12594
10940
7822
3811
5926
3700
2473
6164
3552
1727
5455
6757
2861
2750
4492
4797
1048
5211
11374
5706
9396
12616
77
9196
2827
12344
12806
5258
5177
9238
8174
10796
7924
2664
7590
5066
11244
5483
10336
3626
2275
12737
5448
5469
8268
5693
6123
6890
6120
3070
5356
1748
1845
11804
5583
10077
13199
10452
5522
9217
6631
9217
12012
4346
3951
3820
10524
4638
8401
8062
9446
8764
8592
5169
1474
3669
5014
11919
9632
12442
8796
9290
592
3762
3053
5220
10506
8239
1763
12298
11778
12893
9210
6914
84
11790
4125
210
11313
8455
5443
4351
13186
367
11880
12445
1579
5932
12937
9457
1828
5249
505
11331
12257
6771
6922
10090
9318
9822
12229
7137
11502
9264
3206
7743
9881
7536
10678
2695
603
6225
4100
8917
3316
9929
8379
2249
6500
5407
11011
12133
11807
4526
11263
3695
832
3159
784
1332
8434
407
9953
1187
8724
10880
7697
10811
6574
8268
317
11177
4315
1517
11291
464
5373
2377
12125
4152
13139
3719
10717
6039
6905
1453
543
1627
37
1802
2451
11468
2156
2733
9534
476
5660
7107
1899
12636
5050
11087
6483
7116
8328
12124
4656
855
5561
3044
3740
6370
566
3678
10447
5345
8846
7741
1816
6481
11810
1510
11943
7575
2962
12673
12324
6490
9967
321
9080
7498
9106
7725
11443
7741
6373
8096
12382
987
6119
4373
9998
3109
12156
1087
1393
4593
12453
847
7432
7854
4079
3498
3444
12578
12167
4895
1472
9818
13454
8540
4162
9026
13334
11113
13092
11762
11446
10129
9111
3915
10359
11741
10683
2326
583
13100
11923
9256
10472
12851
12605
10967
1773
12029
7541
6047
12464
1040
8629
9335
6303
2575
3166
5600
3028
9987
511
37
7402
10195
3178
4803
2963
2116
10419
5595
9487
4825
6854
8441
7277
3409
10959
5224
3032
10412
10422
865
6520
8588
210
11859
4182
191
7590
5229
2598
9226
2649
9511
2237
220
2506
12131
5484
6119
11024
12497
7336
4847
4327
6980
1226
10445
9548
6371
8183
8194
7471
2331
6918
4145
611
2629
3626
3882
5439
1744
11270
11379
12711
6047
8982
2762
7235
5162
12919
5100
6612
8382
2571
4855
270
10839
131
4259
3583
12750
12348
3096
13088
5349
10425
10548
11252
7326
142
1970
8343
3831
6262
11946
2998
8269
7687
4743
2775
5989
11329
1056
11218
11529
9622
9454
6688
12401
11143
4354
12225
6158
6258
7801
7512
11889
2276
217
10507
6758
7265
6715
13052
6243
8510
11678
8510
5765
7713
13040
3590
2637
4740
13311
1056
12835
10854
10950
10591
6976
10686
5686
9705
12001
10804
618
5
5501
4564
10091
1729
6035
6042
2315
3089
5983
4178
1581
10769
384
5784
739
143
13023
6339
5710
8150
11342
12897
7080
7141
12342
13311
3080
7750
5662
11313
7591
10613
10845
158
7409
10496
5170
3495
360
9836
5775
5134
11691
7683
2173
1489
7708
13262
1752
4248
8294
2968
3640
10683
3499
2089
9017
3965
12721
8122
1454
4436
3001
2747
12679
2407
5000
13002
814
4638
12532
7811
9244
2420
11504
11560
6111
3365
64
1007
6862
5921
365
6854
5088
6293
9911
211
5943
2260
13115
4964
4520
911
1832
4386
11946
4305
4647
13330
8054
6147
7335
2918
6437
425
10735
1732
6727
4879
13137
6055
3213
6061
6729
1871
563
1532
8432
7725
10050
8787
1520
6303
10667
3177
6803
5712
11921
11209
12300
2147
9371
11115
9523
10360
6875
8470
1265
1466
663
2819
10852
664
4773
7424
10839
9057
10059
7077
10465
7846
10097
7166
9501
4063
9373
13182
382
6434
10616
7335
12088
12787
4240
3286
7756
11136
1025
5466
6374
4499
8623
5947
11749
9411
373
11046
10794
11538
7334
11831
1836
9153
7376
1726
4876
8357
4371
11970
10592
1687
6705
1737
7465
11738
4454
8287
284
7962
3482
9278
1189
6026
1095
4995
5417
3558
5163
2197
3827
6344
13437
13452
5927
10062
2140
10284
1448
5441
10977
2630
12334
4304
2330
169
5257
12113
12956
11986
3745
12531
9125
3436
9822
1184
7616
11515
8269
3863
11611
8779
5965
12881
1572
3839
11478
8846
11279
3713
7327
10115
3382
8915
8734
12237
10616
7627
5165
3786
6103
6417
1794
406
12381
2530
1062
11406
10767
11592
4464
5823
4159
12590
1589
10745
12726
9279
4298
7320
90
6678
7548
9836
5849
7632
7364
5224
11226
10880
3419
6583
8780
10418
1898
13199
13249
28
11064
9441
8330
4025
13485
2069
7328
958
1915
10511
10246
12297
175
6005
5095
4040
13222
4151
10372
10266
12466
4268
7004
7504
2116
12777
10661
13356
5319
12073
9189
12189
5754
8128
2428
