210
70
58
133
18
122
114
49
102
65
72
42
54
38
137
105
12
70
32
10
129
135
110
12
86
74
28
34
59
52
37
16
36
51
96
9
63
122
21
83
83
48
103
27
102
124
11
76
63
47
95
129
25
128
112
69
118
127
38
35
4
105
12
91
59
32
134
4
136
117
46
118
107
49
59
25
23
53
118
94
24
125
45
82
94
24
69
51
53
127
70
124
33
70
20
14
130
79
87
80
42
130
103
15
128
3
85
28
30
114
45
117
100
122
28
60
26
30
61
115
101
23
27
112
1
132
67
27
25
28
36
134
27
92
47
29
117
35
130
98
49
13
104
12
24
120
28
73
75
49
99
47
118
113
83
134
119
90
73
106
106
114
126
115
76
129
104
129
76
112
91
34
92
100
18
98
74
31
127
38
129
30
46
34
47
138
78
32
55
55
96
74
34
132
52
32
124
39
85
59
25
34
131
23
119
87
24
97
86
126
72
6
