800
80
4749
6629
1400
2861
1417
3893
5338
5947
7821
2732
3193
2859
619
2283
7981
7992
2841
3033
6747
491
6532
1459
4274
3781
6553
5232
2066
6950
6260
342
6679
1383
3185
5155
2734
2179
3695
5976
6569
5307
1517
5144
6903
5985
4199
73
6178
7656
3837
2946
4059
6599
4890
1495
7364
6394
449
4186
3909
3598
5260
7568
5244
5251
7513
5715
6558
4519
3243
3371
7498
2671
1804
3431
2274
7244
259
896
7661
3433
2640
7218
4369
3309
6957
2741
3514
5601
6337
2301
6229
3444
6817
6372
1159
2136
7289
7575
7802
2750
4295
6428
7703
1966
2367
6965
2530
1555
2344
372
7817
7896
2688
7223
4484
3289
3304
7385
7474
6235
1704
1016
790
1849
5026
3412
3654
5964
6047
3768
2579
7053
7190
7298
2500
4509
2362
818
718
1608
2438
4584
7339
7404
1276
2961
1635
1883
7117
7646
7631
3713
5924
6483
6292
3170
5232
4262
1844
1918
3430
1447
5932
1311
7029
7903
7969
6399
7743
6096
4743
7696
1379
1143
3569
5765
3323
6376
1214
3230
1699
4031
6471
4397
435
6560
1285
1634
5840
7983
1460
6405
2565
3554
269
1062
1919
5038
5477
6109
2841
6707
4823
2975
2489
2540
7725
3019
925
7764
2039
5002
634
6948
7457
7091
3808
2388
7199
2628
856
7485
1142
2309
2748
6406
3172
164
884
2869
4134
5175
391
3779
7264
946
1764
7530
5425
107
4393
7836
2119
393
7245
53
4639
7461
6802
4323
3942
119
5908
5993
5357
145
4350
3048
2142
7994
2418
7121
4896
4627
5541
7373
6208
6772
1100
1255
2225
4696
300
7226
1605
7325
5164
551
1908
5271
1183
476
3336
7332
7683
1636
244
7923
4247
2297
6341
6152
1407
6765
4235
6196
1105
351
5735
3180
4457
105
2459
2673
3345
3085
3912
3424
431
7992
4974
3112
4645
5135
3883
677
6197
5086
2666
1818
1677
3641
6595
2882
60
86
4677
4141
1689
785
4126
3961
5718
234
4001
3285
7182
6152
6653
4745
4464
6086
7711
1593
7150
48
6602
7622
2026
2039
2634
3888
2746
3179
3028
984
5463
169
4494
6588
7750
3288
617
1968
7062
363
5155
7184
4682
3013
5093
1997
7867
559
2571
152
3429
5310
5315
1955
3833
661
6297
6747
1553
385
2926
7450
7488
4352
3532
6581
6948
5747
7086
953
203
2425
1855
4539
2257
2579
7659
7317
2814
7346
2612
2631
6447
5523
1667
6966
6785
5700
7379
7553
5140
3526
2110
5005
2069
2679
1909
2081
7062
6917
2124
1592
6662
711
1502
5680
3747
3987
944
7442
3913
3863
1084
3940
5062
4943
3125
6402
6060
1095
4872
4349
5394
2253
5546
7057
4715
3340
4780
4143
6745
7988
265
5052
1669
3132
6963
5310
7555
7580
1500
7142
7338
2733
1365
1212
3343
479
2218
2436
508
3313
4151
1348
5631
3578
4120
6562
7783
4379
4170
5786
1306
6872
4082
4123
6681
4730
6058
5528
7461
4348
3926
1196
342
3615
2429
3716
7451
1223
1559
1560
4087
6874
431
5435
2784
4176
5887
1159
4979
5900
3936
2687
4483
40
7319
1860
7459
4721
2140
4334
3896
6255
7533
1020
5879
3828
314
3016
421
1859
4511
3098
4124
4280
6750
1597
2267
3740
4698
2478
6708
5299
1350
3225
7506
6966
6122
3847
7146
3129
1862
5059
3949
5080
654
7924
3732
3637
291
5292
1415
3781
2720
1817
1944
3728
69
3904
4604
2964
4580
2689
1997
3652
5630
4436
4898
1787
5621
1984
3005
1095
6606
2377
3071
4552
3394
4288
2253
6809
7928
1517
5921
3513
5260
6249
1281
872
2568
7690
1859
6064
6934
2086
2305
241
2310
2340
2417
6778
887
1019
760
4391
5046
2748
597
1499
7561
2595
2783
6502
6744
7618
1027
6160
5226
1325
7354
1327
2281
3862
5632
1515
6640
5314
659
155
4517
406
4536
7649
2236
2751
2447
1432
6181
4284
364
5669
3612
1911
1771
868
6646
4957
2405
7203
7675
5095
7843
50
4731
5318
1047
6789
2514
7747
3799
6140
4171
1330
656
2009
6274
255
4967
7882
3178
3654
3460
6850
7791
1752
2047
3180
7754
2281
4088
5391
7302
1850
5783
1960
6102
1617
3595
7586
7345
7508
3305
4026
5103
3881
2452
3988
5120
994
5973
7214
7869
7199
7985
5868
2461
7256
6944
3322
2188
1356
3077
5032
3883
7943
7745
1569
5778
4939
3837
506
7570
7357
4863
6448
4731
1733
5780
2862
6412
4261
4826
3195
6348
3898
872
3941
7694
3410
5841
6401
491
8000
6049
6575
5206
6613
6887
4291
7382
926
2389
1689
5608
7848
1393
1260
845
2067
868
4862
735
2192
5779
407
5705
1168
5751
1877
7429
2965
2425
2813
131
748
5996
3988
537
3053
1287
2134
6992
5815
