1050
70
138
136
106
107
103
109
80
94
127
95
126
122
111
92
133
121
97
79
83
136
104
91
95
91
100
134
93
135
137
113
94
136
96
75
128
134
112
109
96
87
132
77
120
82
109
108
129
106
83
102
114
102
77
71
87
135
70
127
116
107
126
126
78
129
97
122
71
104
113
77
92
110
80
98
77
83
132
94
80
75
108
72
103
75
125
137
113
104
129
128
123
124
108
107
122
70
111
115
116
137
116
102
96
84
101
71
71
78
78
100
122
90
85
113
114
124
129
72
122
107
79
127
81
78
78
110
107
115
79
90
110
125
138
73
113
129
128
105
87
81
89
83
82
135
122
93
117
116
90
96
124
80
89
121
93
131
76
104
126
123
114
112
110
133
73
83
109
93
71
135
73
111
79
94
90
119
86
138
119
79
97
105
71
139
98
116
134
90
132
90
132
90
123
138
126
105
79
79
75
137
80
123
106
138
88
81
116
83
127
97
129
71
108
134
99
78
83
92
70
122
130
121
139
111
102
95
133
75
132
118
139
86
72
90
114
85
86
108
137
71
136
93
91
138
136
119
128
72
106
73
93
137
124
86
94
131
113
129
117
102
90
97
115
115
121
84
78
126
90
124
134
70
100
125
103
128
79
137
88
81
89
115
111
107
115
113
127
121
100
130
130
114
81
95
75
132
93
85
87
116
110
102
108
73
99
130
101
133
73
84
80
88
95
84
75
123
88
113
98
96
115
115
73
102
106
83
97
88
92
138
71
100
127
118
123
126
110
109
123
85
102
124
132
131
79
82
93
91
131
84
119
139
81
101
132
139
130
111
83
118
101
134
130
122
88
111
137
85
92
139
86
97
100
78
94
95
88
135
85
91
120
95
109
129
128
133
87
102
101
84
91
89
70
80
89
124
135
126
100
127
121
107
80
102
97
81
103
139
114
79
96
71
130
131
70
116
85
120
121
111
118
78
95
83
83
73
97
94
105
76
120
128
126
118
130
107
137
134
99
135
121
96
138
74
89
126
109
104
85
105
132
74
138
103
114
99
86
115
127
98
97
79
83
99
114
78
81
126
139
103
70
75
113
82
91
71
91
103
89
72
137
109
123
89
78
107
126
74
84
104
124
77
72
71
98
91
98
82
83
138
138
127
138
130
80
100
74
114
122
120
104
139
99
110
138
130
91
138
108
107
113
117
76
114
136
84
93
130
88
101
109
89
133
81
75
137
87
105
123
113
95
127
75
94
79
83
127
101
94
78
122
88
71
92
86
89
116
127
96
107
134
93
131
120
72
78
105
111
126
138
81
92
78
76
96
110
129
78
131
134
133
118
109
138
111
129
95
76
103
100
138
105
112
134
87
100
110
77
91
102
114
103
132
88
126
108
128
122
73
89
87
103
74
105
86
70
115
118
84
84
84
82
106
139
70
132
85
77
132
100
134
77
133
113
124
75
105
72
113
120
110
110
86
85
102
133
110
96
98
123
98
78
133
89
97
108
131
123
115
127
71
85
121
94
79
110
76
97
105
77
100
126
84
95
111
79
139
75
106
89
139
83
134
80
74
75
75
108
97
72
107
84
77
75
78
129
139
102
96
101
107
104
125
85
91
114
71
135
100
130
79
124
87
115
92
133
75
72
138
105
130
116
88
81
113
86
121
121
139
71
99
79
126
117
139
135
132
114
102
137
88
85
130
113
133
113
131
94
74
76
95
94
132
124
111
136
99
85
128
90
119
130
97
112
95
106
95
139
70
79
89
89
136
83
114
123
135
139
84
85
131
70
104
82
120
100
110
78
88
119
73
104
73
103
110
108
117
131
115
94
117
103
106
128
79
70
89
118
103
74
127
114
106
106
113
93
77
92
135
87
84
86
120
101
101
117
133
87
104
121
105
107
139
78
118
120
138
94
127
108
102
123
106
113
122
128
78
139
97
105
83
70
121
74
138
130
100
102
116
74
131
98
133
132
80
72
92
113
93
72
81
101
113
111
70
133
86
115
89
128
86
127
72
114
81
93
104
104
137
111
97
88
100
89
101
85
122
98
87
80
83
126
108
71
76
138
101
113
72
71
81
115
117
128
139
88
96
85
90
83
90
122
115
95
126
89
109
107
75
127
125
101
124
125
111
139
114
77
116
112
109
106
86
74
83
127
133
81
74
133
89
70
134
124
80
78
101
76
131
90
129
101
116
134
81
89
79
80
120
76
117
93
86
89
108
106
100
86
100
119
71
73
103
121
129
78
110
75
118
92
95
132
75
138
94
114
112
73
91
87
81
107
131
113
131
70
134
109
116
121
113
70
137
122
113
87
78
77
105
106
84
86
89
113
95
137
91
125
96
83
98
93
113
139
115
134
94
106
121
120
138
70
84
123
120
117
126
83
98
135
