200
40
6
47
76
26
22
38
35
17
32
49
79
38
20
50
30
8
23
15
36
79
27
47
10
69
54
64
35
11
54
40
50
41
45
29
27
65
66
9
49
34
35
33
64
65
70
72
15
65
2
24
76
1
16
65
60
16
33
26
23
31
59
18
18
2
69
15
39
21
77
7
73
30
44
51
37
28
51
75
56
1
77
53
58
54
9
40
52
55
53
26
31
21
71
39
38
15
18
33
14
74
78
61
8
64
45
6
65
71
53
23
7
54
23
74
64
3
70
57
23
26
18
75
14
56
44
54
79
37
20
1
74
2
69
65
78
78
10
53
56
69
13
65
66
66
25
4
40
2
47
4
13
48
69
66
69
50
63
14
72
19
63
9
2
54
51
53
4
61
33
57
64
56
14
27
11
63
17
75
10
26
10
47
64
68
47
61
4
67
54
78
63
13
60
68
60
5
73
54
8
15
