300
30
98
97
101
99
96
101
100
99
101
100
98
98
102
97
97
96
95
95
96
101
103
99
102
101
101
99
104
95
100
99
104
96
105
96
95
103
95
95
101
103
95
101
104
97
99
100
98
105
101
100
103
99
99
101
102
95
101
98
102
95
105
99
98
104
102
104
101
96
98
95
104
96
101
100
104
105
97
104
104
104
98
101
100
100
98
96
104
104
102
95
100
99
102
98
103
102
105
95
100
100
100
95
101
101
98
100
98
97
97
97
102
101
101
97
102
96
103
103
96
104
102
102
96
97
100
97
98
102
105
99
102
103
101
98
98
103
99
103
101
102
104
100
102
101
101
96
105
95
95
102
97
105
99
100
100
97
99
98
103
99
101
105
97
99
99
103
101
104
102
97
105
98
103
105
101
95
98
102
97
100
97
99
99
104
102
97
100
102
97
99
100
101
95
97
101
98
97
95
102
99
97
97
98
95
103
99
102
98
101
101
105
100
101
103
99
97
97
101
95
105
101
104
102
98
105
95
105
98
98
98
100
98
97
105
102
104
103
98
97
101
101
102
104
101
101
99
102
103
96
96
101
97
102
97
95
105
99
95
100
95
102
99
101
99
96
103
103
100
102
100
96
97
102
95
96
104
97
101
105
100
105
98
100
102
102
99
96
100
99
103
97
100
96
103
101
95
101
96
102
105
