400
40
11
15
30
78
15
39
34
68
63
48
24
26
65
77
46
32
33
55
23
40
56
20
74
65
77
69
2
48
46
55
6
32
67
19
29
51
56
58
12
30
66
14
56
3
11
16
13
5
26
53
50
57
43
61
58
54
14
11
4
13
9
41
39
70
71
40
34
28
3
50
52
6
51
55
76
5
10
43
64
26
29
53
1
25
2
46
15
7
24
39
41
66
21
1
17
47
3
2
37
34
65
2
25
63
63
37
2
14
45
39
61
22
27
59
39
35
46
53
52
22
44
17
71
3
22
57
41
24
27
69
79
52
51
54
45
2
1
79
26
57
9
40
65
41
34
35
18
68
76
32
21
25
34
70
15
11
66
68
44
32
9
12
40
3
38
46
11
8
24
69
30
73
22
25
22
55
59
15
54
78
25
16
36
29
71
32
51
22
3
52
40
72
7
46
4
66
68
62
40
29
24
47
13
30
31
47
10
57
34
53
57
71
33
1
67
54
51
39
20
15
75
38
7
47
21
55
45
46
26
48
5
46
16
37
7
26
59
33
10
75
45
61
33
64
44
13
61
23
42
15
32
20
41
39
37
4
74
23
40
57
42
4
71
21
17
28
17
8
30
41
26
22
26
3
77
70
18
48
50
77
7
27
58
61
17
39
11
37
11
73
9
5
74
45
77
65
4
38
47
71
23
7
76
53
40
65
35
32
57
69
37
58
23
10
40
28
52
1
77
13
25
45
33
46
29
68
55
32
25
14
32
73
65
17
56
6
18
41
74
64
30
25
32
1
58
50
23
60
42
51
43
4
7
48
23
41
65
51
16
33
16
30
46
32
23
3
78
44
2
34
24
20
64
22
48
13
19
56
14
77
20
25
63
62
18
35
42
25
35
28
71
24
54
17
18
61
66
7
24
38
