400
40
95
105
98
96
97
104
99
105
102
98
99
102
101
102
98
96
95
95
95
99
103
101
105
99
105
99
104
99
104
101
103
105
100
99
97
101
105
98
105
97
102
105
98
105
102
103
99
104
97
102
103
97
100
95
96
99
104
100
104
100
97
98
99
98
105
99
101
97
100
105
98
99
101
95
105
104
99
99
99
101
101
102
103
98
100
96
100
96
96
96
102
102
100
101
105
97
95
98
97
99
102
100
104
103
101
96
95
98
99
96
100
105
103
99
103
105
101
103
104
105
96
101
99
97
102
102
99
98
95
99
104
103
100
104
103
101
98
101
97
103
104
104
102
100
95
102
101
102
104
96
105
95
104
96
104
101
100
101
100
98
98
95
100
103
102
104
105
104
100
100
104
96
101
101
101
103
100
103
95
100
97
103
101
95
98
101
98
104
102
101
101
104
98
95
100
102
102
101
96
103
95
98
98
95
103
101
102
101
98
103
101
99
105
104
103
103
104
104
96
103
105
102
105
97
95
96
105
101
98
102
96
101
98
95
104
98
97
99
97
99
99
97
100
97
98
103
99
103
103
101
103
96
99
100
105
96
95
97
96
97
99
99
99
95
103
100
103
102
98
95
102
96
98
104
99
100
95
105
104
100
101
103
104
105
96
95
95
104
105
103
102
102
103
104
97
101
96
96
104
95
97
95
102
104
98
102
95
105
95
95
103
105
103
97
100
103
100
103
97
98
104
105
98
99
102
103
100
104
99
97
102
104
96
102
102
102
100
99
104
105
101
98
105
103
104
105
101
105
98
101
96
100
102
95
105
99
103
103
105
101
103
105
98
103
98
102
101
97
104
97
104
105
104
99
95
99
100
99
99
95
97
102
101
100
105
98
101
103
103
100
96
95
97
100
98
102
105
98
103
97
