201
100
98
97
100
101
103
99
97
98
105
98
97
105
104
103
95
95
103
95
100
105
103
97
105
97
101
99
102
95
103
101
103
100
98
100
97
102
96
97
101
103
98
97
100
101
101
98
103
95
101
100
99
98
101
104
98
98
104
102
100
99
95
101
104
96
97
99
96
104
103
104
103
105
95
96
105
101
105
96
103
102
105
97
103
95
103
102
95
99
100
102
100
103
104
96
105
103
95
101
105
105
104
105
95
100
105
101
99
98
105
105
103
100
96
96
105
101
97
104
104
97
99
102
104
101
101
105
103
97
99
100
95
105
99
101
96
100
95
101
104
98
98
104
98
96
95
103
95
96
97
103
95
98
102
97
98
102
99
98
99
96
97
101
100
103
105
99
96
102
98
98
95
100
95
97
97
101
97
105
100
102
101
102
104
104
100
101
104
98
95
96
96
95
101
103
97
102
105
103
100
100
102
