150
30
952
1068
977
84
186
697
300
1393
580
1045
177
1458
1158
749
1281
170
652
953
7
1449
86
1278
351
488
848
812
75
154
270
556
324
1040
1467
404
533
1033
80
657
220
37
1425
1496
1358
909
1373
979
1448
756
787
1264
1463
1438
607
942
1297
1098
1123
1086
169
1444
542
282
1285
918
906
562
275
936
1385
294
466
1300
507
421
249
1433
771
109
30
957
444
185
1359
159
941
778
1324
26
628
1124
850
189
1039
1043
1221
1389
1155
963
220
848
575
106
1450
1002
914
641
1070
1486
1115
1030
1176
497
98
732
1040
1414
1110
343
1329
871
294
289
931
108
622
329
1335
777
404
1241
353
513
886
955
139
939
208
1051
1492
749
1268
823
1097
234
260
524
350
388
502
569
