181
90
130
109
161
131
94
144
168
106
166
131
94
138
98
143
109
178
107
117
123
146
128
90
120
169
174
173
176
92
164
108
161
142
131
146
150
151
131
160
156
147
170
158
123
159
126
139
157
176
144
142
104
104
169
128
100
118
113
119
153
94
160
91
173
175
94
109
101
139
164
129
145
147
134
119
99
134
168
150
166
139
105
169
123
94
116
119
171
165
95
157
138
152
176
95
131
99
116
116
106
118
167
174
150
146
102
150
113
174
170
111
92
119
117
179
95
132
172
120
148
168
110
101
110
173
152
97
113
127
159
144
95
123
136
129
134
91
153
174
162
164
157
144
149
120
145
129
155
135
149
110
123
106
161
176
179
165
148
142
149
147
179
105
141
141
163
109
128
94
129
173
98
139
166
109
102
102
92
100
157
162
166
