1050
70
113
14
38
114
134
131
119
16
77
133
102
68
105
129
103
10
2
13
127
49
39
121
139
37
112
129
12
63
36
125
75
10
122
80
118
127
19
62
26
26
39
112
29
55
126
95
30
15
53
104
87
136
94
1
41
110
76
31
102
53
92
134
92
53
137
55
46
76
121
116
22
57
8
17
49
121
65
19
21
14
64
46
107
69
80
32
40
135
86
57
119
57
66
133
36
34
116
58
52
99
103
66
83
95
87
133
2
22
132
17
97
1
79
35
71
47
57
114
79
9
87
80
52
27
128
62
105
98
20
46
28
118
73
76
73
20
29
25
109
55
92
55
1
3
52
93
95
15
27
108
8
120
86
127
69
53
63
35
57
56
83
91
127
43
68
94
122
120
31
2
14
2
139
56
94
26
66
37
37
5
47
121
11
81
66
111
107
30
21
54
50
112
72
44
31
3
132
48
15
112
122
88
53
75
108
21
75
55
129
31
70
38
64
40
78
82
29
37
25
78
131
125
120
8
26
12
79
99
92
6
17
133
34
65
93
109
63
32
54
62
72
98
34
36
16
92
88
123
28
88
139
114
138
41
81
88
118
76
59
113
118
100
102
52
67
100
60
84
55
130
78
119
118
2
49
90
29
72
42
15
34
3
137
120
68
121
5
25
84
28
73
64
116
111
108
139
22
27
96
68
99
101
49
30
108
6
91
87
87
13
88
81
132
21
105
90
109
78
126
54
4
93
11
44
22
109
48
33
29
115
30
61
13
3
96
24
132
70
34
87
63
22
9
2
60
82
11
106
139
85
111
73
18
64
28
120
35
70
85
115
119
74
103
17
36
77
115
22
104
128
47
44
11
22
47
129
58
74
37
14
64
49
6
17
113
17
131
126
105
61
11
10
112
24
50
93
2
101
41
109
36
36
38
89
114
113
133
52
66
6
127
99
12
109
119
14
37
108
98
115
105
52
132
20
45
79
27
103
56
35
102
108
122
128
65
80
16
81
20
26
28
7
68
129
43
72
50
84
92
41
53
16
70
65
88
90
28
58
52
124
65
124
55
112
21
118
6
68
8
35
14
70
53
21
59
47
118
24
45
43
108
53
44
133
127
54
17
26
94
31
138
136
6
120
20
57
25
100
110
113
33
86
9
48
17
138
118
35
45
65
58
128
108
49
84
7
50
112
34
111
31
11
108
18
82
14
1
69
67
27
42
54
114
25
40
25
55
30
28
60
31
104
136
132
12
119
15
4
119
5
56
17
13
73
118
39
83
115
122
21
122
3
54
121
114
65
23
39
126
60
74
79
24
87
66
32
79
24
45
88
61
96
99
54
69
119
7
24
118
56
135
25
38
35
1
48
48
92
137
85
93
22
121
48
96
126
124
101
40
50
27
86
66
61
127
75
49
96
55
24
10
46
53
71
71
41
40
82
38
8
112
92
121
60
9
129
61
126
52
69
90
58
37
9
66
123
85
78
14
119
117
129
89
115
65
16
35
69
87
75
25
12
96
35
41
67
37
134
81
20
88
56
121
101
77
79
108
122
121
47
84
94
8
50
55
15
101
71
77
70
57
129
48
84
42
74
74
18
128
95
92
96
104
76
112
139
136
31
58
120
95
90
35
14
20
36
134
59
46
126
10
31
35
20
6
93
14
29
65
73
95
83
72
108
69
33
86
27
75
124
106
18
38
98
106
135
133
50
133
49
72
39
16
24
38
77
91
87
70
117
98
19
116
105
47
27
73
137
108
6
129
113
16
103
64
15
39
114
119
105
11
32
117
33
60
132
40
41
116
99
82
71
55
28
139
138
88
22
112
125
135
64
113
15
19
4
60
126
9
40
109
25
65
129
127
10
44
100
41
71
130
103
123
124
20
33
63
78
122
29
114
114
80
134
112
48
127
134
79
13
121
79
49
107
2
133
69
9
37
50
29
4
98
102
51
102
46
37
124
122
104
18
16
98
75
61
105
11
13
126
67
133
105
103
55
116
36
101
8
22
138
77
9
100
95
62
89
110
52
74
47
107
36
136
118
97
67
33
86
48
37
73
130
4
18
37
35
118
111
102
16
52
7
109
38
75
82
85
111
115
115
106
40
28
100
99
132
122
59
119
30
133
52
132
4
5
89
94
57
110
125
41
30
138
17
42
52
66
115
100
30
125
79
102
111
40
83
53
75
44
137
20
76
114
17
129
108
25
47
117
88
133
121
53
89
97
12
14
135
79
26
8
32
136
125
100
10
94
106
41
86
125
133
61
61
87
55
77
137
82
11
93
82
134
108
96
75
59
3
108
31
39
14
89
126
76
130
86
125
87
112
84
116
100
55
96
1
112
104
120
67
86
31
51
74
36
102
4
93
132
119
39
20
100
5
6
118
72
85
125
