450
90
4183
2205
4471
363
1384
2472
4204
2918
938
3986
1952
510
334
730
1763
829
2819
628
641
3469
2502
3228
1181
2000
2003
4091
1971
3253
1042
1210
199
2054
4311
3160
1016
299
3821
3264
3775
46
706
3862
3224
1194
1799
860
2220
2383
4374
2863
3821
2863
529
439
4405
3227
202
3123
871
1846
4051
1313
247
804
4348
708
4479
934
1206
1866
1571
2904
3818
1257
3202
61
2684
3658
3280
3596
2774
1076
2771
1805
2743
4337
1265
2450
511
1617
528
59
4224
3661
2530
2742
3185
715
2572
1266
3222
1167
549
2898
3115
639
3908
3281
2027
1080
3736
3828
2680
2625
1600
431
1546
3697
3221
71
4164
4292
1034
1668
3880
268
3220
2843
3144
3105
2728
53
185
3087
2617
2155
2992
4485
47
4454
1177
4321
3424
2525
2781
1439
998
1953
112
2231
1545
1471
707
3096
3502
1103
4060
4141
2082
464
3882
435
682
888
1641
3891
3276
980
766
3213
3652
2798
3454
3773
1206
2346
1425
2152
2961
4289
3242
3841
161
2854
2152
2238
1750
310
3894
2356
2202
3214
1882
66
2844
1262
3619
1469
3782
4303
877
4440
2150
1772
2258
4315
153
133
2922
684
4033
3904
4397
1514
2165
1734
1886
212
2639
1936
4205
1729
1009
852
815
749
623
239
3559
4436
133
2742
3175
1245
538
4100
2746
507
2163
4489
1443
2788
463
352
3781
1871
3455
3305
3659
2618
2420
3735
2355
1321
3203
2928
962
1352
1350
89
2658
2315
1431
1076
2406
3927
918
4217
2598
997
555
3172
1712
3214
4408
2869
1953
1198
1636
3638
4496
1900
547
1877
3092
1147
232
872
4128
3280
522
3178
3043
174
2082
3073
2820
2595
1648
331
4071
373
1128
3306
596
1739
2667
2786
1897
2199
2918
1700
2656
2856
4459
2933
3114
1536
935
494
3424
3911
2158
2715
2562
3756
2623
2611
2118
2302
4470
916
3380
2239
3080
589
4113
3902
3407
2072
2082
2794
1116
4039
634
4283
4151
3379
3978
3645
4494
549
1924
3491
1437
2826
3364
1121
3995
3968
4289
8
2845
933
3502
2014
1377
2489
2096
874
2459
4201
1552
997
3433
1044
811
1113
393
609
1301
3956
4127
1268
20
1108
1405
3990
568
2134
1299
4092
2569
1174
4146
3715
2207
2674
1984
1303
612
1626
3335
2738
1711
4166
2844
1903
1640
2170
2076
3976
146
4315
3954
3119
3000
334
1317
1933
2747
1738
1818
3398
2122
3815
381
3252
2799
1453
3641
3155
2649
2964
1714
1088
1043
4199
1852
3212
3545
3439
3544
935
4016
1314
1940
4248
3386
171
