500
100
113
117
189
139
102
162
156
199
191
138
191
180
153
154
171
192
103
100
154
165
160
193
108
116
180
113
122
154
122
191
187
100
166
105
179
185
153
139
157
168
172
132
128
137
112
199
176
191
137
198
165
197
141
105
168
100
187
170
194
155
165
125
145
139
199
187
139
126
169
136
177
179
136
183
104
103
198
173
142
120
102
141
132
112
198
130
100
157
106
160
143
141
101
142
146
132
176
153
167
121
153
112
128
173
115
130
107
112
150
101
140
167
101
111
183
177
122
168
163
146
148
180
119
102
158
119
172
132
133
154
107
124
159
180
144
101
186
186
129
116
141
115
114
196
119
149
141
197
136
166
125
102
147
171
176
190
193
177
143
141
182
148
120
188
196
187
160
193
178
163
132
123
180
132
165
169
102
176
137
138
135
189
162
115
129
153
169
190
163
199
155
189
199
188
165
135
124
114
140
103
152
104
132
179
162
166
177
114
152
119
166
152
154
137
187
195
123
146
105
110
108
112
136
140
193
190
175
114
135
109
136
162
120
129
121
151
171
155
170
169
124
199
166
198
104
112
152
113
150
114
114
124
132
173
146
167
141
150
170
109
122
170
162
100
175
135
150
147
107
112
155
153
164
115
132
194
181
199
119
101
198
126
167
160
176
186
199
180
179
138
106
192
119
128
136
179
173
185
102
166
112
104
129
165
142
111
145
172
180
162
172
148
139
166
183
186
157
179
162
131
120
116
113
106
156
199
188
175
120
104
195
112
110
187
177
183
156
187
185
127
130
153
104
138
178
176
166
125
159
153
148
127
118
181
111
189
150
149
151
113
123
105
136
129
138
103
158
114
139
173
195
134
116
109
105
198
126
103
161
130
185
156
165
195
180
125
171
109
110
109
144
177
123
117
108
102
108
108
120
191
180
168
151
185
117
111
161
121
113
150
164
136
112
154
121
113
162
117
131
137
150
115
113
168
182
187
188
171
139
148
176
143
131
156
129
154
173
140
189
146
128
123
172
167
111
180
160
153
142
155
120
120
115
189
113
157
123
186
111
164
138
100
189
118
168
128
149
182
184
173
145
182
133
198
160
151
139
175
154
189
135
113
107
126
109
176
140
177
164
118
179
157
111
110
160
185
168
153
193
154
