400
80
100
141
157
98
88
117
97
99
94
154
100
123
90
145
104
144
123
89
103
94
126
92
81
155
90
106
157
144
84
151
107
95
89
101
114
151
111
119
116
147
92
91
117
122
97
127
114
142
144
144
151
102
95
157
98
101
86
112
148
146
127
88
95
123
113
126
138
88
119
93
87
150
104
91
141
136
121
109
155
120
99
143
140
124
117
131
114
121
159
114
94
112
134
120
120
96
111
133
97
105
121
121
120
152
149
148
112
110
120
100
88
125
124
108
145
113
130
83
103
159
137
159
116
95
87
96
88
108
153
105
113
135
121
89
123
88
95
146
138
117
157
125
126
130
142
134
120
156
115
96
133
105
82
134
144
89
90
88
82
126
123
147
126
80
95
130
124
137
116
100
100
131
82
88
107
147
86
158
122
96
152
111
100
111
122
119
136
151
99
98
137
98
103
116
86
114
155
142
83
114
132
135
82
113
92
151
99
159
133
106
100
152
104
151
145
112
96
106
86
117
131
149
139
143
132
144
104
102
158
85
86
97
101
148
141
149
140
147
136
113
145
151
126
109
108
159
155
125
150
154
140
139
94
131
142
92
150
141
155
100
148
116
158
123
123
131
108
159
83
159
140
117
112
97
85
127
100
158
88
142
138
99
117
89
96
136
88
138
154
142
112
150
121
85
109
87
131
94
141
155
101
154
147
94
123
126
112
118
97
121
118
110
119
118
92
134
158
90
129
107
108
155
87
107
113
129
85
112
84
145
100
111
85
139
133
124
110
136
98
120
105
91
91
103
88
108
110
118
115
98
155
106
81
131
101
111
139
96
93
101
105
111
87
89
98
154
123
140
105
147
153
108
86
139
123
132
157
147
124
157
125
97
114
98
94
99
153
99
108
147
148
136
110
147
114
135
116
152
81
127
