500
100
101
105
104
95
98
101
103
99
102
100
104
95
95
99
97
103
101
100
99
98
98
96
97
103
99
100
102
103
105
103
102
102
105
101
102
105
104
96
95
104
100
98
101
104
97
101
97
100
100
104
98
103
105
97
99
101
100
103
104
103
97
105
98
97
96
100
100
101
98
103
100
100
98
95
100
100
104
102
105
105
104
104
96
103
104
99
96
102
97
96
98
102
102
102
95
98
101
99
96
96
99
96
100
104
103
105
96
104
102
100
98
98
104
98
96
98
95
98
98
103
100
98
96
99
95
104
97
98
97
99
103
102
95
99
104
104
98
100
99
105
104
95
103
103
99
104
104
99
104
101
99
102
96
101
97
101
103
96
98
105
95
99
100
105
95
102
103
100
100
96
95
103
102
102
104
103
95
97
95
104
102
98
96
105
98
96
96
104
96
104
96
105
95
98
95
100
105
103
97
100
98
100
97
99
101
98
105
104
99
99
105
104
103
100
99
95
104
101
99
96
99
102
102
100
103
105
96
98
105
103
95
97
99
103
101
100
97
105
101
101
98
95
102
100
105
102
98
99
102
102
98
101
105
103
105
97
101
104
105
101
102
99
97
99
103
100
101
99
104
97
95
98
105
97
105
104
105
101
99
101
96
95
104
102
104
101
105
95
98
102
99
104
95
104
95
98
100
101
101
97
102
95
98
99
101
102
103
104
95
95
102
103
104
97
102
102
101
96
96
101
103
97
101
96
98
97
102
100
97
101
95
99
104
105
103
98
103
99
103
99
97
105
98
96
95
100
95
95
105
105
99
102
100
102
99
101
103
101
104
103
104
95
99
105
97
100
102
103
97
104
102
102
95
96
95
98
100
96
104
102
103
95
99
98
95
98
99
100
105
95
98
98
99
95
105
97
102
98
105
95
103
102
98
102
98
104
101
105
95
102
97
104
104
100
105
98
98
95
97
99
101
97
96
104
105
103
105
103
99
105
102
98
99
101
98
104
99
99
96
96
99
98
101
100
103
101
105
98
97
99
98
101
103
100
104
99
97
95
101
96
95
98
105
102
100
98
95
95
99
103
95
99
98
96
99
105
95
102
105
105
95
96
102
102
103
101
102
103
101
105
99
99
104
105
100
104
95
96
100
98
