300
100
9
9
8
4
8
5
9
8
4
3
5
1
10
2
10
10
2
6
1
3
8
2
7
8
4
7
5
2
7
2
6
5
6
5
1
7
9
3
2
7
6
1
1
4
6
10
10
7
7
9
6
1
9
1
2
10
8
9
2
7
6
5
3
2
2
3
3
5
1
1
1
6
7
7
8
7
7
4
6
10
10
2
10
10
7
5
9
6
4
5
1
5
3
9
4
2
5
6
8
7
8
10
10
5
2
1
3
2
9
6
3
4
8
9
2
7
2
7
4
4
4
9
3
9
2
10
3
9
8
5
7
7
10
3
3
1
7
10
2
1
2
8
3
2
8
10
9
10
1
3
4
2
10
3
6
8
8
5
2
9
6
3
9
7
10
5
8
9
4
1
1
1
9
2
8
9
1
7
5
3
4
3
4
10
5
8
7
10
6
5
3
2
1
7
3
9
6
10
3
8
1
7
4
7
1
5
10
10
4
10
3
7
7
10
8
2
8
6
7
5
6
3
9
7
1
9
5
6
5
7
7
10
3
1
4
4
5
6
4
4
2
2
3
4
9
6
7
7
5
8
2
5
6
7
5
3
1
9
7
4
4
10
6
2
9
3
9
9
10
10
4
5
7
5
10
10
5
8
10
7
7
1
9
7
8
6
9
2
6
10
2
5
1
7
4
5
3
3
8
9
