201
100
103
101
100
105
105
99
99
103
95
99
103
96
97
99
95
97
98
102
103
95
95
105
97
105
98
105
95
97
95
96
105
97
96
97
103
103
99
98
102
95
105
105
98
103
102
103
98
105
95
101
99
100
103
98
105
100
97
97
101
104
96
105
98
101
98
104
103
95
101
99
97
99
103
97
96
104
105
97
103
97
101
102
105
98
97
96
102
105
102
99
102
98
104
96
105
95
96
103
98
105
103
95
96
104
99
102
105
101
102
98
100
100
95
99
99
99
105
99
95
97
101
96
95
96
102
99
105
101
103
98
105
98
100
95
101
104
97
101
97
105
99
105
100
96
105
97
99
99
100
96
105
96
97
96
97
105
96
98
97
99
96
101
105
95
103
99
101
95
98
100
100
99
105
101
105
103
101
97
95
98
101
99
104
105
105
98
102
99
100
101
104
104
95
98
99
97
102
101
104
96
96
