201
100
154
154
143
165
194
137
117
127
139
150
122
110
129
116
117
115
108
176
148
170
133
116
117
140
161
196
193
113
110
147
178
135
196
185
190
140
119
119
150
170
131
133
197
175
168
128
184
138
109
148
137
103
101
184
167
147
198
177
182
109
150
164
171
173
185
113
134
178
197
197
195
151
155
146
107
145
177
101
100
121
118
182
170
177
131
120
132
154
140
153
194
143
176
106
189
164
101
119
176
132
150
111
126
155
165
193
190
166
179
160
168
132
132
151
143
122
193
142
140
137
123
196
158
156
168
107
166
176
129
131
137
144
161
182
118
174
150
135
190
159
158
188
126
152
126
185
114
149
196
146
171
141
118
179
137
183
130
186
113
156
129
133
191
104
177
123
132
158
193
136
106
153
154
160
182
198
165
139
162
106
156
138
192
122
175
196
118
123
196
188
101
128
181
170
191
124
138
129
180
173
130
