300
100
234
1439
1911
1175
2889
23
1433
2134
2586
384
2919
1031
850
2508
2158
2176
1342
1757
1146
200
2681
2580
851
2627
1431
1419
354
1800
381
583
420
258
859
546
1106
488
1534
1624
1377
1844
2786
2370
1184
244
518
1932
1278
371
2914
509
2187
662
2713
2582
163
2024
1017
1469
2648
2829
2927
2400
299
2066
2421
2369
420
2187
1460
2842
2959
76
778
956
1235
2389
1256
2896
2308
500
2043
2012
1830
1167
1242
263
2375
2737
1080
2959
1209
63
696
2126
840
1388
759
1924
263
1751
1725
296
1188
323
2136
431
2653
1820
761
2778
2994
408
1852
503
2862
1287
1650
1554
2562
2260
2011
2690
1665
645
2490
115
640
2860
2462
1029
1357
2736
1078
1302
1307
1321
1030
770
687
921
779
1402
1517
1649
371
1227
2715
2433
2919
438
2262
2089
2953
2208
538
561
24
2555
2228
1282
987
1250
2136
1222
2479
2040
2790
2508
1446
239
2395
2360
2997
1754
625
2968
674
511
2877
875
2882
1488
2828
1754
2871
577
2162
385
145
2365
1316
634
1863
1589
2352
570
2893
2348
1407
1075
2879
28
140
49
1554
107
804
616
872
632
1669
2609
258
1565
255
2069
2548
2574
2744
2971
2148
1296
717
2826
2583
725
311
1013
2872
1704
796
1207
74
2105
2289
1841
480
1450
1668
2835
690
927
2365
2574
1488
2253
1979
2870
30
1666
175
999
999
2051
101
1024
24
219
1283
469
1475
505
1010
1556
1483
837
710
2252
2472
2229
174
2127
2035
2140
675
2494
2918
1091
632
826
204
172
412
149
1198
1663
2147
496
1559
206
856
893
1888
434
941
1691
36
1061
916
2962
