1350
90
162
145
136
163
117
123
99
164
110
125
148
169
141
133
176
163
145
153
146
118
147
162
120
169
155
114
98
114
123
168
127
139
136
107
159
92
143
165
153
90
145
170
152
176
117
133
144
158
170
128
119
126
141
127
130
121
95
128
156
130
147
162
170
147
141
137
143
157
124
179
147
157
109
111
153
95
173
94
137
103
176
114
171
146
169
149
133
130
111
163
167
170
126
143
163
133
177
143
140
120
115
100
176
124
141
120
167
103
166
115
127
170
134
135
100
128
126
142
139
137
162
146
127
102
151
155
109
140
99
153
166
110
165
94
155
123
119
90
113
124
160
105
148
166
166
146
103
90
92
174
130
142
92
98
166
152
130
144
169
110
173
167
163
93
157
149
159
142
164
108
163
165
124
173
106
174
171
108
117
115
114
131
106
105
143
123
134
111
175
99
111
154
111
120
167
145
101
143
132
147
176
165
125
166
177
162
150
135
150
123
162
124
130
91
101
115
117
119
146
134
101
125
162
152
169
164
167
92
129
172
112
178
138
177
175
125
129
117
149
164
116
120
119
90
164
178
98
169
115
171
175
161
135
113
176
169
154
94
96
110
179
132
135
170
102
110
146
129
153
119
94
104
132
145
101
100
137
164
103
156
127
152
178
174
122
166
144
115
179
163
167
93
171
155
142
105
108
125
157
98
127
113
101
129
164
167
146
121
155
124
97
102
104
118
172
108
170
135
117
111
174
152
138
137
162
150
133
116
104
103
99
123
138
151
132
125
170
102
153
177
171
101
177
114
135
137
148
124
109
155
162
96
109
114
167
173
129
126
102
129
119
160
95
120
90
106
143
129
143
170
90
176
97
157
126
137
108
91
163
164
157
109
122
130
139
102
126
147
127
169
159
121
178
168
179
93
105
110
112
146
91
130
126
170
151
109
170
173
91
158
162
150
174
176
141
175
143
174
130
105
103
176
115
133
130
137
97
161
134
90
107
96
96
119
174
128
138
177
92
144
165
152
117
148
120
171
131
123
166
161
178
117
170
94
115
164
92
171
170
157
110
116
91
131
163
159
141
145
137
163
153
121
101
93
150
125
135
178
175
90
175
91
168
101
92
112
104
173
105
131
138
135
106
165
161
161
179
105
156
104
124
95
167
96
103
163
99
106
162
168
155
142
108
129
175
124
140
176
110
164
145
149
137
107
99
94
136
178
140
109
149
112
142
132
143
120
127
113
97
146
113
100
135
166
122
179
165
158
144
150
113
122
125
121
132
162
108
170
100
134
108
90
102
163
150
172
153
173
113
130
125
176
166
105
158
104
144
166
142
114
135
142
173
158
117
90
137
145
120
127
118
144
178
172
135
151
100
123
147
126
168
113
167
152
156
93
136
128
140
138
127
173
166
108
167
120
170
101
177
146
110
91
152
165
156
113
126
140
157
92
146
161
119
139
142
171
174
160
175
123
132
98
133
166
166
178
103
129
175
174
128
136
157
103
148
130
157
155
155
143
128
165
141
172
166
132
167
108
93
130
168
145
99
164
156
108
127
178
122
163
123
153
120
179
156
171
109
175
126
142
140
101
176
114
162
106
176
135
172
147
154
156
146
96
154
152
130
150
101
171
173
175
140
101
102
118
169
116
136
113
121
95
130
105
174
143
151
171
163
118
141
165
125
162
135
176
170
164
91
170
179
142
100
174
112
153
146
132
102
172
91
114
177
99
152
124
117
92
157
148
94
139
106
125
115
115
164
156
169
125
169
144
145
144
146
134
170
178
158
178
104
126
133
94
166
122
104
91
93
101
177
102
136
92
116
124
161
120
96
168
127
124
94
170
111
105
149
137
91
167
98
155
147
110
104
150
134
161
169
139
164
160
151
159
173
111
156
96
109
124
97
114
167
174
91
151
90
141
148
139
171
155
138
101
128
143
92
161
101
105
136
123
161
95
146
153
111
128
150
139
122
115
134
176
123
110
162
171
96
99
131
162
129
98
133
90
131
143
145
107
114
93
115
147
155
157
167
152
160
100
134
168
178
133
111
139
164
176
122
170
121
119
112
100
107
122
149
165
127
118
169
178
171
90
156
125
171
176
137
106
151
131
96
97
117
131
145
178
152
145
142
127
106
138
104
100
177
171
164
155
119
177
168
160
139
117
153
106
133
94
139
153
101
160
142
124
121
129
156
132
90
114
153
127
134
108
155
154
127
101
132
104
108
159
123
164
162
142
104
148
132
98
136
135
164
166
117
152
132
146
112
156
147
173
102
153
153
161
163
141
172
122
93
101
165
168
100
107
128
92
121
160
161
160
97
140
137
91
137
170
127
107
118
109
122
119
177
139
92
109
176
146
158
170
99
172
149
126
132
93
123
129
99
166
169
108
114
166
155
130
172
167
173
112
126
148
94
107
135
118
122
130
105
156
103
176
90
95
162
95
133
92
116
166
127
145
103
151
114
169
147
156
150
165
159
91
137
131
98
158
178
133
138
136
93
148
159
166
133
171
112
171
128
109
118
135
119
118
133
100
115
110
99
129
145
112
139
118
107
93
133
164
170
97
171
108
150
107
118
172
166
159
148
175
92
138
120
172
107
117
109
118
139
149
92
166
178
144
119
125
147
107
134
100
160
142
160
155
178
111
179
123
158
131
149
143
114
116
134
112
165
150
91
102
135
124
179
173
119
113
169
102
102
131
99
122
136
156
162
128
176
103
158
160
139
172
160
150
167
157
147
158
159
157
110
170
136
103
111
141
174
145
165
94
138
92
161
174
152
172
125
108
148
137
163
108
123
144
152
122
93
162
156
147
95
92
140
158
93
130
166
108
106
145
121
91
105
106
105
112
169
104
129
165
148
152
173
93
177
100
166
101
159
128
97
98
97
107
108
103
123
141
112
93
162
108
123
141
167
127
124
101
127
165
92
117
175
114
135
109
115
129
133
97
122
123
124
146
108
148
134
90
167
132
100
104
115
138
146
164
138
153
164
122
108
161
117
116
131
139
163
110
116
123
173
172
126
95
132
114
153
164
142
128
104
127
171
158
176
130
160
92
95
161
123
138
130
116
167
169
