450
30
34
58
58
37
41
52
36
49
52
44
37
54
32
32
39
44
54
39
58
45
51
41
48
54
32
50
48
57
45
59
31
40
51
36
49
33
52
36
37
38
52
38
36
55
37
41
39
49
57
55
33
55
54
52
44
54
54
53
57
41
45
45
44
41
52
51
35
41
30
38
44
41
49
49
45
51
55
32
42
32
42
51
45
39
59
54
40
38
30
34
59
38
53
55
46
43
59
35
47
57
49
51
35
51
31
37
57
38
44
51
44
59
55
45
56
35
37
55
56
46
58
31
51
58
32
45
35
57
30
32
59
40
56
34
34
42
47
43
33
56
44
57
54
40
59
45
39
32
40
37
48
54
49
31
51
36
33
50
34
55
38
30
38
47
46
58
57
38
44
45
40
31
56
31
33
51
37
33
54
31
31
44
52
52
33
50
47
31
39
47
50
35
54
31
51
30
43
53
30
47
50
33
51
53
50
35
51
33
50
50
52
56
52
44
59
34
58
33
44
51
55
45
46
44
40
58
54
44
52
59
32
35
59
31
45
50
46
44
44
52
56
37
55
50
41
41
35
52
51
38
51
51
34
59
59
51
32
38
44
53
33
43
30
56
43
54
49
30
55
37
33
49
42
58
46
45
45
40
37
36
54
32
37
34
56
46
59
38
46
43
50
47
45
51
32
42
51
52
35
54
38
44
55
46
54
44
53
31
39
46
59
58
38
48
33
38
40
56
50
37
52
35
52
48
32
30
54
59
59
54
53
30
54
37
34
38
37
47
45
55
48
44
44
51
58
55
32
56
52
52
57
34
54
57
51
45
33
48
44
38
41
57
47
41
47
45
37
57
37
32
34
30
38
52
37
59
50
39
43
43
42
47
59
43
36
53
56
31
55
42
40
34
38
49
46
32
41
38
48
50
58
38
39
38
37
31
43
58
41
57
40
30
45
31
59
31
53
41
34
52
55
55
34
39
57
55
43
33
39
43
30
45
30
44
42
57
42
30
47
49
42
50
54
40
56
49
32
57
34
50
