180
60
72
29
34
42
12
45
79
62
77
11
10
77
20
17
79
48
73
35
70
27
29
18
95
66
91
64
47
67
1
31
81
47
82
71
47
5
81
78
34
71
51
14
25
13
63
37
9
2
26
53
58
57
85
83
92
12
66
77
46
14
33
76
77
26
70
6
61
55
29
63
59
98
62
33
94
6
10
93
35
82
47
24
73
16
6
85
1
49
23
24
87
20
14
92
89
94
90
52
27
50
98
88
99
74
34
100
12
34
99
52
61
85
93
4
53
19
69
82
59
20
30
95
37
86
50
82
88
25
52
3
79
9
55
63
26
33
55
80
90
24
52
29
88
11
58
34
62
68
58
30
2
61
60
9
2
83
1
14
32
96
45
31
30
96
82
98
57
25
93
45
22
21
70
46
41
77
6
99
29
14
