250
50
2
4
86
25
47
40
59
87
93
39
65
23
24
41
22
51
55
60
53
77
44
24
19
43
77
38
87
18
67
24
82
34
6
32
60
61
4
73
89
93
70
10
48
11
13
41
70
63
23
59
96
61
47
51
94
31
32
91
90
43
45
22
2
50
81
89
33
70
90
5
64
2
46
51
42
36
53
24
83
83
58
66
98
99
4
64
46
11
28
29
87
89
13
12
45
50
31
60
12
49
68
29
1
5
84
65
34
17
95
24
69
89
72
91
35
19
41
77
3
80
3
2
11
30
90
51
61
71
58
37
81
68
78
57
96
25
30
71
86
30
11
25
91
25
65
40
63
71
58
44
97
14
70
77
98
91
94
54
20
57
9
50
26
12
73
13
18
43
87
28
79
25
77
27
79
39
35
26
27
94
50
41
23
23
90
70
89
26
27
25
51
90
45
75
79
86
84
46
40
54
32
61
19
50
22
37
87
63
8
99
47
64
67
65
63
6
69
34
88
34
68
39
2
45
93
46
53
12
63
70
23
30
30
33
82
48
2
61
19
40
36
55
37
74
6
76
78
76
67
58
