181
90
41
24
130
156
116
75
145
79
20
76
41
119
157
108
8
140
53
123
177
75
146
124
153
136
36
156
89
79
68
18
13
126
169
119
22
14
31
103
21
19
156
25
38
59
114
94
1
166
153
6
27
76
82
6
55
154
126
130
165
155
167
86
75
53
34
103
22
115
39
46
29
170
65
42
54
127
158
141
45
21
139
115
162
48
4
179
137
141
77
88
32
130
53
81
136
147
155
12
144
135
134
61
87
23
31
106
49
167
168
93
162
81
158
144
109
9
122
28
115
157
60
23
92
23
23
46
50
81
129
63
26
143
155
111
179
38
49
72
100
79
61
124
50
2
166
54
44
40
152
1
4
27
20
163
148
128
79
71
142
163
77
124
58
24
140
73
81
78
12
179
15
158
94
113
16
150
62
89
121
144
54
