300
30
98
99
105
104
104
104
104
99
105
97
98
101
98
96
100
95
103
95
101
95
95
95
95
105
97
98
99
96
95
99
96
96
101
98
103
100
97
100
105
104
101
103
96
99
99
95
100
104
100
99
99
99
95
99
101
103
98
96
100
95
103
99
104
104
96
96
96
95
103
103
103
101
102
101
103
100
101
102
98
95
104
102
97
104
98
105
100
100
96
98
100
95
103
103
104
96
105
101
100
100
104
102
95
105
98
95
97
103
96
105
99
100
97
102
102
104
97
102
95
101
97
98
98
96
101
101
99
95
104
104
95
105
96
100
100
105
99
102
105
96
98
100
95
104
100
105
100
97
99
102
103
100
104
96
105
97
96
95
98
97
102
98
100
103
104
102
95
101
97
98
96
98
101
104
105
98
102
95
102
99
98
100
100
105
99
97
98
95
102
104
105
101
99
97
96
98
103
104
101
99
98
95
101
97
103
97
98
96
96
98
104
103
99
99
100
101
100
96
101
99
99
99
98
98
105
98
95
103
104
97
98
96
101
104
104
97
100
100
98
99
100
95
102
95
104
96
105
104
105
96
98
97
99
105
96
97
97
95
99
103
102
95
105
97
102
95
105
99
101
102
101
97
95
97
101
97
104
103
105
98
104
96
105
99
104
104
101
105
103
103
102
97
103
96
100
96
105
96
102
100
