400
40
10
1
5
9
1
3
1
10
7
6
5
3
4
1
9
9
2
1
10
1
9
3
8
3
2
3
6
5
3
2
7
6
5
5
1
8
7
4
3
10
3
1
2
3
5
1
4
7
10
9
10
9
3
7
3
9
9
1
1
7
7
6
9
4
8
5
8
2
10
7
9
10
9
10
6
4
10
9
9
3
10
10
5
4
7
8
2
5
8
3
7
2
1
6
7
9
1
10
3
1
6
3
9
4
10
4
9
10
5
7
3
7
8
9
10
4
6
5
9
6
7
4
4
4
6
5
9
9
4
5
1
2
10
6
5
1
10
6
10
9
2
1
9
6
7
8
5
8
3
4
5
8
4
4
7
10
9
6
1
2
4
3
3
2
1
10
7
6
5
3
3
3
3
2
3
6
1
10
4
10
7
3
3
6
3
8
8
4
9
5
7
3
5
10
10
8
3
2
1
4
5
8
10
6
10
8
1
9
5
3
10
4
7
1
4
9
6
9
2
3
4
6
7
2
7
7
3
10
4
10
2
8
3
8
9
4
8
8
2
8
5
6
10
2
7
1
9
9
4
9
7
7
8
7
5
3
4
8
7
7
1
2
5
6
6
1
1
5
3
1
10
9
9
10
4
3
2
5
4
8
6
2
10
9
4
10
6
5
9
3
7
2
4
3
7
4
3
4
2
1
2
9
7
6
7
5
2
3
2
3
6
1
7
1
10
5
3
1
8
1
1
10
10
3
9
8
6
3
2
4
2
3
9
4
1
1
10
9
1
7
3
2
2
4
1
9
6
9
2
1
5
7
3
1
2
5
1
8
2
6
1
4
4
9
6
1
8
2
3
2
6
10
5
7
7
10
8
4
5
3
6
1
1
6
10
2
10
6
1
8
8
7
8
8
3
3
1
8
4
2
