700
70
51
83
65
7
27
90
70
92
19
84
44
64
14
30
52
35
80
95
8
49
18
59
21
16
66
84
83
54
25
70
38
55
26
100
22
91
44
63
65
9
21
26
46
36
89
84
38
22
66
98
28
83
16
96
9
37
56
21
17
74
58
53
32
47
71
55
51
39
79
45
54
88
42
86
31
65
42
36
59
48
9
37
62
92
49
28
56
2
30
91
49
90
40
57
95
100
45
6
76
5
41
29
28
16
68
82
9
11
87
68
73
11
79
22
89
6
86
47
55
70
23
78
56
98
26
65
69
36
74
60
25
34
40
72
94
33
25
37
99
81
30
57
85
46
80
76
72
67
45
36
87
88
7
78
74
9
33
97
6
29
46
40
96
63
34
89
6
46
79
28
38
61
83
16
5
78
80
30
44
90
28
46
91
89
88
75
41
65
61
74
31
10
77
61
47
57
42
85
18
63
9
20
20
99
15
70
98
40
24
48
9
72
90
13
35
78
6
5
68
59
15
87
24
75
12
64
31
12
74
93
15
51
76
29
31
53
17
76
20
66
67
37
69
45
85
63
44
58
25
39
27
9
19
62
5
94
66
59
85
81
76
91
53
2
26
20
42
34
72
12
3
66
3
27
34
98
50
29
60
86
5
48
78
59
67
93
62
51
75
85
61
93
49
25
54
99
10
7
87
24
70
31
77
82
95
97
69
94
75
70
89
92
57
89
13
98
68
49
23
72
73
30
16
62
61
31
95
5
38
34
100
75
67
55
69
79
76
36
56
84
23
92
29
34
43
45
48
76
26
53
18
17
23
12
44
71
2
14
65
18
53
95
50
23
63
76
62
7
34
62
4
34
60
100
10
9
32
6
99
76
84
13
93
39
71
69
82
22
43
96
88
84
71
67
13
98
53
89
92
69
81
50
24
94
63
57
32
93
100
27
1
75
77
68
89
5
4
96
27
48
18
98
48
6
15
59
54
57
70
95
40
32
92
26
27
14
71
36
7
62
82
81
40
79
82
73
37
33
2
58
17
89
48
75
18
97
35
26
88
32
38
98
14
9
14
32
47
69
41
60
89
90
58
63
88
24
64
68
3
81
13
65
40
47
12
70
6
97
83
9
36
42
40
66
24
78
70
75
18
35
70
24
16
94
47
47
68
29
96
35
10
52
46
21
66
83
20
69
3
71
76
93
6
91
60
35
86
20
42
49
65
8
84
98
7
69
30
62
51
41
75
28
63
87
24
65
63
66
7
88
55
57
49
29
87
35
6
18
61
39
77
40
82
73
97
19
68
83
78
8
79
58
45
11
73
10
39
71
34
3
46
99
100
97
2
39
15
74
54
83
99
69
2
37
62
6
82
78
47
17
20
26
18
81
29
19
46
85
48
47
71
16
36
77
6
84
54
30
89
64
21
28
34
78
59
13
37
68
92
5
28
85
30
72
41
3
70
86
97
65
65
51
92
84
45
86
1
77
100
78
21
21
53
51
74
9
54
6
16
51
20
55
90
72
58
18
3
75
70
35
44
98
8
80
6
94
91
86
71
49
34
16
64
15
13
82
15
55
72
42
75
98
35
43
13
40
91
35
36
31
