210
70
710
1955
1351
1748
523
1167
1675
337
701
518
900
1246
70
1198
413
106
1831
247
1000
594
1291
183
1281
534
1328
177
658
1752
1176
876
899
2045
902
803
2080
558
1697
1323
1641
1212
975
702
1775
1206
436
1186
621
1904
963
1701
1201
325
1069
1010
408
1847
1396
1311
2012
857
1691
1281
483
491
985
972
2099
275
2061
1963
270
793
1791
2086
1910
1576
1783
214
1724
1855
203
31
1056
214
91
455
1570
1525
1956
313
225
742
1190
1156
1071
1841
346
1046
1641
1421
1389
1638
1296
809
1834
1005
1508
194
356
1072
674
162
1545
277
1938
352
44
141
1129
1879
1990
1795
670
304
741
1963
444
1646
736
819
275
743
124
1552
13
705
146
1887
982
1179
1070
762
544
1129
1885
257
1639
66
740
652
2059
1378
482
236
330
1829
199
1086
807
1754
417
1379
517
1854
936
1676
1061
1613
1716
1287
2086
1521
186
470
298
1158
59
1175
858
437
968
53
326
337
1785
2052
770
1565
1343
959
1311
950
1392
1094
954
1413
889
1708
564
1617
1749
968
627
612
1989
848
405
515
1496
290
