1000
100
179
139
165
159
111
195
172
194
112
108
110
143
143
173
130
167
111
195
101
103
106
145
178
156
116
119
195
159
103
144
146
128
145
176
199
106
149
108
153
162
185
149
128
117
130
113
144
169
178
114
185
141
166
190
140
117
152
113
149
115
155
162
105
106
138
129
198
113
107
158
139
106
149
113
134
192
161
102
150
144
192
192
163
108
156
117
119
150
185
111
161
157
116
119
169
159
142
120
185
193
183
130
139
172
148
139
113
181
158
143
140
114
172
151
144
157
137
122
199
157
111
105
177
180
120
151
151
112
124
158
137
160
123
160
194
163
111
185
136
101
157
181
180
129
169
133
103
126
143
133
181
139
179
142
172
190
108
126
119
182
124
150
104
118
167
145
156
134
123
192
120
122
165
188
149
142
182
117
115
196
107
108
180
146
130
125
166
100
161
165
155
171
110
171
167
148
161
187
189
123
118
166
104
162
165
153
174
153
134
192
172
196
151
146
136
196
126
163
130
124
182
190
108
113
121
168
130
112
130
183
175
182
151
140
127
164
163
114
186
120
179
195
184
148
143
143
196
186
165
135
181
183
196
195
122
170
199
131
131
135
145
152
143
135
131
149
128
148
129
103
198
181
110
147
161
193
156
160
182
192
195
175
119
195
124
167
151
121
179
152
127
155
104
187
178
164
186
114
195
195
187
172
144
100
199
145
176
144
160
116
151
172
129
185
160
187
166
162
194
190
194
178
183
190
137
199
183
108
162
148
187
115
102
188
139
150
113
109
181
172
164
185
144
189
168
121
178
124
166
194
152
171
146
140
175
169
125
101
146
162
132
193
107
168
193
166
123
162
127
157
152
156
123
184
185
170
125
194
150
191
164
148
153
129
194
160
173
116
130
105
113
151
114
100
149
195
114
130
158
102
182
197
150
136
168
189
129
133
116
170
123
111
163
109
141
175
188
115
189
156
178
139
178
102
172
158
164
110
178
117
164
154
117
173
170
122
148
115
195
189
152
136
117
157
125
129
191
177
100
185
193
127
173
148
172
101
150
195
130
175
150
189
190
134
108
171
107
174
154
108
132
112
110
165
131
189
130
141
184
110
146
162
157
104
147
138
186
103
180
171
123
116
108
107
117
196
164
141
166
143
153
142
125
149
194
131
181
187
158
164
160
138
117
187
133
135
142
185
156
124
170
122
181
123
196
190
155
177
123
118
103
194
180
136
171
193
136
138
182
167
167
175
176
197
156
174
157
105
107
150
188
159
166
138
113
185
171
160
196
156
117
126
114
104
136
153
103
174
121
162
164
109
184
191
189
148
184
139
199
145
197
120
169
131
140
106
145
164
141
178
114
123
185
188
166
199
110
186
162
119
102
164
157
165
152
112
110
141
174
166
155
156
187
163
165
138
138
116
125
164
175
124
145
128
188
195
102
122
194
191
106
145
165
126
151
120
144
167
168
136
170
136
133
192
187
185
180
160
100
170
168
133
152
116
196
192
184
194
116
118
188
122
196
164
193
151
110
194
114
128
187
138
105
161
111
101
185
140
114
173
198
133
103
142
190
101
108
188
122
173
187
181
175
131
169
175
142
178
127
103
123
141
122
162
109
131
152
106
193
105
164
180
131
108
140
117
183
129
116
145
128
174
161
192
114
157
149
174
162
155
155
180
117
122
170
136
129
114
177
157
191
134
132
144
197
174
124
188
197
183
196
155
192
199
113
182
138
161
144
165
154
113
124
159
161
131
128
195
197
156
163
175
165
196
131
125
194
115
178
148
104
137
171
183
135
188
107
157
198
157
194
165
183
123
115
117
147
177
198
178
171
196
193
109
161
115
169
149
136
184
137
118
138
116
100
181
130
176
169
171
170
104
159
111
135
116
167
114
148
130
183
126
144
136
156
174
166
175
187
168
148
176
135
138
145
127
182
146
107
136
180
143
193
196
127
185
169
177
164
150
114
121
161
153
121
140
133
190
105
155
102
119
108
176
190
108
179
108
107
108
160
167
178
130
109
188
196
140
136
175
159
170
193
150
143
164
145
110
195
187
140
193
128
107
141
135
180
141
132
117
186
124
156
105
123
105
112
142
113
145
189
158
154
186
133
104
117
150
132
183
198
174
128
151
131
123
191
113
125
108
152
103
114
122
152
114
194
172
141
105
144
102
104
192
110
147
119
143
140
142
195
199
112
167
136
113
177
155
195
105
164
131
167
190
106
135
189
168
142
156
145
148
183
173
138
191
174
106
142
104
116
184
117
114
105
151
145
132
169
112
