400
40
99
104
96
105
98
101
95
104
98
103
97
97
99
100
103
105
104
103
102
100
104
103
95
101
102
105
101
103
98
99
99
103
100
101
100
102
105
99
100
101
103
95
98
95
105
95
97
97
102
95
95
100
96
105
95
101
104
97
95
95
105
97
98
96
101
105
105
96
97
102
103
95
98
105
100
96
96
99
98
102
97
96
102
99
102
96
101
95
103
100
101
96
95
102
101
101
104
101
100
101
95
99
100
101
96
95
100
105
105
105
105
98
100
101
103
100
95
100
98
98
101
98
101
96
105
105
96
97
104
96
97
100
96
99
95
101
102
95
102
100
104
100
103
95
96
95
95
97
99
95
101
99
96
95
102
105
99
96
100
101
96
103
99
103
95
97
105
101
96
99
97
97
100
102
103
100
97
96
95
97
99
103
105
103
103
105
101
99
97
99
103
100
104
101
100
102
102
103
97
98
98
100
101
104
100
96
97
104
102
104
102
99
101
101
101
97
97
100
95
105
98
98
104
104
95
100
95
96
100
96
95
100
99
97
104
102
104
98
95
101
96
105
99
99
105
104
96
97
104
103
104
96
101
99
97
95
96
97
99
98
96
100
102
105
96
100
100
105
95
98
103
95
102
102
105
103
102
105
102
97
102
104
96
104
96
104
105
103
96
99
105
99
101
101
96
99
99
96
104
95
105
104
98
104
96
102
97
99
104
102
105
104
98
105
99
101
97
101
100
101
100
101
104
103
101
103
105
97
97
103
100
103
97
101
104
100
104
102
105
103
104
99
98
98
99
100
101
95
104
105
96
102
95
104
99
100
100
97
104
99
98
98
96
104
101
98
102
101
95
98
96
98
95
103
105
105
104
95
103
103
104
95
100
104
95
95
103
95
101
104
97
96
96
102
96
104
98
99
103
96
