181
90
97
104
103
95
105
105
99
101
100
95
99
99
97
103
102
96
101
104
99
99
102
97
95
105
104
98
95
98
102
105
97
97
101
102
100
99
98
100
100
101
105
97
96
102
95
100
97
103
102
103
104
99
104
98
103
105
99
99
98
95
100
99
99
97
98
98
103
97
99
99
100
98
95
96
105
100
105
97
105
95
102
105
102
95
95
104
96
105
96
99
101
97
101
104
104
95
102
97
95
101
102
96
101
100
98
105
105
95
105
98
105
98
103
97
103
105
104
101
95
97
103
104
104
99
100
104
101
98
103
96
100
105
97
105
103
102
96
100
98
96
98
98
104
98
105
100
102
99
100
97
99
97
104
99
104
98
97
100
97
98
97
101
98
97
101
97
99
97
103
105
102
102
105
105
101
99
104
98
95
97
98
