180
60
1131
219
1515
753
1542
33
1375
376
857
1475
138
990
1557
998
1111
832
1583
190
1049
586
1446
122
1374
1397
1200
1075
1608
754
1647
1560
1238
1543
1761
1423
646
300
1360
598
252
670
903
1450
1627
1313
1616
1153
1410
1166
1265
1242
602
1194
657
801
1290
1559
1466
1773
5
1216
269
1598
629
793
1621
455
940
1155
583
920
606
194
1489
101
487
20
1691
1243
402
722
811
709
1768
1754
1421
1041
1070
1470
66
97
209
964
1152
581
1721
1093
492
1776
56
1486
1087
605
456
1122
435
1019
1581
449
786
1566
453
854
1573
642
295
1577
1487
305
623
318
1358
577
1758
617
14
285
1708
791
98
1075
1147
1058
552
524
239
183
1027
1138
861
327
1755
556
889
654
1381
435
1621
1017
793
1309
1281
293
1127
593
597
1110
302
1326
1494
933
666
1644
1596
1162
604
796
1033
392
39
401
832
309
398
584
1131
295
580
1459
574
1018
