270
90
82
86
71
57
47
18
19
21
87
23
90
53
16
83
4
90
18
45
43
24
77
91
50
86
92
22
56
88
62
49
22
33
61
32
87
64
24
86
41
97
80
29
55
63
22
95
35
100
63
17
99
8
86
29
81
85
7
60
76
95
86
66
82
88
79
98
38
51
44
92
69
92
55
91
8
3
93
63
70
62
73
85
47
83
39
17
99
4
78
32
26
45
32
75
84
58
40
100
34
2
62
9
61
58
14
75
3
83
64
76
49
25
81
73
33
58
71
1
35
10
38
75
73
86
5
87
100
53
72
62
98
79
67
74
5
44
58
4
58
51
83
14
57
27
41
15
61
66
48
48
34
5
26
59
89
52
62
90
70
73
76
52
34
26
59
69
32
86
91
78
28
38
78
56
61
86
58
68
72
54
62
26
31
61
55
91
27
45
1
60
50
45
46
54
42
98
6
64
60
82
19
30
75
42
6
66
55
62
83
18
47
21
15
56
76
33
22
100
86
45
20
93
13
29
89
39
53
3
42
68
64
20
45
74
90
39
28
40
82
32
73
89
55
7
44
53
13
80
97
47
2
36
80
16
99
71
35
95
88
73
98
80
3
45
56
21
2
63
1
99
