800
80
118
11
148
15
95
58
100
38
159
147
74
107
86
20
43
84
18
156
12
36
64
33
93
50
109
108
153
131
37
68
96
133
27
41
78
1
4
59
66
153
130
35
96
130
16
149
132
127
59
81
147
107
32
132
25
156
71
48
29
101
74
132
24
83
54
88
55
15
57
124
75
122
158
159
68
56
61
13
136
85
35
123
51
81
129
82
130
62
109
45
73
38
124
130
60
5
4
47
103
61
144
29
106
58
46
108
46
19
154
145
25
157
77
112
45
151
94
21
56
34
95
45
81
66
20
77
60
104
141
23
42
159
44
141
32
43
40
45
101
92
26
24
159
159
50
7
101
8
122
76
34
40
107
137
68
78
149
135
18
106
150
12
80
34
95
9
138
131
149
18
117
116
42
150
29
63
25
5
16
86
18
159
133
56
75
118
152
76
153
33
21
159
27
3
83
136
48
115
145
109
140
119
8
158
101
88
59
37
102
147
73
147
122
143
52
18
89
128
118
43
110
72
8
12
1
78
75
111
44
33
16
132
66
52
140
106
2
28
138
73
156
28
45
40
75
4
124
94
7
7
156
49
63
114
20
103
73
95
127
92
104
148
83
107
137
108
158
26
40
127
38
115
104
30
47
89
157
55
18
118
64
153
145
149
99
125
17
117
15
19
88
121
60
36
47
133
114
22
135
78
16
40
49
152
67
113
81
155
57
94
29
6
78
70
134
91
63
83
109
133
143
152
71
50
53
16
63
130
60
106
20
89
122
22
137
67
116
71
159
151
114
25
110
82
18
33
133
100
44
103
4
82
65
55
146
119
48
53
103
33
34
150
136
28
86
31
76
6
98
44
88
34
130
70
30
17
139
21
109
104
102
72
15
79
116
99
15
50
70
72
33
22
51
79
52
50
116
26
41
140
102
28
67
157
53
84
34
134
18
78
104
15
31
8
156
57
146
40
59
68
13
38
129
148
95
87
47
31
116
150
119
127
93
120
75
77
63
120
140
48
21
15
43
110
2
60
92
80
105
49
53
100
38
48
23
111
78
107
18
39
154
98
42
19
74
136
26
24
125
70
94
133
131
6
59
13
54
37
145
143
4
158
148
58
112
113
52
44
111
47
44
86
147
105
56
5
69
141
143
126
47
103
91
41
41
156
43
48
23
100
147
121
116
24
159
154
114
131
75
69
75
81
109
104
105
41
4
114
38
1
70
4
2
50
113
114
126
129
34
97
65
27
47
29
11
18
115
26
45
71
46
42
70
82
110
2
50
136
73
144
122
156
82
131
3
8
68
6
97
118
105
147
159
39
106
81
148
11
7
2
146
12
126
40
119
98
122
74
3
50
66
150
52
135
59
57
90
128
45
109
52
156
143
126
104
76
151
148
145
134
68
78
89
92
124
29
23
17
100
136
86
80
154
59
135
132
52
85
139
61
113
41
114
106
78
69
66
48
82
20
60
37
97
48
127
12
8
85
9
135
71
66
3
71
7
67
112
44
25
48
71
20
44
126
69
59
51
144
6
24
19
12
142
110
124
43
44
79
62
107
107
45
85
32
54
2
54
70
125
156
14
30
7
64
78
49
7
74
17
69
40
21
150
27
65
141
45
1
2
63
118
5
39
133
25
87
6
24
153
120
90
132
35
23
1
98
149
5
149
70
158
142
17
92
25
17
14
36
116
40
99
113
81
139
100
47
129
23
26
17
7
122
23
36
53
8
106
136
25
86
149
43
54
79
29
133
69
145
118
101
126
32
155
135
144
45
124
30
156
110
127
159
89
65
151
96
103
127
94
117
53
106
98
65
16
149
58
73
139
71
