600
60
112
110
111
77
73
94
93
115
86
61
109
72
68
93
111
92
101
112
83
82
114
93
99
87
103
116
97
105
92
109
100
74
111
100
92
108
114
64
96
74
89
70
90
80
93
106
91
118
105
114
64
96
101
82
108
63
79
84
74
85
102
61
89
73
103
100
89
64
100
63
63
104
98
112
110
95
110
97
67
115
60
119
106
82
69
113
60
87
73
99
115
94
103
62
69
118
96
99
92
96
104
63
65
101
60
82
89
87
78
77
98
92
61
93
86
80
60
96
71
68
88
64
62
108
64
101
87
61
64
116
60
97
67
111
75
95
91
112
76
66
113
87
98
103
118
88
70
61
111
67
74
87
75
71
104
98
118
65
95
69
60
77
97
110
86
85
117
113
69
66
60
67
106
83
71
104
86
114
94
99
101
107
81
69
64
113
91
101
89
62
109
101
91
83
106
81
107
71
78
66
72
60
119
68
66
105
103
115
86
91
80
104
104
66
69
82
73
74
67
119
85
100
80
113
75
92
74
115
118
103
113
86
108
104
70
95
96
111
76
111
106
108
90
67
82
60
113
114
103
78
66
94
68
79
65
117
96
113
63
68
66
98
108
66
69
68
106
110
70
64
86
75
61
62
104
96
66
118
83
92
70
71
84
84
89
63
114
83
66
107
102
65
78
63
66
94
65
108
113
70
80
69
65
62
106
79
80
103
73
73
105
104
95
68
68
73
95
67
97
80
81
91
91
91
94
74
88
72
102
111
97
93
74
89
74
63
65
73
113
79
102
89
80
96
82
80
71
110
108
92
64
113
119
68
101
97
114
76
103
70
103
75
111
100
116
99
106
81
92
102
67
103
65
89
61
95
60
74
107
82
98
92
112
112
62
65
62
106
74
74
81
64
61
83
68
75
116
74
105
113
104
93
114
90
85
86
77
71
103
107
109
63
69
109
112
65
81
89
65
76
85
66
73
71
60
119
107
114
81
74
75
113
87
61
102
114
105
76
60
73
108
66
90
81
95
87
65
111
84
92
114
61
117
67
61
76
109
113
96
61
98
118
85
78
75
64
73
66
76
95
92
72
85
80
113
67
77
117
111
85
97
109
88
61
96
72
86
90
70
110
115
104
97
78
77
104
65
108
97
79
90
86
91
101
104
91
77
99
103
95
97
104
80
91
115
62
101
94
62
84
91
117
98
116
70
82
93
68
100
104
88
62
116
64
99
110
92
107
109
68
86
64
111
64
118
108
91
75
82
118
71
112
105
115
92
92
65
108
64
68
63
113
117
86
109
63
80
68
100
107
79
63
84
77
79
64
95
110
88
71
83
94
79
79
60
85
98
88
65
81
105
84
96
95
103
85
79
79
92
100
