150
30
98
100
97
104
97
100
99
99
95
101
103
101
105
104
95
100
103
101
95
99
102
101
95
102
105
99
101
100
96
101
100
102
102
105
103
96
99
101
102
102
95
103
102
100
96
104
102
102
99
100
104
99
99
104
104
98
103
104
105
99
103
98
103
100
99
104
99
97
105
101
95
100
102
98
99
95
102
96
101
99
101
101
98
97
102
102
104
96
102
101
100
98
98
100
101
95
96
99
99
97
104
103
100
103
105
98
104
95
99
103
95
100
100
95
95
96
97
96
95
98
100
97
96
100
103
100
99
96
98
96
100
95
99
104
97
95
99
101
98
97
98
103
97
96
102
102
105
105
103
101
