900
60
103
83
70
65
71
82
81
66
89
60
86
96
90
107
106
83
110
87
87
118
62
91
106
92
80
115
72
82
80
81
63
75
97
64
99
67
61
91
94
94
84
94
110
78
69
81
63
72
68
112
83
65
110
94
88
87
81
105
65
70
107
104
105
114
113
92
67
74
80
68
61
87
118
81
68
92
99
75
117
62
63
83
100
88
90
103
93
108
99
108
71
95
91
115
91
113
111
80
79
61
93
101
82
112
80
107
118
65
65
106
111
102
76
98
63
83
84
92
99
94
77
62
102
90
65
115
81
60
88
93
63
105
63
99
85
88
106
104
68
70
66
79
71
88
91
86
98
89
76
62
93
65
69
93
86
87
64
97
114
108
87
85
99
74
118
60
102
88
71
89
106
89
97
81
67
78
108
75
72
76
115
117
119
66
92
73
69
88
113
93
104
91
88
114
118
111
106
80
117
117
65
78
96
79
102
92
106
85
118
109
76
96
110
97
119
87
111
90
87
100
115
113
117
81
88
76
93
79
74
99
92
80
63
105
71
67
81
98
67
116
94
94
76
77
76
114
115
112
95
85
112
76
62
84
78
60
118
93
71
116
97
82
86
117
112
93
112
106
72
115
116
73
117
98
61
79
88
91
116
100
114
112
118
65
100
115
85
79
70
75
73
77
108
83
70
77
68
80
68
96
78
102
114
97
92
72
85
67
86
103
110
105
103
88
93
94
70
76
116
94
66
73
89
100
101
97
86
81
116
70
95
88
90
60
116
74
79
71
82
96
115
78
78
84
118
71
77
99
111
97
111
86
77
90
104
63
86
106
104
77
72
68
80
75
80
90
117
106
72
80
60
99
106
60
71
72
75
115
87
92
63
99
74
86
89
112
77
104
113
71
92
62
82
109
107
64
88
76
64
112
113
73
71
74
107
110
97
118
90
72
115
67
110
111
67
70
80
83
106
117
73
79
79
90
72
70
65
86
69
74
102
70
81
60
99
81
80
111
110
62
100
117
79
69
76
64
100
62
117
107
85
100
103
86
69
112
101
87
111
109
94
84
78
64
111
113
66
95
79
81
105
61
80
91
88
102
64
84
90
102
94
117
72
113
95
68
113
72
85
88
77
110
72
86
66
84
68
82
60
78
91
115
101
81
65
99
110
112
96
119
61
102
69
89
69
119
99
114
89
69
88
67
114
119
84
81
113
71
78
112
67
105
96
111
116
87
60
112
115
81
99
117
92
111
91
116
62
82
97
82
92
66
68
110
75
99
88
91
105
108
82
97
74
97
94
90
103
84
74
119
76
64
96
80
62
97
69
73
96
75
108
86
72
105
119
63
99
73
88
67
115
69
87
79
77
86
88
107
80
77
92
69
118
71
76
115
69
84
83
69
62
110
119
111
90
104
80
83
70
84
110
89
93
95
77
91
103
85
109
68
74
65
119
65
70
105
68
86
102
72
69
93
92
114
102
71
80
93
76
93
88
71
110
92
106
111
65
77
90
119
64
81
76
63
78
60
113
78
105
99
107
106
67
107
81
103
73
99
112
71
65
93
80
105
75
63
117
100
69
83
111
103
75
65
81
88
74
86
83
89
65
99
119
87
89
96
115
61
62
83
91
93
87
71
70
73
79
106
102
99
109
114
109
79
60
101
91
100
64
107
98
74
77
63
79
67
92
95
112
97
89
75
119
116
90
96
65
108
100
111
89
100
83
107
103
71
115
78
66
60
108
63
112
97
104
108
73
109
68
74
104
112
97
64
85
83
105
89
96
98
102
91
99
79
80
70
108
77
109
108
75
104
112
119
78
77
118
114
112
98
71
114
90
118
99
89
110
106
65
110
105
88
112
111
83
74
110
81
99
118
117
73
103
98
103
68
67
73
84
67
78
107
113
97
117
116
103
89
74
73
103
113
63
115
81
94
64
92
119
68
93
67
107
69
118
82
62
102
92
64
60
80
88
82
97
108
64
107
98
64
66
79
75
61
95
74
95
103
110
89
81
84
83
77
106
115
101
94
69
69
115
80
109
79
95
117
112
79
108
73
