150
30
581
86
381
1012
580
214
717
364
1494
1017
1325
206
1498
1295
1351
401
962
691
1345
1102
1483
631
472
477
891
594
486
254
1120
1058
619
974
298
611
111
797
1010
1190
359
974
114
864
869
139
438
868
1157
1358
920
1322
1124
1379
1415
116
23
1259
851
1278
1451
1371
1035
1035
674
861
819
1369
1312
1204
764
42
803
502
1110
518
646
1048
366
1187
233
146
113
944
1048
601
213
368
395
712
270
788
17
642
40
1317
521
1434
246
418
1357
1490
526
1481
1154
377
332
48
464
111
1304
75
164
413
751
550
245
433
431
376
48
1074
1043
522
219
1347
120
1036
1092
674
538
42
727
863
1480
522
784
10
849
1493
1188
147
486
760
569
72
1489
1014
1261
967
534
1309
