350
70
90
91
23
79
78
45
59
83
31
49
41
100
82
59
20
90
36
81
69
76
99
23
64
97
29
4
83
5
42
45
84
69
32
6
89
10
42
63
21
65
71
45
49
87
8
42
31
61
19
21
38
44
1
4
24
27
55
83
82
25
97
1
70
22
10
34
85
91
46
25
25
40
7
27
18
38
20
15
87
4
59
100
82
39
19
33
97
60
4
16
3
96
95
91
36
35
86
60
48
44
99
75
30
16
26
38
97
4
63
95
48
76
62
74
91
6
9
7
96
41
55
49
73
94
19
18
62
81
29
32
5
53
79
23
36
93
65
1
52
97
81
5
82
78
39
86
93
50
9
6
32
68
36
98
55
66
33
62
82
100
84
3
80
36
60
33
60
77
71
53
25
17
81
88
68
7
45
14
33
73
86
43
32
66
51
54
37
41
29
4
41
27
14
4
81
95
41
100
15
27
87
55
42
35
7
2
23
42
39
89
54
54
72
43
65
64
37
62
74
96
35
37
19
28
92
55
11
4
94
17
91
71
84
78
32
79
42
7
96
24
9
57
48
91
54
60
88
90
4
91
100
95
15
89
72
37
8
6
99
66
80
88
88
28
27
21
78
84
44
4
22
14
46
40
92
76
91
10
97
83
27
74
59
32
96
71
66
42
60
46
68
39
35
82
86
78
41
60
36
97
48
28
91
95
14
55
28
74
7
40
57
31
43
11
19
25
62
48
21
23
62
22
59
93
49
22
13
9
90
53
93
19
39
57
53
90
21
59
23
29
34
78
24
82
71
15
53
70
55
86
