300
30
57
57
43
32
54
52
59
36
50
40
30
38
45
31
36
45
58
47
41
38
38
36
33
51
40
47
50
52
42
43
58
56
33
54
51
53
48
52
45
52
54
55
47
59
51
35
39
56
58
40
32
47
32
40
42
37
43
53
55
56
43
41
30
59
35
40
52
35
46
31
39
40
57
43
46
33
47
53
33
57
44
31
40
35
40
40
35
40
42
35
33
35
44
57
39
34
58
50
46
37
52
31
50
50
37
30
50
42
41
32
42
33
48
49
58
33
35
48
53
44
55
40
33
49
40
51
52
58
30
44
49
55
34
59
56
34
41
40
39
55
40
53
43
49
31
42
42
33
58
32
56
41
54
45
48
37
41
56
52
43
51
53
56
56
34
51
47
59
55
43
56
37
34
31
39
54
37
41
40
31
44
34
31
59
42
45
55
47
41
30
43
32
31
43
39
49
54
46
43
49
36
57
56
48
49
58
57
55
41
48
58
47
31
42
43
45
35
57
56
37
48
33
59
43
50
35
56
58
30
42
43
59
57
49
41
39
45
46
36
34
52
55
32
50
50
40
47
50
51
43
40
43
33
32
53
32
50
53
50
44
55
39
38
32
53
32
39
34
52
47
36
34
46
53
46
58
45
51
54
33
53
36
47
30
58
39
34
51
54
38
36
43
57
42
55
37
35
58
57
30
