161
80
1421
1574
54
1610
1408
1463
1302
1273
502
1321
680
819
1211
631
1507
1582
1496
177
1600
1398
1001
983
696
1280
991
673
47
769
804
337
426
594
1526
763
968
915
151
277
52
736
852
435
321
620
495
330
455
46
1424
248
639
1087
975
1174
1166
1425
1323
1154
273
552
1153
566
1289
126
770
1538
53
1032
744
1442
774
452
1050
981
1278
355
10
815
802
931
1234
496
1170
890
348
215
849
749
87
1299
84
1378
176
1187
400
1056
1419
400
355
1311
709
604
1473
289
1200
36
548
350
873
966
231
789
86
1357
1488
955
213
1296
322
145
934
77
1349
747
806
1232
208
710
585
1491
913
457
892
1399
301
620
857
920
462
372
1033
154
508
1219
1281
753
115
684
845
516
47
728
585
12
47
1369
62
314
199
758
162
