1050
70
91
93
105
93
73
97
118
87
92
116
117
81
136
109
132
101
86
94
88
89
123
87
135
128
132
108
74
123
109
82
81
121
134
101
83
107
118
119
78
98
123
137
135
73
109
108
119
110
77
125
83
121
135
95
79
139
111
108
125
89
70
85
127
84
124
101
127
128
76
79
136
92
125
88
102
91
90
81
73
87
83
124
102
96
84
124
132
133
100
72
92
100
120
129
90
117
104
120
99
96
92
125
125
133
90
94
81
76
72
73
129
72
126
117
93
94
75
115
76
127
128
90
93
116
119
88
139
90
123
102
75
74
131
124
105
92
108
92
128
99
81
122
87
77
97
137
78
71
103
101
86
113
103
134
136
104
89
97
93
124
120
76
134
83
116
98
124
102
115
116
107
105
130
129
110
126
83
104
95
73
107
101
99
100
129
116
83
108
121
77
95
129
87
121
139
127
118
87
83
117
103
96
92
74
90
86
81
135
74
122
110
111
82
112
93
80
123
133
92
89
77
127
76
85
137
133
126
78
91
137
115
76
123
85
112
92
106
111
130
127
122
70
77
122
135
117
103
106
93
113
132
72
124
111
113
92
104
83
135
83
116
131
100
95
77
79
113
119
124
105
116
122
98
78
102
134
125
102
78
97
88
102
109
138
134
92
122
105
99
112
109
124
87
98
71
92
101
126
137
115
134
73
103
115
84
124
122
74
85
119
117
97
108
88
127
135
80
71
108
119
125
128
123
88
113
80
93
83
136
73
128
104
127
86
101
100
128
75
88
102
96
72
122
81
80
135
103
108
89
111
134
110
124
117
133
71
75
138
73
126
77
99
81
95
123
75
113
75
115
71
131
95
86
107
87
88
124
83
118
108
120
113
75
87
100
112
107
81
137
79
72
137
96
127
83
109
76
79
87
95
106
84
100
90
75
91
138
104
85
101
129
90
138
95
106
84
107
125
96
72
111
130
95
127
81
110
77
118
112
110
81
102
131
94
102
130
128
104
109
91
90
99
107
73
89
78
89
94
127
72
84
106
107
81
99
85
94
83
71
70
132
112
109
88
113
99
98
125
91
114
72
98
74
114
102
121
76
91
85
104
92
134
72
71
108
76
90
110
108
115
79
83
92
101
87
111
122
94
122
122
121
77
109
75
134
89
98
79
118
118
89
104
87
122
133
93
95
91
84
113
115
92
80
114
128
75
76
111
136
118
101
121
88
79
82
102
89
104
115
124
81
76
124
83
101
72
72
121
125
111
135
125
72
98
89
139
121
131
128
90
116
136
77
125
138
73
99
98
120
103
110
133
95
89
98
77
125
78
130
82
97
111
107
74
74
121
86
75
123
128
82
96
109
76
135
73
110
108
129
70
122
112
85
115
124
102
136
114
108
119
104
139
115
122
109
136
112
83
86
99
78
90
110
112
70
87
80
120
97
136
105
82
94
85
138
91
96
73
108
104
117
103
71
96
119
121
85
73
111
106
98
96
101
71
122
107
133
72
89
74
127
88
98
135
107
102
132
93
87
123
133
123
70
104
75
119
96
105
94
100
118
79
97
127
98
109
71
93
115
121
102
95
70
121
105
96
72
78
102
135
109
96
113
101
71
88
135
72
130
134
79
114
77
77
80
93
126
83
81
114
72
71
91
134
93
103
129
87
71
119
132
117
96
90
108
81
111
126
122
128
117
104
112
121
137
79
120
74
108
128
101
120
127
96
109
120
118
116
134
74
114
122
124
96
83
95
102
72
125
105
81
134
125
93
128
100
97
124
120
126
92
76
130
128
87
93
111
129
136
101
115
72
71
119
126
111
103
94
111
73
111
77
73
75
72
112
84
84
127
85
90
75
108
93
137
114
138
78
75
97
70
121
132
109
113
86
87
87
139
118
129
129
110
90
84
94
136
138
129
74
134
133
128
125
84
104
108
102
117
109
87
82
118
99
95
72
103
131
73
85
115
91
110
114
96
89
125
80
135
103
108
89
81
75
78
134
125
118
96
91
72
107
136
118
120
100
110
124
102
119
128
100
115
133
139
96
88
106
79
131
94
116
88
89
70
86
101
78
104
108
75
131
125
137
76
100
81
70
111
115
130
121
94
80
114
95
89
105
81
86
80
70
135
138
115
74
134
83
116
138
73
139
128
82
86
117
86
84
112
92
133
111
112
139
99
93
82
109
96
110
138
106
73
92
73
125
74
105
107
101
96
113
128
117
70
138
92
81
70
126
92
115
136
92
131
131
89
97
128
94
127
107
95
77
77
96
79
100
73
122
87
122
85
72
96
111
133
133
128
129
79
108
110
110
75
75
118
139
116
124
137
113
101
137
127
109
99
105
108
94
89
91
100
92
104
91
102
87
135
113
88
133
94
93
126
92
82
115
104
106
