600
40
4724
1260
3236
5297
4683
3419
1670
2803
4986
3416
5217
3988
407
827
691
35
3950
4591
2935
4590
5467
5625
4124
4932
1612
499
3984
3154
176
938
5906
3329
4678
1576
2765
1234
267
5132
5474
110
1044
3632
2805
965
3390
5597
5860
2146
5280
837
222
4634
1866
2214
4716
3398
100
2144
75
534
2238
2419
197
4995
3893
1483
3770
2568
154
522
366
894
3099
4754
1577
3308
5427
3749
4701
5719
5675
3196
901
2720
5523
146
2730
880
4131
1662
3853
3845
5520
4682
5070
298
1189
4702
3774
1093
5833
1421
3267
1522
909
2866
3209
4694
5364
350
3020
1667
3127
5663
4260
4840
466
1409
4503
4636
2320
4417
3111
3667
4854
4686
2783
5979
1429
2789
263
2146
1123
1545
2544
961
752
3022
2071
1507
5345
2690
5853
5450
5683
650
1756
4709
1887
5726
4917
5382
2801
2481
2208
4676
5270
4435
4150
2063
3441
910
1866
985
4817
4219
5895
1366
1589
3536
679
1179
3203
1558
5806
2541
3744
3296
3827
5882
4966
5722
4409
2242
36
2917
4129
3366
97
3455
5434
639
2528
3940
5218
4931
2432
1226
2028
4877
3883
4700
228
3365
909
2921
2653
5306
3362
1062
3903
3481
3859
5739
5003
425
891
41
5311
592
971
5380
3052
587
2636
1277
4230
2599
1258
4757
4644
3333
493
154
1895
644
4649
2802
2932
1461
732
3809
4505
479
1419
1895
4726
3436
1114
2950
5210
1948
3247
1454
605
594
3701
497
1625
4926
5534
5190
4051
5906
5344
5651
2755
1361
3786
597
1561
508
2581
4831
1430
1629
3400
4533
1367
2587
369
2572
3009
1816
2890
2174
132
2448
3853
101
2517
2835
3950
4636
4551
5363
2419
1016
3041
1138
3648
5402
4063
3674
2559
3304
5984
398
830
2208
5273
2097
1379
4286
1768
2608
442
2329
4729
891
28
3966
4373
4780
2792
4300
5466
2059
2957
2576
1651
999
3648
2325
3357
1847
700
5844
1946
1571
1002
3749
2914
5001
991
175
5228
5973
459
5905
3008
494
784
2431
842
2035
4991
252
759
2894
4922
2538
4615
2363
944
2628
1667
3573
4375
1942
4118
1558
5214
2226
4542
2774
3557
4780
2589
253
4920
1265
2973
4313
3135
5854
1757
520
1375
3209
1669
2298
5137
4698
1193
562
4473
4065
3274
1914
438
1995
4177
2005
1368
2702
1761
3296
1189
2136
1947
4139
4219
2405
4275
1372
4787
4067
1432
467
5803
5928
3403
3114
2957
602
1207
3660
3537
3394
833
3766
4358
4861
2185
1962
1252
2558
1973
1643
3957
4500
5651
5243
2468
3363
5053
4966
2130
2631
561
2782
5655
3942
5227
10
4923
4080
2177
3925
2014
3771
1659
1070
5071
3303
4101
1387
5
4520
4836
2817
5024
4658
1855
4043
796
2596
4811
3224
1286
831
5663
4857
4047
5305
1018
2227
3050
1871
3594
29
2711
5887
3470
3040
4624
3243
3114
4503
5066
590
2021
1311
2864
1341
813
2000
2776
2060
1042
3411
2657
1325
2607
42
4481
1781
3123
2902
4299
338
1069
5174
2255
3591
1839
7
3736
4510
2825
411
2494
43
1549
4748
4921
3370
2098
5693
4263
3708
4383
1884
993
3551
231
2682
2038
3001
42
3253
1789
2605
876
2790
4606
4935
1350
5416
4503
982
2204
3184
2462
2864
1998
1393
3087
2348
5296
4722
5464
213
3368
4214
5776
4866
5982
5961
4520
2781
2434
981
3040
5995
4585
4382
2208
1219
4348
4175
5660
5396
2804
1992
671
1642
2147
3461
