1050
70
71
96
96
112
98
71
118
72
118
118
114
107
121
72
127
110
97
118
98
124
134
71
123
90
93
106
119
88
73
91
93
112
118
131
83
105
97
86
126
106
102
102
77
92
118
87
122
72
75
87
99
109
124
82
100
86
90
104
137
137
132
101
107
100
137
89
98
80
81
124
70
121
88
137
139
83
133
100
121
94
96
102
75
110
88
102
93
93
72
107
128
116
79
96
126
99
115
111
103
122
127
95
103
71
121
72
97
113
75
113
74
82
117
94
77
137
98
109
87
84
100
109
120
73
92
139
123
137
91
103
114
113
99
130
70
130
107
138
121
115
120
132
81
81
129
94
123
77
113
88
77
99
111
107
133
85
129
75
127
111
91
90
137
133
119
79
125
87
81
91
117
107
70
115
113
87
126
112
109
100
98
70
121
76
110
102
103
139
70
99
76
115
76
121
121
92
122
122
121
124
73
121
72
98
81
110
125
135
135
74
95
126
123
80
114
123
87
96
124
79
111
108
120
84
98
90
136
131
78
86
137
82
85
101
76
83
135
85
122
70
82
125
79
132
136
89
136
92
76
91
87
71
83
117
137
123
104
124
73
100
120
137
125
109
112
90
124
111
118
74
132
110
122
121
89
107
78
105
132
118
125
72
125
112
122
89
104
98
100
135
114
115
99
72
116
78
117
85
96
99
121
131
97
118
95
100
116
82
117
97
92
125
72
137
86
76
124
77
94
101
130
135
81
93
110
133
128
130
123
133
100
88
80
134
82
89
111
106
137
97
126
96
75
124
101
82
115
136
87
89
94
102
121
98
126
105
128
90
136
86
87
85
78
112
111
123
105
72
88
117
124
108
131
101
117
127
98
131
122
136
86
82
134
125
114
113
113
92
128
109
82
105
107
88
113
136
122
137
127
111
138
139
136
108
139
98
97
94
124
119
81
103
87
101
84
74
85
118
124
132
129
96
122
77
112
72
95
93
96
98
88
138
109
108
123
97
114
104
121
83
83
126
83
137
121
123
84
98
127
126
75
107
129
131
136
129
139
126
115
75
100
74
82
91
101
72
127
113
85
105
94
115
76
94
133
73
115
130
79
116
107
77
124
76
121
78
124
114
122
82
114
73
97
111
132
100
111
91
122
109
78
81
107
98
130
124
87
126
136
108
74
87
102
112
86
86
102
102
111
127
78
75
108
111
91
121
116
111
130
82
121
90
128
110
100
127
91
81
123
85
99
139
134
110
75
78
116
139
123
88
98
107
131
97
73
119
88
139
86
79
89
87
139
129
125
112
110
95
136
116
78
86
122
134
84
89
132
98
72
88
77
131
137
124
72
110
137
85
95
101
110
127
94
131
118
110
72
92
116
99
124
84
89
108
83
109
78
137
90
89
134
103
71
81
77
126
94
123
98
96
120
137
124
73
104
138
80
113
82
116
70
104
132
104
93
120
131
72
133
111
79
121
119
87
131
85
88
115
136
138
89
85
123
116
82
128
138
104
104
83
135
113
101
130
99
114
79
85
86
77
98
90
108
93
87
102
130
129
82
100
125
102
132
102
103
76
98
82
130
117
80
92
111
121
121
130
89
74
138
119
104
117
139
132
70
119
113
75
138
103
127
79
125
86
86
91
129
77
88
88
84
121
112
139
89
118
79
101
103
80
133
139
116
88
97
82
105
100
128
119
127
120
87
118
134
86
111
91
93
110
99
101
130
97
107
86
90
92
98
73
108
130
116
104
70
121
121
131
73
126
105
112
112
86
114
117
85
138
119
126
85
123
131
83
82
84
72
88
81
87
105
91
74
92
79
94
116
73
123
71
80
112
96
105
94
134
95
98
74
75
83
132
100
116
99
123
114
127
73
100
81
138
117
129
127
81
111
112
114
111
84
98
107
78
116
96
114
112
89
116
76
128
89
88
92
116
104
99
122
84
113
82
121
87
136
77
103
100
70
111
73
104
91
107
102
90
93
94
70
96
111
137
79
116
130
80
105
72
134
86
127
93
116
138
124
83
116
95
90
135
84
127
137
106
103
106
132
125
86
112
127
87
137
123
115
85
107
89
110
74
76
117
82
129
102
80
110
109
121
113
131
128
136
137
127
120
101
120
109
139
101
97
124
86
86
97
75
91
70
91
114
102
118
127
77
138
96
78
77
131
82
134
136
104
139
100
139
117
128
90
133
120
95
105
85
79
122
70
129
110
136
99
92
110
85
122
126
112
108
108
89
111
74
83
102
71
85
72
81
80
101
106
101
70
138
135
70
117
105
98
79
85
138
80
92
74
102
113
71
87
71
97
77
124
113
73
98
74
110
75
88
74
118
129
115
121
102
87
73
74
110
132
77
111
100
108
135
126
96
85
99
71
112
80
135
113
131
97
105
101
