300
20
30
32
32
23
20
38
20
35
20
38
29
29
35
21
39
27
29
22
34
26
22
20
38
37
23
23
32
21
27
22
38
26
28
32
26
22
33
39
33
38
25
35
39
27
29
33
22
21
26
34
38
30
28
29
33
26
20
23
32
27
39
38
37
39
36
23
26
38
30
28
20
31
21
32
35
26
22
36
25
36
25
22
34
26
32
33
30
30
27
39
33
36
34
37
23
39
20
24
26
22
32
34
29
28
37
20
31
35
22
37
28
25
30
36
24
27
22
33
24
23
22
27
25
32
35
24
22
30
37
30
27
30
27
21
32
25
31
20
38
34
27
35
38
28
39
24
27
31
31
31
25
30
38
39
34
29
36
38
33
30
36
36
24
34
21
30
27
36
37
35
28
39
34
23
31
32
23
25
20
32
33
27
30
28
36
34
29
21
28
25
34
32
23
29
29
24
24
25
29
21
31
39
27
25
34
26
24
26
35
35
31
30
33
34
34
25
38
38
39
32
36
20
27
37
28
28
29
27
24
21
21
25
22
21
34
24
30
27
22
29
37
34
21
20
32
31
26
28
25
22
39
26
36
39
39
27
35
26
39
32
24
28
21
28
21
33
28
36
31
30
23
21
20
25
38
31
29
25
28
22
32
27
35
34
34
25
39
29
24
22
38
28
37
37
39
20
26
39
20
39
