240
80
135
120
105
118
91
159
117
85
159
140
135
117
145
91
110
97
151
147
106
138
80
98
150
144
130
124
133
135
113
147
119
135
146
133
148
92
84
143
106
130
138
152
114
148
99
158
88
159
103
116
128
129
134
101
118
101
89
98
135
107
80
113
92
95
123
158
155
118
144
106
118
106
138
111
97
96
113
97
99
111
145
85
94
155
89
155
131
108
147
105
139
87
157
111
113
153
89
104
145
92
158
121
122
146
146
112
93
89
83
106
82
91
103
106
94
127
151
132
139
148
111
96
148
90
105
132
110
109
99
126
82
148
105
83
112
110
109
150
105
136
100
138
102
130
135
156
123
94
126
157
96
107
127
109
157
121
138
99
95
138
123
112
156
117
131
119
153
99
100
143
84
157
104
149
142
134
142
123
145
81
86
118
100
83
150
152
122
152
91
151
140
109
133
81
98
101
112
149
150
98
126
108
89
135
152
114
98
126
100
93
93
145
96
137
96
147
86
147
158
135
80
81
129
148
136
99
98
112
136
135
108
154
133
133
95
126
100
156
135
100
