450
30
52
42
43
43
33
50
54
41
30
42
51
56
49
39
40
35
56
52
44
47
59
33
49
42
34
32
41
35
31
45
47
49
59
30
47
47
34
52
40
40
49
51
43
57
55
41
56
44
36
49
47
44
44
43
45
49
47
47
30
36
51
44
32
50
41
49
35
35
56
32
42
35
33
55
39
45
46
59
46
36
58
38
41
50
40
52
32
44
59
49
41
57
49
32
38
30
50
45
46
45
52
41
53
40
49
51
40
56
56
32
41
51
35
34
31
53
45
34
43
32
55
44
33
59
42
40
45
48
43
59
49
49
45
42
56
40
46
38
47
47
37
34
53
47
36
40
40
44
47
38
49
42
42
38
35
46
34
44
34
49
42
31
37
57
32
43
30
45
40
41
48
55
47
37
35
36
47
38
39
45
51
44
53
39
35
48
35
49
33
35
35
39
37
41
56
58
42
52
52
45
59
36
32
51
37
32
54
39
36
31
40
41
30
58
34
37
32
53
37
52
58
40
53
45
31
44
59
38
40
30
58
33
49
45
35
52
55
38
38
37
43
49
33
47
54
37
46
41
53
40
51
52
49
54
53
33
45
31
35
51
50
30
50
32
55
34
36
59
36
30
45
58
54
47
57
42
58
45
47
34
50
40
36
59
42
35
33
49
57
44
39
35
37
51
59
37
36
31
38
58
34
39
30
59
35
44
57
50
31
50
38
36
31
37
31
59
58
33
33
36
45
32
34
47
53
54
50
50
40
45
49
36
58
37
41
56
37
59
46
35
41
45
43
40
30
54
49
54
50
57
38
55
41
48
30
56
47
45
43
36
30
49
55
35
56
33
44
35
34
31
59
45
33
56
44
55
41
46
56
49
56
48
57
31
37
36
50
52
36
35
44
44
56
43
47
39
39
35
40
55
57
49
56
53
45
31
55
43
57
33
38
44
54
30
51
55
31
54
35
57
47
54
52
59
40
48
41
30
59
53
41
33
49
50
51
55
32
53
42
45
50
59
43
42
58
52
46
54
50
46
