121
60
831
878
814
1026
279
1134
965
697
349
809
840
310
799
1043
1146
581
506
471
875
167
506
826
880
182
835
169
896
428
1023
994
14
153
259
663
428
840
790
298
813
416
368
524
800
70
1178
298
273
830
405
947
919
297
960
714
89
662
993
872
841
527
706
237
718
1162
553
582
1079
321
1102
548
341
73
953
118
876
1123
1112
366
615
643
1008
567
981
838
76
820
1158
692
170
1040
1201
177
235
878
266
832
1121
1192
701
563
724
779
946
809
906
761
854
321
563
237
247
449
1158
1024
1077
900
205
335
244
211
865
