1200
80
56
71
66
90
97
69
23
99
6
54
24
12
89
41
42
14
66
98
81
50
56
11
32
30
85
21
38
50
25
47
33
13
93
58
59
81
42
76
65
68
93
82
10
73
68
7
28
4
69
54
96
17
55
93
45
10
44
14
37
39
86
9
47
33
59
5
40
11
13
14
20
85
20
22
94
12
89
7
22
92
87
55
78
21
37
94
34
43
7
13
1
6
83
44
100
75
61
95
4
33
33
82
66
27
14
30
16
76
70
10
50
23
89
4
77
90
94
53
9
63
39
42
61
82
87
29
32
83
79
82
3
74
84
57
5
82
51
6
22
41
56
47
99
74
26
69
54
83
97
59
10
33
19
87
14
48
100
23
26
90
91
66
90
2
67
54
68
38
16
82
73
88
3
40
86
43
35
98
58
13
98
92
55
100
20
73
11
69
39
25
51
62
38
48
40
53
51
79
98
69
32
8
6
43
33
71
62
83
9
28
15
63
26
87
79
23
11
60
90
32
61
91
7
72
59
47
92
26
22
55
98
2
61
26
25
7
88
71
94
34
94
79
98
93
65
83
3
3
12
100
72
47
47
12
96
64
1
12
85
41
66
23
10
27
29
74
5
40
98
5
50
62
47
18
17
38
100
20
68
14
40
42
38
37
24
16
3
69
71
36
66
7
42
19
80
70
18
67
56
97
56
97
82
26
27
41
11
44
99
98
55
46
53
7
19
53
15
4
6
35
23
62
82
41
68
84
43
84
5
36
53
1
40
34
24
67
59
83
8
42
83
11
64
27
65
67
39
80
48
28
83
97
4
93
7
62
80
69
3
47
64
38
48
81
45
68
98
77
56
58
15
34
47
57
67
16
78
87
36
83
11
15
80
71
40
54
1
98
87
40
74
1
53
50
45
6
62
67
75
18
79
69
61
89
29
85
81
70
61
16
5
93
10
13
90
1
17
88
94
69
66
39
7
61
48
51
18
23
99
96
86
46
80
89
43
63
3
88
35
5
2
90
7
33
61
9
91
10
54
56
82
64
11
55
29
31
13
96
59
13
76
55
74
45
38
94
91
11
78
11
94
31
35
20
66
57
2
13
92
27
80
60
67
69
80
29
67
55
13
60
18
11
53
73
1
38
65
91
99
76
11
65
94
18
29
100
86
17
32
68
91
95
72
73
26
41
7
15
47
64
71
59
56
96
45
55
61
45
54
91
67
97
91
42
61
70
45
19
85
23
29
95
55
41
97
54
90
70
99
32
8
82
93
5
87
33
90
54
9
87
79
49
86
100
7
54
32
66
33
89
30
71
99
53
54
68
5
47
89
79
18
75
20
59
33
65
94
48
26
56
74
27
7
6
20
38
12
61
94
9
58
56
92
19
56
71
80
98
53
15
17
93
32
56
2
48
3
51
58
60
83
88
97
57
73
30
34
12
8
14
57
47
9
62
32
95
4
83
25
95
63
19
72
12
35
83
1
14
42
46
14
9
80
16
19
90
75
37
14
59
52
31
88
32
76
17
29
58
63
50
9
73
40
63
31
18
46
16
50
10
86
47
51
76
83
54
56
16
48
53
78
1
4
4
58
47
65
78
87
77
1
17
93
47
48
53
33
55
95
38
86
69
46
65
53
70
98
51
12
23
13
82
48
94
86
98
93
89
12
93
82
27
29
53
70
52
84
78
11
59
22
18
14
94
75
76
31
75
65
81
95
61
94
62
29
66
33
82
48
36
98
16
100
14
5
92
8
88
79
48
16
76
71
42
96
22
84
90
53
50
2
67
1
79
11
43
44
22
83
16
74
5
43
11
28
78
67
4
22
25
53
77
91
97
42
52
98
60
8
49
61
62
13
79
88
78
31
35
66
74
97
86
50
40
1
21
37
91
46
72
96
10
38
11
83
91
49
20
60
29
44
59
74
58
36
16
40
27
96
99
3
26
41
89
14
24
29
75
55
4
27
10
97
28
85
11
5
66
42
25
75
28
3
26
39
86
95
49
53
97
42
19
38
42
77
41
21
77
97
87
46
86
16
46
100
58
95
11
1
42
44
74
10
95
97
84
88
82
76
63
76
5
89
33
88
25
53
1
81
64
80
14
92
74
43
70
12
97
66
78
77
36
12
96
26
85
11
45
20
62
2
69
69
83
44
16
72
27
87
24
79
7
90
91
38
67
63
61
48
3
85
52
91
89
25
87
47
45
13
1
54
48
67
42
3
99
87
40
22
39
3
68
21
24
36
85
79
84
18
36
45
60
96
26
8
20
23
94
2
31
93
98
16
88
91
37
88
14
11
8
53
47
99
61
69
81
38
24
97
11
9
35
98
49
89
13
48
79
51
2
92
67
44
78
12
61
80
5
74
66
32
76
39
55
81
11
10
40
80
71
17
65
19
31
52
94
5
66
26
68
24
58
45
1
70
8
19
7
8
45
39
77
90
13
46
99
96
82
71
57
84
13
78
32
58
47
34
98
37
94
10
83
35
38
5
75
52
9
50
37
50
92
91
66
13
66
90
51
95
36
58
38
4
3
36
30
16
51
87
25
98
83
38
26
16
65
64
75
28
85
20
93
87
58
86
1
9
32
22
48
25
33
1
25
84
64
22
57
39
85
62
27
26
88
38
39
89
76
13
34
61
6
71
47
41
96
36
89
84
21
67
77
54
45
53
72
2
32
65
72
50
50
14
89
54
18
69
75
23
36
28
100
95
97
57
76
27
11
11
13
