300
60
89
74
105
63
73
109
69
104
111
102
78
84
76
62
64
84
68
97
94
111
61
99
70
88
92
98
108
116
119
67
77
106
96
102
100
72
72
115
65
97
105
119
67
76
103
107
104
92
91
105
98
118
108
80
119
81
91
97
107
72
93
117
70
85
108
69
105
118
77
117
84
100
65
119
112
104
118
75
88
109
74
97
69
61
93
111
119
117
87
69
80
114
75
79
97
103
63
94
81
71
110
71
75
80
70
117
73
60
95
89
93
117
88
96
60
110
72
73
73
98
82
119
98
111
76
60
70
95
87
75
83
94
64
97
85
72
70
100
63
105
76
101
95
93
100
79
85
87
83
119
119
71
67
118
68
103
66
69
60
90
88
116
70
72
60
85
109
85
106
101
100
98
107
97
63
77
108
75
71
109
111
97
73
82
81
109
64
67
62
108
88
105
76
82
72
76
110
99
73
75
116
95
75
93
93
83
112
83
92
118
106
104
70
61
119
97
70
106
69
106
88
71
112
111
72
103
114
80
119
77
114
107
108
72
64
61
67
99
116
115
112
97
74
87
87
115
62
62
75
94
114
85
79
69
61
71
103
77
81
102
118
100
72
98
62
93
86
86
77
82
99
93
114
94
64
113
111
71
112
76
73
103
118
100
86
119
66
93
106
68
110
70
118
93
77
102
90
90
70
75
