181
90
68
15
163
98
86
4
119
22
114
55
48
32
175
175
142
59
134
158
44
170
50
62
35
117
157
80
137
135
179
138
18
12
16
51
79
121
5
117
108
23
27
145
162
84
131
87
109
173
152
100
87
50
36
151
50
33
22
101
173
56
102
82
61
128
22
49
70
72
37
178
50
109
11
134
2
174
169
29
37
103
79
9
56
65
123
66
98
152
80
17
44
49
157
63
118
75
77
85
94
21
120
4
21
7
121
115
18
24
82
90
170
5
142
149
3
162
64
128
154
122
174
153
97
118
77
84
87
66
58
138
145
65
169
80
69
51
29
179
75
96
25
2
8
12
18
2
108
125
127
29
102
108
105
124
19
177
17
2
134
25
81
123
124
154
82
152
57
104
100
76
33
147
138
126
9
88
34
90
119
37
155
