350
70
23
50
56
2
71
26
44
118
82
67
110
134
19
60
11
57
136
39
56
67
19
129
122
131
51
41
7
12
67
112
121
60
139
79
1
65
78
46
110
49
63
10
98
13
38
80
14
118
59
121
42
137
44
75
119
36
10
124
21
95
82
42
99
77
90
72
116
26
66
98
129
12
73
75
40
85
29
28
50
40
102
136
32
53
14
67
29
119
28
54
21
40
86
36
28
21
18
123
50
24
18
108
18
63
139
10
117
37
122
108
130
82
44
138
87
100
77
32
101
132
50
47
1
111
120
38
102
100
50
103
83
50
106
106
29
116
71
44
28
79
16
85
92
101
4
105
42
138
77
104
100
31
34
103
34
90
54
104
139
35
107
108
77
18
102
76
14
111
44
51
39
41
76
37
4
80
111
62
23
113
109
135
82
19
21
136
1
33
56
13
103
110
14
130
3
104
124
89
127
47
69
113
132
97
61
106
128
79
31
35
59
45
129
121
72
73
117
138
97
3
107
121
112
121
138
139
65
126
60
111
104
35
6
25
49
127
43
25
125
109
57
122
137
71
108
128
58
3
121
105
81
127
83
115
100
115
124
136
95
139
24
123
10
79
33
82
60
28
80
3
18
115
112
10
92
118
85
110
20
21
33
22
50
31
41
79
100
108
96
109
80
41
62
137
39
102
71
99
100
131
119
79
3
84
32
54
46
44
120
30
24
72
87
5
63
21
70
103
10
5
13
78
62
46
40
50
35
17
80
110
94
127
19
137
83
11
102
98
97
78
116
63
129
8
54
107
72
43
7
63
