400
40
72
66
22
60
71
46
84
8
27
58
53
4
4
57
31
86
100
67
13
12
22
13
24
20
12
45
75
33
26
74
89
100
96
4
24
1
92
16
27
94
47
9
33
28
18
74
97
29
19
24
72
5
100
35
27
2
81
90
78
38
37
75
6
39
71
56
71
32
28
91
16
65
77
85
18
67
2
43
26
26
22
45
75
89
56
28
35
73
64
55
74
16
100
62
6
56
59
37
48
61
18
97
65
81
32
19
57
4
39
39
31
53
54
57
60
9
80
67
86
44
1
75
74
55
64
19
22
43
63
87
44
8
28
79
52
17
13
13
45
28
72
93
12
27
18
19
86
64
89
20
20
3
13
18
35
2
84
69
20
82
5
33
12
89
46
57
10
78
73
77
12
14
41
95
33
87
17
5
45
60
90
18
37
38
67
76
77
66
89
75
27
38
39
31
61
44
89
49
2
27
3
53
15
74
29
76
84
23
52
81
63
33
22
49
40
58
32
91
54
47
75
8
15
89
15
47
25
38
60
6
96
86
88
62
81
54
4
25
21
35
56
54
68
40
67
8
2
96
68
26
41
91
81
82
85
74
75
83
3
48
36
66
97
60
42
8
76
31
44
35
1
71
33
81
41
32
55
56
80
37
53
41
28
22
97
11
85
59
29
89
80
1
100
93
26
30
32
12
63
85
36
50
66
8
80
43
53
93
55
75
80
24
48
34
17
64
66
83
73
59
22
14
33
10
37
67
20
22
56
9
64
35
57
36
33
90
26
33
60
74
87
69
15
98
100
69
7
54
45
9
76
24
97
69
64
18
2
23
83
29
8
1
68
91
86
1
1
17
13
85
96
32
5
85
81
31
41
85
84
50
18
70
71
70
77
55
90
4
67
5
8
46
72
16
73
31
67
55
56
90
