450
90
99
105
99
99
102
95
98
97
105
95
104
100
95
104
105
99
103
96
103
95
105
105
96
95
101
103
97
102
105
104
99
95
96
102
95
104
98
104
97
105
97
95
99
96
95
96
98
101
101
97
100
104
96
96
105
99
104
95
99
97
101
95
101
104
96
96
101
102
95
103
105
103
103
101
98
105
95
96
103
99
101
102
95
98
102
100
97
104
104
100
95
102
95
103
104
105
100
102
101
102
104
104
105
99
96
98
97
104
97
104
96
102
97
103
98
103
103
100
105
103
98
97
96
105
98
95
97
100
97
104
102
102
95
102
99
95
101
103
99
103
105
99
105
99
101
95
101
101
100
97
104
100
97
105
100
102
97
95
95
104
97
99
99
96
103
103
96
102
96
95
99
100
98
98
101
101
101
98
104
101
100
99
98
97
105
104
101
96
96
105
96
101
99
101
98
99
99
104
97
103
95
96
103
101
95
104
96
99
101
101
98
99
101
103
101
103
103
104
102
103
102
97
100
97
105
97
96
97
97
97
95
98
98
96
103
99
95
98
102
96
102
103
104
103
96
99
101
96
96
100
101
104
97
104
96
99
100
104
105
105
104
105
98
96
102
95
97
95
101
105
99
101
102
98
99
99
99
99
98
105
101
95
95
96
98
98
105
96
104
103
99
102
100
102
97
103
97
96
103
100
103
105
104
96
103
95
104
104
102
99
97
97
95
100
95
102
97
96
98
98
98
98
98
97
95
103
105
97
102
103
98
101
96
102
95
100
101
98
102
99
98
96
100
98
97
104
96
97
96
96
95
105
97
102
100
97
104
105
102
103
99
101
105
98
100
105
97
99
102
101
96
101
100
102
103
100
104
96
99
104
100
100
104
104
95
96
102
96
96
95
95
104
98
100
102
105
100
105
97
95
97
95
103
96
105
102
105
105
97
101
95
98
102
95
102
97
99
103
98
95
102
101
104
98
99
103
104
100
96
98
98
105
100
96
95
99
105
102
105
98
95
96
100
103
99
97
104
100
96
101
