900
90
46
62
152
68
70
25
111
163
169
118
107
57
148
168
134
141
61
100
61
124
121
15
30
147
15
92
11
43
95
73
114
144
75
127
4
22
117
140
155
147
67
29
102
109
74
93
79
4
58
46
45
19
165
71
157
1
106
59
22
59
48
101
57
17
45
23
112
9
79
122
80
113
44
119
84
31
23
12
74
111
82
120
92
102
167
102
82
68
107
164
38
2
65
120
16
14
24
98
169
32
146
137
136
102
6
130
16
126
86
169
91
67
66
37
169
17
136
64
131
20
137
108
4
82
158
49
86
12
120
15
43
109
88
154
7
112
36
136
120
83
169
121
32
38
3
42
79
153
76
57
61
142
166
24
37
88
35
54
109
42
78
170
128
99
82
5
26
159
8
123
65
146
131
9
178
7
104
26
100
22
104
143
98
110
72
12
124
142
116
124
112
159
21
137
32
148
106
152
18
128
150
23
20
125
119
7
178
158
79
29
24
28
166
80
37
93
27
4
6
172
154
60
173
57
143
143
2
116
11
62
56
89
60
101
120
116
72
117
42
75
21
119
148
145
97
15
86
30
113
142
103
144
54
71
91
41
42
29
31
160
164
46
45
98
61
58
160
146
125
118
98
97
28
156
39
175
37
149
138
23
17
60
113
60
20
24
152
179
46
175
42
166
169
138
73
33
79
71
45
66
122
165
20
121
133
138
7
33
164
171
119
141
157
95
54
120
56
139
5
76
175
123
15
119
118
109
20
121
24
17
4
125
38
83
104
164
141
45
87
22
92
69
16
94
82
52
145
141
57
30
67
42
9
70
123
112
53
62
75
120
94
45
42
121
85
79
154
37
173
30
75
134
51
67
23
170
40
62
113
178
90
125
49
81
135
82
165
73
138
159
116
26
65
109
134
118
174
178
122
99
133
17
156
17
162
80
50
170
57
101
67
39
26
114
134
109
162
19
69
21
121
33
118
86
81
164
47
108
123
132
48
21
172
145
27
41
50
3
176
141
39
39
137
153
72
34
77
42
54
33
171
27
43
7
133
175
159
129
40
161
84
143
52
94
54
14
18
67
111
175
166
126
144
96
163
142
124
107
175
116
132
93
36
179
120
123
37
39
35
93
176
160
84
2
25
29
79
25
133
43
126
162
136
118
60
79
163
83
27
91
33
133
61
7
85
162
118
114
120
58
31
125
177
166
31
44
146
134
135
93
51
156
44
9
85
139
52
150
174
103
148
117
76
62
4
46
46
149
102
169
136
49
101
125
163
133
176
144
177
9
93
40
124
51
5
124
90
31
115
55
121
18
131
116
109
33
63
68
47
113
161
71
72
157
78
77
134
17
14
71
175
68
96
146
150
169
111
91
121
13
22
16
104
102
154
68
48
65
69
8
112
18
29
103
160
35
5
60
39
133
29
128
103
39
122
168
88
109
106
176
29
159
163
154
129
88
94
81
179
151
70
7
37
149
127
55
60
156
54
22
159
126
26
168
39
25
54
126
18
169
147
65
110
82
8
39
158
83
79
159
92
105
5
69
150
103
144
133
110
46
100
132
166
47
45
171
28
5
24
30
22
63
3
58
139
67
65
170
160
157
46
57
78
113
21
69
162
90
17
50
111
162
57
150
20
161
3
161
79
116
5
124
54
140
168
29
35
142
144
111
92
135
85
28
147
170
153
59
143
33
29
10
176
169
177
137
70
158
48
87
92
126
77
139
95
159
7
47
152
82
129
87
15
172
172
13
35
136
16
121
76
59
63
74
103
172
179
100
68
41
53
31
99
115
2
135
17
24
150
14
58
125
109
146
111
111
152
164
10
171
135
101
178
172
148
144
100
24
42
154
139
69
5
137
132
88
111
84
49
35
100
172
23
73
173
28
170
47
37
119
87
86
84
51
9
14
108
25
58
177
152
34
136
166
26
46
29
72
55
92
70
134
142
140
2
3
74
173
123
178
37
170
49
132
106
87
8
169
31
162
69
95
95
28
63
165
141
47
118
133
95
151
75
100
37
76
16
138
140
102
32
175
13
23
16
16
28
44
31
88
