240
80
3
6
6
7
8
6
10
5
6
5
7
10
8
2
8
8
10
10
6
7
8
5
4
5
4
6
8
8
8
5
6
2
3
8
10
3
3
6
8
2
4
10
6
4
8
7
8
10
4
10
2
2
9
1
4
2
2
10
10
10
9
4
6
1
7
7
1
8
4
6
1
8
5
7
10
5
9
5
7
10
2
5
7
7
6
2
7
4
5
9
7
4
1
3
9
10
4
6
7
4
8
1
8
8
8
8
2
4
10
2
10
10
5
10
8
2
7
8
4
1
7
1
9
5
5
1
1
10
2
6
1
2
10
4
4
4
1
2
10
1
4
9
5
5
1
4
4
4
5
9
2
1
3
1
9
5
8
9
7
3
1
3
4
1
9
2
9
8
1
10
3
2
6
1
4
9
6
9
4
3
4
7
8
5
9
9
8
6
1
2
5
3
8
4
4
3
9
5
9
2
9
6
7
7
9
6
10
1
1
7
7
7
3
5
10
6
5
4
4
2
3
5
1
9
8
3
7
2
9
4
3
10
10
8
1
6
9
10
1
4
