181
90
84
81
155
108
39
80
139
140
127
137
178
24
49
18
47
1
52
116
56
37
154
29
176
66
31
26
21
96
10
8
90
67
100
39
108
61
178
92
151
59
135
160
102
169
47
170
90
44
32
170
147
13
2
84
22
141
165
56
152
110
161
112
157
12
29
124
36
58
90
117
121
30
104
160
96
17
164
104
5
96
62
120
113
124
123
81
103
152
100
113
138
13
72
75
8
28
160
60
138
7
15
89
58
55
149
176
88
69
105
11
86
69
54
106
127
132
32
80
148
148
115
109
55
176
43
113
96
141
110
34
179
2
172
147
102
39
106
94
170
22
123
33
162
137
96
58
21
28
53
48
15
71
82
155
155
148
124
99
79
77
133
99
41
26
127
163
12
22
97
131
111
31
117
11
77
128
28
147
84
47
100
