200
40
97
96
103
101
103
101
96
101
101
103
95
105
99
96
96
103
105
105
104
100
97
99
96
105
101
99
105
96
103
105
100
105
97
100
101
99
96
97
101
101
99
105
99
96
100
103
103
102
99
99
103
99
96
97
98
98
102
95
97
98
96
104
101
105
102
96
104
97
95
100
99
98
105
98
104
98
104
99
97
96
97
100
99
102
98
96
95
95
97
102
98
101
105
97
101
105
101
98
95
104
95
99
98
101
95
104
98
105
98
100
96
101
100
104
101
105
101
100
101
100
105
100
100
102
97
104
103
99
97
99
105
99
101
100
96
103
103
95
97
99
103
100
98
100
103
97
96
101
96
98
96
105
99
101
99
105
101
99
104
95
105
97
99
103
102
105
103
100
98
102
99
105
95
99
96
97
98
96
96
105
96
100
104
104
95
97
103
105
95
105
99
95
104
96
103
95
101
101
104
96
