350
70
18
98
99
45
59
51
11
78
78
62
118
47
112
129
25
12
56
94
20
105
74
111
111
124
105
43
34
117
95
45
97
54
6
90
25
110
110
59
121
55
31
84
90
64
51
127
103
28
96
63
127
6
68
98
105
31
59
50
89
114
71
65
42
80
110
59
98
116
60
127
130
25
82
73
123
8
97
58
7
73
129
128
127
17
92
72
99
23
69
25
101
73
92
134
94
100
100
94
43
95
70
57
113
89
124
22
37
26
76
65
70
29
46
16
3
84
81
39
25
55
76
11
49
13
5
105
81
66
107
19
63
56
128
34
35
14
98
27
130
100
23
18
36
34
10
55
96
133
86
95
42
47
95
56
100
95
131
45
6
74
80
110
96
84
8
82
102
77
31
94
23
32
31
137
13
110
63
28
15
7
2
130
81
60
32
47
47
28
96
17
52
3
14
128
134
24
51
118
95
35
31
130
134
30
50
89
37
106
131
11
1
70
64
131
138
48
4
28
89
121
83
103
85
93
103
67
50
39
53
60
132
14
42
111
9
27
117
139
37
39
68
47
73
131
98
115
1
62
117
117
61
100
122
53
7
94
115
44
5
95
89
82
78
9
89
46
64
53
21
85
65
48
19
65
126
123
52
45
116
15
105
44
102
1
103
11
21
64
9
118
31
19
84
51
67
9
43
79
98
6
63
120
18
96
62
76
93
75
128
45
9
70
28
89
136
11
6
27
47
81
15
12
136
10
37
139
84
18
85
130
61
95
21
30
58
139
38
133
111
90
126
116
89
116
56
95
4
76
130
61
