250
50
83
66
78
69
80
72
51
79
82
86
96
65
99
67
98
94
95
83
81
61
79
80
68
78
95
84
84
90
59
70
92
78
93
79
53
82
51
81
51
55
97
88
69
51
89
52
61
74
81
91
68
65
99
75
62
85
86
82
64
86
75
56
95
65
52
51
79
85
67
91
66
88
62
93
70
84
79
65
59
88
51
80
80
92
81
50
64
97
89
58
73
70
88
63
54
63
62
93
65
75
97
54
63
79
88
93
78
82
77
51
53
99
53
66
60
86
84
58
61
78
55
89
75
70
96
59
97
93
85
86
72
52
79
70
75
78
75
59
99
91
85
94
70
98
50
64
85
69
68
61
80
85
77
92
60
98
78
61
53
92
95
76
62
80
95
60
68
84
99
80
61
71
72
65
68
69
82
78
83
61
75
67
54
94
80
50
83
83
64
65
85
73
52
65
98
51
87
75
53
73
85
73
85
89
76
85
65
91
59
90
71
62
97
51
67
52
50
63
85
64
72
67
58
70
88
53
51
81
56
63
63
94
60
97
52
69
99
71
91
75
58
80
57
53
80
93
54
68
98
76
