900
90
84
9
27
125
167
74
63
80
22
62
107
53
91
37
65
176
117
135
166
79
7
155
132
109
177
8
27
108
104
80
124
96
133
100
81
34
172
20
111
17
61
135
10
170
34
109
101
33
68
44
37
162
71
101
59
130
50
33
22
35
126
31
173
33
112
20
107
92
91
176
167
15
158
103
115
120
130
74
175
39
153
110
117
105
47
109
78
51
95
154
157
165
55
157
157
168
89
67
152
62
64
6
96
112
11
25
88
157
146
71
101
139
141
43
23
74
89
37
8
70
145
169
149
13
115
12
167
169
30
98
147
11
81
10
33
141
110
174
81
160
23
69
172
14
41
53
56
21
50
45
24
146
38
167
141
2
160
47
88
177
156
114
23
171
161
102
2
179
168
147
163
33
97
83
100
50
3
17
122
141
86
25
117
64
96
16
130
6
163
165
8
9
164
85
51
51
37
15
76
132
78
7
8
155
100
41
178
98
164
164
79
124
124
121
139
157
155
5
88
102
88
2
128
54
136
163
27
70
98
68
148
71
76
125
136
97
127
81
56
171
128
11
89
146
83
136
98
138
22
144
65
114
125
128
120
135
126
61
85
74
90
156
90
152
100
84
36
131
72
164
173
86
119
101
162
157
147
154
116
40
83
80
67
127
137
7
81
108
113
56
134
5
165
131
164
29
86
128
113
67
85
141
15
50
79
108
48
78
35
7
175
35
92
125
169
57
71
99
143
144
8
73
151
52
174
10
106
44
122
135
145
142
12
178
6
137
120
124
71
133
162
33
172
15
94
11
130
24
138
61
12
174
26
47
159
146
166
9
4
54
125
118
143
78
165
150
62
63
31
144
137
41
45
153
153
34
116
90
78
58
127
149
133
158
85
163
23
51
30
15
72
22
84
147
44
49
126
57
166
51
173
105
61
124
145
123
168
136
33
109
98
100
12
13
71
111
152
87
169
11
79
132
37
11
150
35
160
130
109
59
136
116
7
94
61
71
36
116
146
116
16
19
50
32
23
133
41
101
44
172
114
17
86
34
59
61
46
57
170
70
60
31
20
29
106
95
25
21
30
62
175
150
75
45
43
128
170
93
79
12
125
140
60
178
59
150
56
164
160
130
29
136
179
102
53
135
151
117
15
134
72
72
133
119
82
150
28
48
89
29
28
153
124
48
44
67
135
138
116
54
42
178
135
165
171
160
28
47
4
158
158
97
158
99
142
88
125
45
163
146
136
74
33
127
84
62
101
161
112
168
129
18
55
102
93
158
105
167
175
121
139
165
21
33
112
137
141
100
2
161
125
77
82
14
112
45
61
165
33
139
151
166
56
22
57
90
43
177
71
38
110
50
61
172
38
121
90
79
10
49
128
155
134
123
2
131
52
164
97
174
126
166
117
124
168
163
151
145
144
49
129
116
61
34
32
36
40
103
127
111
46
102
50
97
73
105
160
156
102
17
85
63
41
169
144
151
131
115
133
113
136
99
48
139
174
72
52
40
37
161
82
164
117
112
138
76
80
14
40
136
139
160
27
148
142
20
102
29
127
56
119
125
10
13
142
46
6
73
109
54
165
103
4
148
131
146
80
134
168
130
99
83
59
102
85
104
73
119
113
12
123
58
177
130
81
177
74
18
176
60
10
75
28
68
66
136
158
132
91
80
30
18
33
175
11
13
73
124
156
116
13
101
12
54
34
177
159
25
146
33
23
170
173
73
108
96
169
131
29
46
46
124
130
107
58
61
118
38
62
97
6
7
168
73
25
150
164
104
17
137
106
127
167
126
177
43
95
179
154
121
72
117
136
173
177
83
120
36
116
179
59
53
138
51
31
171
129
160
48
126
61
30
55
130
55
112
113
46
21
158
13
80
78
31
129
9
58
138
156
121
23
179
138
169
40
38
154
167
57
106
95
168
44
156
83
12
19
20
109
60
91
30
88
124
119
35
21
22
15
25
3
44
174
91
11
30
52
104
87
38
178
137
7
164
168
18
13
33
10
168
135
118
117
42
66
177
109
49
3
138
168
100
148
36
92
156
92
13
143
124
