900
90
119
113
110
161
133
132
132
90
131
165
154
167
177
115
136
124
176
146
152
152
110
157
176
126
173
101
162
115
174
125
104
101
156
91
123
172
163
149
166
163
115
158
173
110
100
140
120
106
111
127
128
136
158
127
118
139
142
93
113
90
122
143
176
112
103
116
109
135
109
127
150
175
134
124
129
101
108
178
97
154
154
166
151
159
178
155
118
165
148
122
95
149
130
174
155
122
152
147
172
123
120
152
178
131
102
131
111
168
158
91
101
178
101
174
113
140
101
158
170
176
95
134
130
166
126
144
106
97
147
157
114
124
121
166
138
168
115
108
166
172
128
145
96
105
163
127
97
116
178
145
174
168
159
169
156
150
155
131
120
134
159
91
136
91
95
142
148
126
164
90
116
134
110
145
94
175
178
121
146
179
163
165
108
156
169
151
107
107
133
101
132
178
100
99
154
131
177
146
97
106
149
141
178
100
179
102
136
125
134
143
129
102
93
161
149
150
152
154
173
93
145
121
147
159
157
152
110
112
114
170
167
108
167
106
128
116
179
150
90
158
115
158
144
109
126
174
109
178
164
103
130
151
164
155
127
108
126
104
123
115
128
120
126
167
151
105
144
132
127
164
169
104
129
143
107
100
137
106
101
97
155
115
114
109
145
168
106
131
154
153
110
139
139
114
117
158
97
113
165
174
106
147
119
150
175
90
167
106
97
114
106
161
138
101
100
93
147
144
150
91
120
109
127
140
165
110
150
98
121
135
126
138
149
158
168
93
167
133
170
176
174
179
90
147
146
126
170
147
116
172
107
98
111
157
136
177
141
152
170
148
96
158
111
105
179
163
117
103
135
95
113
120
179
132
91
105
140
176
158
91
167
145
124
91
159
178
136
112
160
93
95
132
139
124
175
98
153
106
144
108
169
164
175
134
154
92
123
156
167
157
154
130
158
136
93
156
171
150
165
128
133
179
177
153
115
158
154
175
163
144
170
91
124
169
103
138
116
167
117
95
131
116
124
139
121
110
179
179
179
149
101
167
103
133
157
116
101
132
94
158
145
148
128
149
155
106
137
104
178
104
108
133
176
117
164
152
147
178
124
179
149
118
124
119
160
129
162
179
103
95
136
168
120
146
92
171
112
119
99
165
162
135
179
113
166
153
93
173
107
132
141
107
91
117
125
127
137
153
108
152
152
110
167
150
163
105
152
90
111
103
166
178
140
169
142
119
127
135
111
139
176
102
162
147
176
126
164
172
108
114
165
90
98
171
178
90
91
106
139
161
122
117
149
152
178
147
153
116
154
159
123
135
156
105
140
113
150
152
108
151
129
115
90
138
148
166
170
152
138
135
92
119
136
156
103
103
160
145
124
172
122
178
138
144
95
106
158
151
108
164
121
93
113
124
125
98
98
124
128
111
127
172
103
120
135
94
148
127
107
171
137
119
168
144
125
135
96
159
133
166
101
177
177
175
102
163
142
116
134
178
171
97
157
170
175
100
129
118
97
110
135
93
106
161
169
137
148
98
131
134
92
163
172
115
138
130
134
118
107
101
179
127
156
176
156
91
91
147
107
129
101
175
134
147
160
147
103
133
102
121
146
93
164
134
116
147
108
92
150
165
160
175
135
151
97
145
149
139
103
105
137
169
96
136
160
162
125
125
152
99
135
98
176
149
94
174
171
134
124
121
134
152
98
157
118
157
129
157
160
121
143
155
139
167
109
161
157
95
114
102
115
120
157
151
165
98
146
136
93
169
161
147
90
163
129
108
172
176
142
171
110
106
134
117
100
130
123
128
174
153
136
150
145
107
120
98
174
176
145
175
167
139
121
141
142
146
174
137
101
150
135
143
142
101
125
143
140
176
90
165
114
157
165
91
125
90
171
176
120
148
117
92
174
147
130
124
132
150
128
148
119
113
126
147
95
108
116
135
143
148
103
166
168
117
104
139
134
175
176
92
163
142
94
102
109
145
107
139
129
95
136
109
100
113
103
100
106
176
142
130
178
114
94
165
166
104
170
121
95
176
94
127
94
158
132
167
167
159
113
147
