240
80
130
113
86
154
86
115
119
102
96
134
112
135
155
137
80
135
123
144
126
141
115
81
129
133
100
119
158
93
125
119
120
157
82
115
107
140
119
88
116
103
135
96
153
86
85
93
95
135
86
138
121
114
110
81
156
139
139
88
90
147
152
151
151
104
114
132
146
145
115
119
158
89
152
86
80
135
91
103
131
134
122
152
80
151
154
116
105
81
84
140
106
128
122
139
127
86
132
95
121
149
138
87
139
127
142
157
123
135
98
157
155
115
111
151
114
136
149
116
106
158
135
101
150
116
149
100
143
116
114
155
94
139
158
118
117
125
105
111
141
109
118
105
95
97
158
126
151
94
108
158
80
155
94
134
133
115
121
99
83
144
123
90
135
148
92
99
118
104
128
97
135
106
91
110
140
123
117
123
112
113
117
133
156
126
92
83
116
123
94
102
118
82
107
102
106
126
133
120
110
141
91
135
115
159
118
82
114
93
126
92
124
154
93
123
156
120
120
158
91
142
114
119
146
91
101
146
109
85
133
140
159
122
102
82
138
130
148
143
107
145
