1050
70
5124
6268
1508
8018
289
6382
8827
1758
4969
9345
258
7258
6920
6676
7427
5743
3125
9695
6309
2546
7792
8332
593
4962
7426
7076
2790
5884
2344
2688
2707
932
9127
9092
3407
769
4863
7945
6490
3621
4421
967
5588
1555
9553
2282
6927
784
2192
8816
6121
10115
2402
838
10067
3827
2174
3500
8327
8359
4956
8863
9631
6050
2255
2272
5660
7373
1220
8650
8555
2064
8477
4560
4860
4043
7849
8662
3399
9525
8108
4055
4809
8386
8605
9007
10139
8533
5815
4104
2419
206
6634
5017
8512
2326
10170
7246
1352
5113
8789
5434
2847
8566
3740
3329
3785
242
5403
2360
1934
4801
668
1098
1283
9879
2968
7146
2641
10379
10329
517
4565
8403
2620
9511
6406
3814
2148
7920
6986
9978
9266
703
9420
3308
1478
1147
5338
6820
8714
9013
6683
1635
5132
1470
951
7404
3670
2803
4119
1447
5556
6110
10120
824
8043
9408
3164
3918
5389
6742
9385
7925
4749
6624
6427
9395
4602
8904
4002
6961
4374
1919
3090
8998
6187
10372
7211
676
10309
1930
1363
4994
8556
9117
8974
10272
9904
6728
5597
5467
5313
3509
8156
1846
3438
1841
343
6587
6541
3850
1030
10216
1442
5357
4063
6369
5033
4056
1214
10301
5405
9628
9829
1393
1883
6388
1877
5743
7009
3762
5530
3483
2851
1570
30
8345
1526
8194
786
9836
7012
6121
1767
2383
5629
4313
262
5325
9163
858
6582
10277
9984
2194
428
7117
4338
785
407
10369
9425
4992
3185
4685
6744
9365
1912
5302
9367
592
6570
2576
1039
6631
8219
6598
1993
8166
2290
3442
5072
1785
8284
7710
8934
8687
3683
10401
5139
4991
3980
7707
5627
7574
8291
2346
7003
10193
264
10308
1192
2526
5626
3064
951
4155
3550
10075
1369
6117
7736
4289
8204
9446
8049
2127
609
5426
755
2127
7726
7289
6323
7771
725
5380
7655
10471
4119
8663
1494
9001
945
4474
6846
2690
8845
10109
3190
6050
10264
6101
5688
7005
7746
748
7402
7476
9009
2878
3663
6728
8272
6937
8852
8850
8357
10120
10148
6330
5194
24
8612
633
1198
9399
7503
574
1204
6276
7837
8069
4455
10205
8320
6556
2366
9117
4246
245
7491
7275
6204
5664
3774
10151
4468
1027
2014
1306
3506
4311
3644
8513
531
8975
2658
9399
3686
330
8395
10308
2259
3246
3279
5159
1879
10070
5775
4282
7700
8808
5718
7034
5961
2531
4509
7176
8760
6330
717
1696
9357
6872
3635
5142
7949
8635
6319
1351
6309
3398
103
1431
218
2448
6284
1489
9257
7767
4135
7755
3062
9858
7998
5484
3898
9832
2063
828
9096
9464
679
1611
10236
2317
5607
10292
10307
7541
9979
2882
392
10175
5228
6213
2010
8296
2523
5162
3215
3924
1762
2125
3769
1057
815
5775
3641
8712
2596
8621
772
7902
2811
1281
3689
3366
6374
3412
542
2122
2071
2233
4520
1794
7830
9745
6683
7332
9347
5388
18
5359
8449
10019
1955
10442
9025
893
2786
1694
9056
9014
514
2766
65
4093
5192
3042
4533
7376
1562
3690
7053
2906
1813
5783
3449
10185
2013
1207
922
5180
9217
9561
4104
7535
6660
2137
950
4461
3517
5014
2618
8309
9090
1267
115
1928
2614
4948
5738
185
10085
6718
3396
726
9873
9532
4863
703
1102
1841
7166
6386
3205
1370
10377
8348
1657
4427
2876
2133
3029
5736
7408
10270
8670
8445
1696
5069
4705
5390
2033
1349
4532
2208
5588
9326
2437
8588
6609
3796
8262
2227
9868
8872
1875
7123
5396
4470
1155
5375
4597
1
7475
10129
1307
3913
7326
4228
424
5816
8855
7337
10167
2040
8704
6713
3769
3510
5654
3369
8719
4084
9936
3287
6904
9740
2260
1454
10350
6648
9119
9606
5497
10446
4883
6325
720
7185
1690
9702
2617
8015
4607
8928
2762
9845
1953
9406
6696
7419
5382
5113
1815
6524
2762
9074
5440
10192
4764
5221
2215
1735
9696
3529
1703
2352
535
10172
1339
3734
10329
9305
9249
3098
10054
78
7467
4820
8403
4336
9835
2610
2849
7934
7511
2200
2656
854
1901
5553
4745
1665
1818
3800
8110
6362
2636
712
2208
10264
5072
2068
1951
439
3915
1707
2787
3379
8602
10432
6545
5144
7874
1472
5259
7874
1067
663
1760
1778
7498
8766
1105
7094
2980
4712
10156
10182
964
7139
7030
7469
1770
2198
3406
2796
3924
2976
985
4010
3233
7573
3351
3440
5729
6138
2993
8103
1514
7031
3319
345
2056
2030
7031
5967
6914
8086
8720
2705
5889
5143
9796
8825
5442
3999
1342
4103
4075
6593
2568
248
5137
1361
8918
142
2179
5004
5805
3233
10334
4515
9162
8534
5290
1917
8330
2932
8074
3127
2306
8062
1437
9504
5028
3899
3289
7674
4873
9249
5048
6915
5140
3986
7229
4918
9564
6799
3913
9780
8813
6710
4743
1504
1107
6972
1839
4025
9157
3916
1035
773
1517
3321
2786
3654
5042
8283
1729
9964
1789
8210
8360
10265
668
2443
10093
7527
2106
10111
9252
4286
7439
6836
9555
1839
2365
1360
4800
2776
8284
7572
2049
8774
5965
7664
517
4288
4677
8584
10100
6923
5435
1797
3049
4142
9296
3046
7442
8910
1735
2226
8181
9002
2486
8848
2920
6998
2973
114
6504
1409
2936
10428
503
2127
5934
2648
1679
965
1825
77
6387
9196
7173
9878
10358
5195
5973
3944
1974
8782
9341
9124
4546
2924
10258
10314
4326
7464
6881
9542
1538
120
377
4205
4316
9622
1581
820
4636
4901
7872
6507
242
9643
5145
2279
7246
6035
6026
8129
2624
8519
3386
8646
2865
10180
187
9411
8500
1027
799
8576
6885
2960
5840
4288
9645
6215
5938
3681
3826
3843
7509
2070
8346
4615
7542
10402
7412
9935
7522
1480
10421
3052
2626
2755
10461
1485
6864
2216
8530
3622
1315
2127
353
2237
9145
315
5697
8185
2393
3331
652
8507
2917
2594
2282
2764
6170
5377
7014
7487
8346
10209
7117
3356
10085
8274
2131
5322
3461
8662
2675
10329
9365
4199
6440
8048
1101
1947
5423
9257
474
1306
1675
694
5285
5718
1795
9957
5722
10083
5769
6133
7294
9232
4703
4979
8023
643
5278
4575
6207
5164
3411
6819
388
5594
5139
664
4189
9623
5812
3746
8871
9426
8422
7301
8552
6361
1283
9421
