150
30
170
1423
933
417
356
156
1186
1178
979
1457
44
821
1328
428
586
748
920
1053
836
846
451
66
1166
1276
537
1166
922
1493
1307
157
495
751
1125
1335
643
1038
171
636
1095
830
1094
989
1459
1292
159
516
840
430
698
1261
1254
1052
93
172
107
1062
1294
1473
956
364
775
1045
845
1021
467
1262
1442
849
694
1008
1252
364
592
1025
675
518
239
1313
853
109
546
1456
1107
473
336
1215
877
157
1293
382
937
448
836
214
465
1193
505
432
1206
943
1450
52
362
404
335
142
605
833
905
1482
657
111
339
1004
355
940
509
79
482
594
701
1427
197
1454
13
1039
775
1498
985
196
1425
702
42
1074
1185
1420
696
242
1188
304
1329
336
958
645
440
81
446
1433
356
339
