400
80
1590
3842
409
1127
3580
1790
3662
2503
3853
1001
2896
928
302
2767
1179
902
1930
2800
1586
1349
94
1006
182
2012
3191
1381
1986
788
1900
624
1469
3442
3827
2068
3303
2077
1009
3657
2896
3230
2918
891
1944
1673
3806
2549
1861
487
1725
163
3362
3371
3318
594
1620
1313
2816
2390
1614
2543
538
3888
2598
571
2075
1113
1106
3845
3193
1943
1513
886
1235
816
1244
3274
2550
2804
132
1822
486
1465
2547
3917
2230
3408
3036
3224
3359
2999
1541
2311
1055
1989
434
300
1834
1505
2834
401
3846
1702
19
2046
335
2842
2266
1736
398
2982
1666
1159
3378
3312
262
1977
2252
2697
3451
2896
106
3473
1780
2059
861
3714
1428
2306
3700
3297
204
2605
1656
3507
3693
3868
3848
231
1749
657
345
1458
3563
2782
826
2502
3782
1236
1070
2869
3716
2261
28
2512
3496
3626
2604
2993
178
1726
387
2668
3718
540
2242
1450
3926
300
3621
1253
3647
105
2501
3500
3503
2770
3619
1964
479
2488
120
1739
848
3767
2324
2502
3990
1922
2524
2959
2650
2860
1847
2602
1026
1811
360
1855
3182
1436
382
2571
1769
440
3979
3957
2942
2369
951
306
348
16
2499
763
3618
3174
3846
1844
190
3553
2383
2891
1945
3977
229
1923
2334
3950
3567
1318
1176
1718
348
2575
2757
2513
106
2365
875
3436
606
504
1273
934
3672
460
3846
1599
398
3064
3271
1787
41
46
1173
1992
1008
2847
3417
3496
2946
1983
2683
2706
777
50
2051
1991
3047
3631
2080
3774
3997
2751
3293
2303
2106
2881
906
2045
2423
3835
1335
1306
2142
3165
494
3163
2805
567
28
1881
2633
1647
3527
762
3612
1021
1618
1552
1761
2652
3194
1619
573
1610
3210
2803
2225
341
1798
3991
2406
3127
1461
803
3246
2490
2565
1639
2193
3862
917
1684
3619
59
1994
3863
3460
2303
3318
2568
101
1603
1850
3696
3282
1151
2754
1119
824
2391
1143
337
1978
1748
693
1792
2742
2603
1863
3448
3661
1377
2744
789
2742
3113
1385
439
1106
155
1234
852
573
1193
3405
1234
3446
2084
2762
3533
3681
3254
2587
3250
989
2714
3142
1383
1938
362
3114
1767
3703
1749
3539
1538
1690
3649
1097
3047
638
1580
3503
2162
1320
3610
1124
967
