181
90
105
105
103
99
103
103
98
97
100
105
97
97
99
97
103
98
102
95
96
95
97
100
101
95
104
104
103
99
101
100
104
96
96
95
96
104
105
96
104
97
101
95
99
103
102
105
96
105
95
103
99
104
102
101
96
101
99
95
95
100
100
102
102
101
100
104
104
97
95
102
97
95
101
102
95
103
102
96
99
104
95
100
97
97
101
99
95
95
103
104
96
97
98
97
104
99
97
99
105
99
104
105
100
95
95
101
96
96
100
97
100
97
105
101
99
99
103
105
101
97
99
97
95
95
104
100
99
96
104
98
101
95
102
104
105
98
95
104
100
102
101
104
99
105
99
99
101
99
102
101
100
102
98
101
103
97
104
104
96
98
102
96
104
104
102
104
95
104
98
104
97
103
97
103
102
101
104
97
99
99
99
