210
70
98
102
97
103
98
98
105
105
103
99
101
98
105
96
95
103
97
95
101
100
97
103
95
101
98
95
97
99
103
98
105
95
101
102
103
96
99
99
96
96
99
102
99
103
95
97
104
104
100
105
101
99
95
95
97
96
102
105
98
97
96
105
97
104
101
95
96
97
103
101
105
105
100
97
96
99
98
102
103
104
95
96
96
102
101
105
102
96
97
101
96
96
100
99
101
105
98
100
102
97
95
100
98
105
104
103
98
95
101
102
105
95
99
103
101
102
101
100
95
104
103
105
95
96
105
104
98
95
98
102
97
100
105
95
101
99
98
105
102
97
100
95
101
97
102
96
104
100
102
103
98
104
102
103
97
104
101
100
105
99
96
97
97
95
102
95
101
101
96
97
101
100
99
97
98
101
99
95
104
98
103
105
104
100
99
100
101
103
98
102
104
97
104
98
99
105
105
101
99
105
103
101
98
101
96
102
102
98
103
99
