201
100
99
97
101
102
96
96
95
102
101
99
105
101
101
103
102
105
95
105
100
99
97
102
98
104
100
102
97
103
99
101
101
101
104
101
95
97
101
95
103
100
103
96
101
105
95
104
100
101
100
99
99
102
102
102
97
100
100
102
101
103
100
102
96
102
101
103
99
105
97
99
96
101
99
96
104
105
100
97
105
103
104
104
96
105
101
101
99
103
96
102
102
102
100
103
95
99
96
95
105
97
101
96
101
100
105
100
104
98
99
100
97
100
102
105
99
105
101
101
98
96
105
96
98
105
101
101
96
98
95
104
99
105
103
100
101
98
100
97
95
100
105
105
95
97
99
100
101
99
98
96
96
95
96
98
104
100
95
98
96
102
98
105
105
97
99
100
96
105
104
99
103
105
98
103
105
104
104
95
99
103
99
95
100
95
104
95
99
97
102
105
97
97
99
102
100
95
99
104
102
95
100
