150
10
1115
1457
36
101
185
897
1273
583
215
970
1326
1409
1032
1285
1041
1430
1397
443
1042
724
1133
526
592
540
896
1341
847
65
136
407
38
1394
374
237
1231
571
759
989
190
653
295
1486
1341
974
1173
1326
801
356
900
952
1370
614
938
1344
91
1075
1423
552
1092
1102
566
1430
1397
795
1032
1378
794
1348
1341
148
849
536
871
782
4
241
651
652
959
489
1431
305
465
451
734
1498
815
799
545
1038
1054
65
686
765
1346
658
684
1482
152
530
1441
405
639
36
541
1118
412
1370
318
398
1386
1386
1386
733
303
1133
902
872
985
630
121
1298
1146
1122
1077
511
373
870
39
35
87
449
520
649
400
426
340
730
489
228
603
1177
352
1273
1430
1399
1493
253
142
945
