300
60
103
103
100
99
95
102
103
105
104
101
95
101
102
102
102
104
100
95
97
105
104
99
96
96
105
102
101
96
100
105
104
100
99
101
100
98
96
98
95
95
95
104
100
102
105
100
105
102
105
104
99
102
98
95
103
105
104
98
101
98
105
100
100
102
100
100
96
102
105
103
97
104
100
101
99
100
104
103
102
101
104
98
96
103
96
98
100
102
100
97
98
99
101
101
100
99
105
95
101
99
102
100
103
96
101
104
100
103
98
104
96
105
105
102
97
99
103
96
97
96
104
102
96
105
96
99
97
99
103
98
99
100
96
96
104
104
103
95
103
95
105
98
99
95
101
96
99
97
98
95
95
103
99
95
95
95
100
96
99
103
98
101
95
97
96
98
104
97
101
99
97
96
102
99
103
104
105
96
98
98
100
105
98
100
104
100
104
96
96
104
104
103
102
102
101
102
102
104
99
99
102
96
103
104
103
99
105
99
105
96
100
100
95
100
98
101
99
99
101
96
100
101
96
98
104
95
100
103
96
100
103
98
100
98
103
99
103
103
98
99
102
104
97
102
96
105
99
101
98
100
99
103
104
99
101
103
101
105
105
103
103
101
105
95
101
104
96
104
99
101
105
96
96
104
101
104
100
99
100
99
95
97
96
100
101
101
102
103
104
95
96
101
97
101
104
103
97
104
99
95
