1000
100
19
65
61
90
22
6
4
32
9
50
41
87
22
92
76
2
84
61
97
33
72
69
63
4
32
55
26
84
19
10
81
55
30
36
68
23
43
11
8
88
53
5
93
95
30
83
51
17
46
74
34
26
71
4
45
95
17
96
59
72
71
19
35
36
31
79
89
21
73
64
86
23
3
53
64
44
63
57
63
94
63
23
3
69
54
72
42
90
72
52
94
17
65
8
49
29
11
34
45
28
58
22
81
61
95
59
10
37
98
87
38
50
9
3
26
45
92
51
98
31
19
33
78
82
74
100
38
16
77
99
45
85
85
47
93
44
98
89
43
22
29
25
9
49
24
94
65
100
52
27
67
16
39
64
100
65
17
30
65
13
44
62
5
53
14
95
3
89
47
61
81
81
25
14
82
59
73
5
35
60
88
86
43
15
38
84
33
85
50
80
41
64
46
24
43
96
69
18
63
44
74
21
9
100
29
83
30
5
40
94
24
100
65
77
52
59
24
18
87
90
91
63
57
54
21
37
31
15
20
46
58
11
55
53
56
71
86
58
55
46
91
97
34
30
2
27
48
53
50
69
45
52
85
31
7
82
89
89
26
26
18
18
81
14
48
98
12
16
98
92
46
85
90
9
42
15
40
21
52
45
79
24
21
42
66
86
47
91
27
1
94
86
49
50
31
41
57
21
6
28
45
55
92
73
98
51
3
62
2
22
98
80
33
8
41
44
25
67
5
67
71
38
76
30
13
96
52
66
9
96
15
49
82
76
71
43
93
48
22
88
89
33
9
82
72
1
97
96
49
62
14
73
82
58
27
65
38
76
59
90
90
35
2
70
11
19
10
75
99
41
54
53
80
70
36
96
11
10
93
94
39
92
11
8
78
42
19
71
27
65
84
40
65
9
23
67
86
63
28
74
78
74
9
3
38
64
65
70
89
94
4
21
13
5
67
28
19
61
54
20
54
33
83
26
46
13
99
77
82
14
9
60
38
35
69
38
70
32
14
11
64
66
63
63
87
55
86
31
9
67
5
54
21
42
16
4
82
10
31
31
29
4
48
48
51
92
10
82
13
52
72
20
80
16
88
28
56
25
53
4
9
49
14
4
58
43
23
5
82
57
98
87
27
90
6
11
95
76
77
63
1
10
6
25
24
29
31
81
61
44
47
94
83
18
80
4
18
15
13
15
65
1
46
51
22
95
43
53
100
22
87
25
78
50
55
5
42
37
44
79
16
88
76
62
35
69
14
24
40
62
29
79
12
50
59
99
41
2
6
21
74
63
61
33
44
57
42
31
1
27
27
19
63
34
70
100
4
14
40
54
62
53
13
61
60
44
22
39
49
98
17
96
89
98
99
8
93
58
16
68
17
41
76
5
4
71
25
76
92
82
21
61
56
27
25
15
18
14
12
56
88
45
92
97
25
43
69
32
46
73
63
45
45
39
49
67
60
39
94
40
76
20
66
9
21
39
22
65
30
63
80
87
74
47
57
5
7
70
70
73
24
56
28
61
50
7
60
55
73
98
95
87
78
60
100
86
21
14
62
91
72
77
64
65
19
32
84
86
25
31
50
89
58
93
43
31
23
27
37
23
98
48
60
90
73
58
42
45
64
40
9
34
34
47
77
67
34
2
51
12
70
8
68
43
14
33
80
40
28
23
63
91
66
9
27
85
65
45
82
68
71
90
19
95
28
29
66
77
23
73
32
13
56
23
70
75
41
96
67
14
86
92
81
16
54
9
59
56
33
13
74
42
81
15
78
39
74
28
26
13
18
64
17
86
94
65
28
86
22
9
72
54
82
89
96
95
92
49
12
37
80
19
12
96
88
25
49
47
9
96
70
60
88
40
54
57
28
16
90
70
92
20
66
91
45
75
62
19
59
32
55
80
19
84
73
47
36
87
33
52
80
73
55
60
50
87
70
56
99
90
90
96
33
91
3
42
95
27
16
80
65
78
65
26
50
54
89
9
89
88
83
4
17
27
2
35
38
7
100
82
63
74
12
58
33
67
43
55
56
54
27
78
67
62
34
83
37
47
78
48
70
29
12
15
59
40
14
74
92
42
11
11
55
55
70
17
44
33
54
69
76
20
28
74
27
87
55
12
26
53
47
82
43
68
25
61
90
64
75
25
88
91
38
68
28
70
72
74
79
17
9
29
18
32
93
51
73
97
25
51
27
50
34
77
54
16
41
88
91
68
48
96
7
6
1
17
40
1
16
55
31
7
67
33
5
13
52
49
82
93
22
87
73
70
22
29
83
15
13
57
