270
90
103
172
178
109
145
169
115
171
171
99
97
163
155
109
136
141
161
156
122
92
173
130
129
125
117
175
142
147
100
108
179
171
126
149
177
165
142
101
106
157
123
156
160
171
139
123
146
122
113
97
98
155
143
130
172
93
120
100
157
90
151
124
174
102
99
169
114
119
90
136
103
160
113
92
178
136
115
100
142
168
128
171
169
158
139
115
119
145
133
166
125
124
126
175
159
96
112
117
151
163
102
146
143
152
156
134
138
156
166
126
151
107
105
118
132
116
117
111
166
166
121
139
174
156
123
162
169
151
166
139
149
174
115
110
175
115
166
155
126
97
127
97
129
166
117
153
159
160
170
147
123
159
125
93
137
151
92
106
175
158
112
130
163
125
143
133
174
100
108
105
138
125
92
144
167
93
137
102
92
175
178
165
177
129
114
107
134
115
102
103
104
153
130
160
103
134
134
116
123
93
130
103
138
146
93
166
122
126
107
130
92
119
128
177
163
112
131
107
114
110
163
101
149
90
146
95
154
131
171
149
97
169
153
143
150
172
95
124
139
141
166
174
90
166
179
131
154
110
102
174
110
145
141
146
159
169
109
178
148
110
124
166
141
120
153
98
136
91
107
100
