150
30
102
99
104
102
95
105
100
99
100
105
102
96
102
99
103
95
105
104
98
98
101
99
97
105
96
97
98
96
104
100
99
101
103
99
95
95
96
104
99
97
100
103
96
95
97
101
103
102
97
103
105
99
101
100
101
100
96
102
100
102
97
104
102
101
100
101
104
96
102
96
100
99
95
104
105
105
99
99
97
101
105
100
102
102
101
97
105
104
100
95
104
99
102
101
99
99
102
99
95
99
102
100
97
103
95
99
96
100
99
95
101
104
103
99
99
100
96
95
105
95
99
99
98
99
103
95
103
98
104
97
99
95
104
96
98
104
103
99
96
103
103
105
98
96
102
99
104
99
104
97
