600
40
38
60
39
26
5
25
16
65
36
8
77
79
70
40
12
23
50
65
49
67
8
1
21
53
17
38
19
37
27
67
11
5
43
18
3
29
58
43
75
48
4
53
65
38
77
70
1
44
11
1
35
42
52
11
37
45
44
73
73
33
61
33
70
14
71
66
13
5
61
47
6
69
71
28
2
28
2
22
70
38
45
27
33
44
31
35
29
10
35
50
46
51
19
28
64
8
25
61
75
68
18
4
39
76
48
22
25
22
9
79
77
56
59
16
67
10
60
59
65
23
12
78
40
69
36
2
60
57
11
57
54
47
65
23
14
59
32
66
42
61
65
63
71
19
10
5
73
21
10
73
58
58
68
24
27
17
29
42
12
53
7
20
58
6
15
39
54
14
54
61
2
41
56
42
19
38
68
21
53
12
53
54
39
19
27
15
3
18
32
46
28
70
49
72
71
32
58
15
34
74
10
67
70
75
69
11
28
64
70
62
24
26
48
32
75
39
46
39
45
47
40
42
78
43
14
66
5
43
52
3
13
60
17
62
38
75
29
55
7
8
41
34
9
29
23
52
40
38
40
66
17
16
50
76
41
20
44
14
2
38
21
31
76
12
75
7
32
74
7
33
2
23
69
12
75
35
34
62
55
69
4
33
69
72
46
48
67
13
31
24
6
31
22
59
17
17
20
64
54
77
24
43
36
75
33
63
51
62
29
30
19
26
25
48
51
17
34
21
78
69
64
76
9
29
63
62
70
41
51
52
76
53
64
71
50
69
62
4
32
11
28
3
20
75
48
52
60
29
70
23
52
20
19
40
23
68
43
51
58
51
34
11
53
43
24
49
68
12
62
30
67
6
49
54
73
4
35
67
46
66
51
66
32
6
37
5
77
73
19
14
58
57
25
22
60
40
10
27
35
35
58
64
38
25
2
53
59
73
66
47
64
72
58
47
49
54
46
24
62
1
62
35
77
27
78
8
53
22
27
52
18
19
68
29
47
64
31
8
11
52
45
48
8
47
70
62
50
7
66
67
31
56
18
4
51
67
29
44
34
32
30
65
13
33
73
39
9
5
25
36
29
56
26
15
58
34
46
58
17
58
18
74
40
14
54
39
70
40
41
32
23
20
26
44
29
2
75
48
24
62
10
2
5
46
14
18
42
46
49
7
9
55
27
7
52
28
3
14
7
45
61
40
73
54
30
35
43
6
21
71
66
41
49
72
48
7
25
43
55
13
57
66
47
42
71
68
13
58
21
24
53
16
71
24
56
9
74
32
11
40
24
70
16
69
23
70
19
19
51
43
18
74
69
13
72
58
47
3
67
61
56
17
11
22
3
8
33
53
36
9
8
25
75
74
64
3
40
62
5
27
