201
100
33
64
91
88
72
11
2
33
4
99
80
84
61
40
8
48
64
54
77
59
97
64
95
85
56
6
50
30
8
100
24
34
39
58
8
58
78
100
24
78
52
52
96
8
91
76
79
30
77
97
43
15
69
74
54
41
71
35
25
34
94
93
24
32
38
36
92
85
21
80
10
20
10
67
70
71
79
42
64
70
98
22
6
2
75
35
85
78
47
54
28
7
12
89
29
32
66
99
89
47
78
63
8
37
13
85
26
92
5
50
91
84
84
16
31
53
18
79
72
18
52
93
24
84
36
99
56
79
56
68
68
60
20
49
94
66
49
23
49
4
89
100
44
95
2
9
50
46
15
67
70
93
60
66
2
50
32
12
58
62
67
72
45
69
87
16
97
100
44
1
91
26
20
16
9
22
52
46
26
26
4
40
46
42
98
99
36
85
28
62
51
47
29
84
91
31
70
43
60
50
50
