210
70
105
98
104
98
104
101
101
95
105
102
97
102
103
105
99
99
105
101
105
104
102
105
103
104
105
101
104
103
104
101
101
100
99
104
96
105
101
103
104
100
101
101
95
99
98
95
95
103
101
105
96
97
96
100
97
96
102
99
95
103
102
102
98
100
96
101
96
95
100
96
100
97
98
104
95
102
104
105
98
96
102
102
96
105
105
96
103
105
105
104
98
96
104
97
95
104
96
102
105
97
102
101
100
96
104
105
105
99
104
104
100
105
98
96
101
98
102
100
100
96
103
96
101
98
101
105
102
102
96
105
97
96
103
96
105
105
105
99
98
105
101
104
101
104
97
103
104
102
96
104
97
97
98
103
105
96
103
101
96
95
95
102
102
97
105
95
100
104
102
101
97
105
105
104
105
100
98
95
100
98
99
103
105
99
97
96
105
103
104
102
97
105
98
102
98
97
96
103
104
101
96
103
103
97
102
102
103
97
96
102
