180
60
104
90
66
89
77
79
77
62
105
91
101
79
75
71
91
114
108
96
78
65
81
84
79
68
70
65
82
74
70
73
98
107
80
83
117
71
64
75
84
98
104
91
117
113
101
110
87
66
114
95
95
96
91
79
69
64
97
114
107
116
94
70
89
110
99
89
88
84
86
81
79
67
84
78
73
104
100
94
90
116
99
87
62
80
81
76
94
67
88
94
104
113
61
102
113
62
102
65
95
104
86
74
113
96
69
67
76
67
98
114
87
96
77
101
92
104
118
102
99
82
80
88
79
86
89
82
92
94
79
73
104
104
115
81
119
113
108
98
61
86
79
65
84
66
116
99
71
80
91
100
64
64
77
111
90
111
84
92
81
100
115
90
71
113
110
66
82
96
106
86
97
93
106
97
65
112
72
89
112
90
