200
20
63
87
85
59
21
23
60
83
27
8
77
69
38
90
28
8
75
96
11
80
36
86
6
37
7
97
75
29
10
53
63
42
45
7
65
75
22
28
75
61
15
90
49
87
25
69
41
37
90
35
60
1
69
99
89
94
73
10
14
87
28
86
34
97
12
72
26
87
39
81
3
52
97
74
59
39
88
98
24
44
42
33
73
74
98
58
29
32
47
10
32
21
81
15
82
29
12
77
46
10
56
56
91
39
36
4
48
85
79
88
84
55
15
60
39
66
3
98
68
50
79
96
6
78
27
95
56
9
53
81
82
84
30
70
17
17
26
100
85
39
30
56
40
82
96
21
59
90
86
15
95
7
87
48
33
55
80
18
58
3
58
13
51
71
62
30
19
12
31
34
58
82
17
52
47
51
26
22
38
63
25
62
86
5
55
75
55
58
55
8
72
24
49
95
90
6
35
31
58
11
