210
70
551
1592
1667
934
868
677
1500
188
1574
785
1921
1456
490
652
304
1390
1042
1788
452
1762
1101
34
909
625
71
878
1108
408
1430
1452
1758
613
682
943
1841
460
711
2087
11
1629
1975
1911
633
893
1088
1879
1242
823
481
930
761
1772
249
1537
1769
264
1707
555
1202
395
237
888
419
2002
1509
1113
1989
677
1203
1485
1494
406
1424
1499
1009
579
1310
9
464
931
1088
1858
460
1859
1681
1486
123
325
174
1405
2046
560
80
1147
800
452
306
238
1452
712
1065
1821
1210
1281
1946
1797
709
802
1828
701
1892
1778
537
796
1858
789
492
419
917
1585
834
1451
149
1613
295
380
1369
64
1110
1220
1186
1985
375
1273
1972
293
636
592
2087
1253
710
549
1743
1405
752
232
1938
696
1627
38
1132
252
175
372
741
1093
1213
689
497
1387
1151
1940
1622
927
895
813
1404
781
1126
1688
506
596
1879
1138
293
327
1070
1598
557
208
863
1979
914
401
579
31
1571
465
132
917
1330
623
1974
456
1129
1261
1447
1229
837
2034
367
672
724
1112
435
621
720
444
2060
1102
