350
70
133
76
127
70
84
81
92
81
92
80
124
122
76
134
82
82
89
78
74
76
126
136
86
70
120
87
89
106
132
82
102
105
110
81
137
126
73
109
132
81
94
135
134
73
72
76
136
116
122
84
79
74
130
109
87
82
81
95
108
101
91
115
70
81
134
89
126
81
135
91
120
88
138
101
110
129
132
109
74
77
70
76
89
129
132
90
138
78
109
71
110
104
80
126
130
81
85
98
131
85
107
130
125
103
132
121
121
71
115
91
136
77
95
121
116
79
121
110
135
74
72
131
102
91
85
106
84
80
112
95
116
127
130
73
100
125
120
102
74
105
109
125
92
121
74
117
118
100
103
108
104
79
134
89
101
118
75
100
119
75
86
91
88
99
84
114
90
81
107
101
120
93
117
128
110
131
105
114
93
114
111
134
71
86
75
78
72
84
106
79
131
138
99
82
108
128
119
72
105
74
83
134
80
123
135
129
109
130
116
111
123
100
100
137
89
99
83
84
123
78
115
78
131
110
83
75
116
115
123
93
128
137
101
71
84
116
103
91
123
103
81
115
85
76
114
128
77
129
121
95
86
101
94
72
136
90
108
94
131
95
135
88
77
94
98
92
82
121
118
131
93
81
102
103
117
87
126
112
109
101
98
72
99
72
90
122
81
78
131
94
89
101
102
110
79
138
100
113
93
103
112
104
123
112
113
119
92
127
136
109
100
130
137
72
87
132
97
81
128
72
90
117
124
93
95
70
84
94
115
101
135
80
117
74
118
96
137
90
89
129
139
75
123
89
76
136
84
87
85
76
