180
60
80
72
66
65
17
2
54
1
25
19
3
67
7
17
37
58
14
63
19
41
72
73
39
25
42
68
28
42
22
32
36
37
95
55
87
85
66
33
78
34
54
49
83
24
83
24
9
62
67
50
24
81
99
2
95
14
1
29
38
35
60
50
2
29
51
84
43
65
93
73
35
89
77
99
93
6
13
96
42
91
74
82
82
52
90
1
70
54
96
64
6
27
77
74
35
67
3
99
64
82
48
32
36
2
14
25
88
67
26
37
8
88
41
67
60
12
76
84
77
4
64
97
32
93
7
5
64
13
18
12
39
79
12
12
94
41
89
80
58
93
37
97
12
89
6
80
17
99
37
15
42
92
72
24
72
32
15
52
25
85
4
21
59
80
51
36
51
98
28
99
87
87
96
70
3
28
62
45
55
86
