300
30
44
38
83
17
21
94
45
82
80
56
79
81
32
8
61
77
66
87
59
33
94
30
29
99
88
41
4
42
24
86
22
42
99
33
47
46
16
31
34
14
35
17
8
71
26
11
75
58
5
95
74
9
17
52
88
76
95
63
23
33
49
92
26
95
60
77
4
55
41
64
74
45
95
18
65
10
9
43
6
55
100
46
50
47
55
73
66
69
5
72
46
42
8
84
14
54
37
46
69
11
25
93
21
96
75
61
90
46
43
89
57
79
47
32
63
99
12
49
57
6
42
87
10
10
59
10
18
83
75
20
98
49
17
11
74
95
64
28
14
66
32
62
17
80
84
33
44
33
37
41
3
93
62
33
21
61
93
24
94
31
1
57
79
40
24
4
54
39
56
29
21
76
71
47
34
77
67
92
78
86
53
7
93
6
52
4
26
25
50
87
51
72
79
38
35
65
91
15
54
24
34
58
64
42
46
96
53
62
83
79
35
3
35
25
59
57
61
1
63
82
24
5
73
58
97
95
57
46
28
24
27
20
33
11
72
41
49
9
66
38
36
70
50
26
74
74
3
48
14
69
35
22
89
51
77
7
24
38
5
91
69
68
50
82
18
39
75
77
95
56
12
49
26
52
45
48
48
99
45
50
42
50
94
67
69
58
66
90
78
1
39
66
82
32
82
52
93
83
59
94
