1000
100
6981
6007
1973
5777
3320
640
2775
7937
3877
5109
5946
7738
5139
3574
7071
3623
6688
3883
3453
5862
9119
9399
8827
1459
588
9277
70
4982
2996
887
6442
1857
4334
3791
7425
4540
591
2675
5899
8218
9041
2803
5974
4526
223
4013
425
656
1964
780
2666
7763
2035
3343
675
9587
2273
2173
5186
5093
1413
3125
6796
4540
3289
8802
7087
8663
6708
3259
9141
5565
7579
7588
5453
4142
2794
3300
3325
597
1855
8336
4302
7098
2558
250
1665
8375
1380
9805
7820
1072
6201
7103
3173
5043
8667
2512
4825
127
1022
7048
9695
628
8702
2492
2993
3018
6190
4769
2159
2248
514
1805
6898
2005
6410
8129
6508
8015
3984
5247
9113
8295
4974
9886
305
9891
5836
3015
1976
7524
112
3124
6631
6122
4725
35
4928
4261
1959
3566
8282
2437
2965
1119
8685
8634
3275
9609
3005
1416
9387
2158
7714
8988
6460
6877
7223
4500
4318
2265
3840
4356
5874
5667
1918
3906
1645
7025
9434
7489
4039
6858
1834
5402
4090
4908
4847
3030
8943
1831
573
4843
7763
2545
7477
2984
5565
8341
9660
5061
5519
6733
2543
7506
4247
6978
387
8217
7175
4672
9116
9864
742
8588
7555
5778
4246
3653
4681
3003
9990
9803
3780
4100
6480
5202
6775
654
3146
6163
949
8313
7747
4914
5664
5771
3716
6484
7470
2251
2061
1030
3476
2924
7027
6534
7844
6509
9125
5246
7091
2480
1136
4575
1564
1215
7206
8343
8110
5282
4600
946
2345
2542
7475
7759
7773
6116
9073
6303
2991
6172
5966
2670
8299
4526
7193
7310
6912
7900
1733
5110
7087
7420
8016
1069
5044
672
2175
9068
9025
7345
292
3420
9494
3773
3479
9535
2713
61
6442
2780
9177
6257
1125
7925
5966
3406
1123
7532
9906
8304
4903
4292
7441
5561
3988
9598
5878
189
7930
8289
3023
7764
9336
490
4958
4008
944
8469
5045
3149
6863
3758
183
8941
7516
2439
9237
7767
3258
4899
8614
242
7734
9250
6661
2962
9016
7898
1796
4913
8349
8597
5154
6880
4506
5806
9622
5574
5940
1030
6562
5635
4342
571
5118
7607
3383
5087
2356
557
9260
63
7042
5090
610
5449
7560
7984
468
9204
283
5407
7879
4588
6790
3923
9367
545
5194
4103
8461
6194
5796
8522
742
4883
3054
3493
1285
8895
7260
2482
4423
9301
8933
5506
8382
4662
4643
4511
2617
9416
7265
5942
6974
2707
4600
2546
3233
2223
7507
1958
1978
5383
5764
3657
9900
1767
7748
9465
6936
266
2716
9007
5930
2040
2272
3349
7671
3521
9407
6110
4499
4087
7472
2667
6499
8145
8897
6417
5592
7715
1681
567
4102
7138
7003
8907
7931
7191
753
3080
9486
4372
5724
3792
1290
9188
8777
7006
6115
9100
1295
9984
7944
7732
2765
1125
7967
1940
7673
5779
8971
9622
609
2472
3775
8040
6521
5441
4012
6991
3626
4095
1729
6915
4202
6194
3483
5844
5209
3289
9425
6430
4880
4178
8876
1914
6489
524
6874
1245
5985
2803
7006
2750
4175
3645
1881
6731
2286
2206
904
5513
4632
2899
3951
2714
524
2377
7062
2698
3766
146
4497
373
7511
4797
4759
3525
9641
678
9554
6288
3094
6928
7289
1040
1613
7047
7951
6674
9890
7736
7555
9592
1743
6323
1389
6940
8618
6814
3368
8087
5244
6824
5803
1104
9068
4378
5060
2539
9910
4475
5364
407
7970
7912
7436
2827
2195
1404
9902
605
8977
8503
9512
3611
8337
3340
6742
7553
7116
860
6979
4926
7694
8097
1440
4193
477
3721
2035
5477
6280
9109
9070
729
7652
9033
3462
964
3899
4609
7504
210
9790
8629
3174
9424
6306
1717
4335
6489
4852
1631
8699
9359
7497
5845
9321
1856
699
5658
7682
9412
416
8049
3110
9103
8009
4788
2242
4479
8262
6853
3546
7764
9280
84
4665
5570
5238
4709
1882
6040
3260
3329
8498
5144
6027
4258
8629
8386
1062
5116
7542
2175
8468
1251
2296
9494
1304
8552
1045
8252
8283
3445
6670
776
9871
36
6182
4627
4930
1727
3154
4178
6916
9018
5658
4498
8958
4509
4854
3450
1800
9103
2224
1963
2465
6110
795
800
9865
272
329
4011
6178
8065
9101
8427
2313
534
4405
5287
54
1890
5380
3632
5585
9117
2657
8430
7112
8227
9023
6421
6138
9816
5433
1170
5726
7706
2183
3860
2982
2517
1614
3359
3567
8257
8628
8601
7284
3612
7264
2285
7853
699
8430
56
2335
4114
9793
6381
6463
3076
7303
1609
8332
3705
1218
9983
9705
7462
7903
6686
3620
8613
3957
281
9658
9113
9926
5949
9942
8533
9400
9459
4217
2260
3903
70
2887
3050
8256
4962
8771
4450
4424
5115
8139
682
3433
8707
238
8659
2891
3973
7748
7317
5218
1171
3203
9762
1765
8875
3284
8183
8923
7747
8083
1874
1010
9741
9522
2611
5592
6308
2881
241
6474
8584
4931
5378
3817
8403
172
1298
8549
4267
4518
361
6543
9474
5127
4434
5888
1378
3734
9446
5652
1309
9410
3333
4672
9727
8380
1684
5453
46
5185
1892
5128
4705
945
1921
2119
8380
841
8849
84
4184
8386
4846
9103
4982
3525
3248
4564
1176
7796
9626
1095
7833
890
7340
1584
879
5888
996
3250
1271
6716
9167
2210
823
9119
4485
7151
7887
9921
6211
8264
1738
2262
6404
9484
5414
3193
6820
3725
3832
3742
7427
9564
1896
8214
3281
5775
9528
9998
1876
4871
833
5090
7553
7314
9510
1815
9442
3053
1344
1091
4309
8272
2220
8081
1682
469
9522
5874
9080
2855
2433
486
772
1126
7874
9242
6159
9083
3297
8937
3073
2523
7658
5337
6104
9095
1005
2213
4206
6510
3475
1697
3671
9955
4889
4265
6882
3068
614
1608
8367
4246
5311
4786
554
6657
2288
702
4114
894
8310
9746
878
1313
6514
3770
7149
1109
8174
7078
7282
621
5525
1705
7818
8273
1866
1719
8134
5269
6222
5987
4866
6105
9067
1245
8005
7072
3360
9299
6
