181
90
10
35
93
85
19
59
79
80
61
15
60
90
47
31
12
54
8
52
65
98
47
69
80
99
5
10
70
42
100
96
52
26
36
8
87
59
37
22
98
90
96
31
73
1
96
99
90
45
16
94
15
43
53
79
8
35
16
22
87
57
70
100
5
36
76
53
20
62
82
92
79
44
73
55
55
45
60
58
34
52
80
6
61
77
65
81
52
7
55
25
45
58
18
61
50
24
2
89
95
68
27
30
45
20
75
73
75
55
75
19
6
54
24
72
29
100
91
1
62
17
28
54
98
32
8
86
52
3
22
4
45
85
95
54
45
5
1
71
56
23
25
15
28
20
51
88
13
88
64
38
69
27
38
90
65
58
57
77
49
37
30
76
27
76
83
91
2
72
82
38
59
93
54
14
30
91
74
47
69
6
13
