800
80
5693
6943
4315
6964
7706
7685
4395
5701
3498
2245
7979
2007
865
6061
1093
4367
3658
3234
6324
5589
6275
5587
439
4806
7748
6238
6616
66
772
6085
162
483
5552
5785
6058
1195
6942
3345
1264
7603
4439
6179
6604
5510
1437
6312
1676
728
6934
4490
1833
1255
1735
4754
6354
3261
2322
7710
5089
7510
944
5304
5295
6536
2026
7158
2327
2430
6711
6630
7275
6416
7501
4800
7343
5907
195
7194
175
7010
3409
3726
2087
7353
1250
3200
3862
6831
455
7894
3588
3994
5269
3534
7485
6664
7418
3729
6220
2207
3096
6019
3944
310
3816
7568
3805
6047
6151
816
1956
5865
5465
2914
5679
2037
2236
2331
6601
2407
7642
3736
5688
6343
1172
2070
8000
1028
244
177
7414
1545
1206
5018
4988
4081
2765
3692
7545
3109
2957
406
7441
1164
2344
2767
1274
5640
3234
4900
5747
4591
1518
1752
5719
415
332
3589
3199
6203
276
4846
7944
558
3469
3081
2250
7175
351
2552
6540
7107
3619
1819
3867
1048
2868
6101
3702
6533
6290
6552
7435
7101
7792
4705
375
6269
133
7526
2740
4008
5108
7725
5929
3867
608
2223
1981
668
4920
4802
5
7561
7044
2103
1805
2742
2826
239
6530
1637
4101
6807
3873
6982
1704
2863
3800
2316
6893
6355
6414
6338
6040
3679
3537
2558
3662
5936
1285
494
5860
2675
918
2143
815
7463
342
7191
7792
5327
3498
5755
4458
5245
7090
6449
6164
3756
5492
6440
6245
5897
4332
4600
6756
3358
7612
2875
4390
2347
4111
6964
2860
2351
4847
1538
7007
2068
3753
6331
5872
3472
1180
7731
6712
5340
2736
4674
3616
6653
2327
2381
7971
3424
5078
1158
3550
7308
4854
5158
4259
3608
2102
2182
3083
5017
4430
5219
2338
6070
6027
3596
3357
885
7430
214
7992
1592
6361
5733
6750
6237
5619
3302
1352
1735
159
7123
3172
2845
6525
4918
4399
1581
6863
3821
773
5100
1000
3566
783
1792
4000
7546
7118
2334
6736
5634
3990
6690
1308
4457
6863
963
5085
6452
2553
1822
5723
6920
2109
2136
1795
35
5758
4848
7823
990
4596
3545
6074
335
4530
1576
2462
6647
5565
1843
839
3812
5210
3847
1473
3830
511
5242
2066
2713
1191
2528
4608
4296
3003
3215
7176
5802
3758
710
2317
2423
6722
4165
3068
416
1157
5768
3990
1092
5999
5180
3613
2510
4793
4537
5895
5869
6145
2559
389
7059
886
3312
7474
5476
5863
1264
6316
6889
1564
1116
1901
5846
2199
726
6738
7000
1434
5415
1949
789
7404
1392
2223
5132
3680
3729
2897
2861
2298
4487
6728
7565
314
3169
3506
1564
1491
4145
2700
4590
5539
7029
7662
178
2152
1156
7112
6208
5180
1642
5517
7806
5433
5384
6152
2031
3803
324
1963
6121
6471
6452
2157
3555
4509
3873
4509
3805
2784
5944
5590
3943
4233
1553
7077
1994
850
3762
6600
271
5790
4377
7457
2826
1837
1436
1658
7813
3706
2246
1935
6672
2710
4393
6291
793
1872
5512
7356
464
4613
2449
7203
2575
4811
7562
2288
5573
1656
1422
2273
6757
7291
6412
3306
2141
5091
1414
2228
4857
4167
992
6669
5507
1548
5895
1337
6797
1147
3172
7914
1871
4353
6141
2774
7843
7493
4008
7481
4447
6568
391
5558
4070
6079
2195
2759
7770
5758
4264
7904
1878
526
2750
4372
888
7390
6075
5320
4935
5383
3065
2808
7888
1697
7423
4412
7198
7556
833
7436
2644
3583
662
1068
6683
2028
6031
1961
7905
5005
974
4501
6147
4883
1417
6409
5295
5447
3163
4772
649
7419
6238
3754
1813
3088
2579
1609
1467
4045
5690
2008
6235
1077
3053
7114
2562
3603
7635
1774
118
254
7598
6802
6685
2322
1910
5778
5906
4764
6135
6128
1321
4708
763
1146
4575
7849
5790
5835
2792
5171
5615
6074
3441
4895
2335
316
6528
670
6197
1883
5464
4470
7011
3397
5796
2819
2171
1023
7372
2811
3316
4334
634
3317
1821
5841
929
7552
6819
7526
6062
2520
5102
4648
2829
7027
7872
2012
3970
3649
5212
6108
2286
883
1264
171
4821
3519
909
2665
1586
2880
6004
3437
3640
2342
5455
1278
281
602
6516
3646
31
2268
1309
2147
5379
6279
6644
1338
574
7982
7442
7783
2205
4348
4879
4458
5540
6925
3883
6578
6020
408
5103
7109
1220
3678
1086
6563
300
5122
5961
1489
7812
5583
2156
5837
4050
2440
3610
3018
6883
1153
3891
4337
6594
4668
7110
2029
1075
3576
1067
6612
3180
6506
5195
665
4078
5387
4798
1321
4271
2083
7275
7036
1285
4741
5408
1682
2919
5218
5765
5462
2290
6993
7286
3335
3311
6908
4965
474
6830
3066
5521
3014
4994
5658
3436
74
7257
6156
6807
1342
3823
