400
40
3311
549
853
3046
2460
2295
146
3246
832
310
3531
3750
3026
38
552
714
992
2212
3208
1828
945
3172
2644
3741
400
2603
1544
153
3980
322
3207
590
2588
3974
1651
395
1613
1657
3034
744
2363
1261
392
2516
1838
1830
343
2286
790
799
2136
963
1816
2800
3163
3164
2083
3329
1973
2483
2118
3198
3034
2256
3043
2609
414
3065
685
3192
2940
2664
2646
1743
2921
734
817
3997
1648
3240
2774
1416
3893
277
3734
1525
2056
3051
1693
3336
2049
2299
2676
315
763
46
2458
993
2454
2984
19
2459
3100
2269
1506
3794
821
2572
2297
2297
3412
453
531
1329
3668
3858
3826
2685
823
1210
2558
1280
1939
1070
1215
1288
168
3504
3104
2269
3805
1179
845
621
2756
735
2539
453
3724
3947
402
2307
2064
311
652
924
584
1426
1374
761
1382
1600
3605
2074
3049
3817
2728
3330
3660
180
3403
3168
882
2360
2247
1011
605
503
285
1450
2024
1656
3780
2825
354
3531
1481
1375
304
2741
2673
3696
1715
3227
1238
2335
715
3736
2192
531
273
3952
194
3601
3425
3239
1761
3012
2525
2914
1435
2340
563
1127
1556
3804
892
644
1702
1036
651
825
3111
1102
2396
3064
3945
3786
3733
2810
2482
668
3051
3227
2354
816
1781
3737
1915
16
384
1837
560
2593
854
3994
1702
440
2299
3995
298
3081
3000
1187
1157
3482
3348
732
3449
3046
2944
1141
1617
1063
111
1017
226
3494
3473
3814
831
1983
1467
3442
882
2750
3258
2160
2139
2252
3724
246
589
3237
1447
3595
1983
1888
1988
3139
3799
1478
1936
1485
1968
3071
2763
1750
2656
2248
2792
2863
3998
856
1456
871
1197
3194
3788
1770
3288
1428
888
3534
608
4
413
495
789
868
132
2487
3867
3577
3946
3068
1604
1151
3684
1796
2885
3692
516
2194
205
1723
3203
3996
2849
2159
3608
1520
3320
1409
2425
2451
1744
3018
1703
485
3697
3592
3632
6
3681
3010
1544
2293
3291
3445
345
2375
3504
2824
915
2993
210
3131
2586
1982
633
3353
1554
2364
2113
3087
2539
3524
3619
3244
649
3066
3745
3172
3849
3312
2245
58
3692
3892
3801
1699
3357
10
268
3706
385
2349
2584
2229
373
319
3846
1953
3565
1180
1879
647
2022
1134
