600
60
100
96
95
95
95
97
105
95
95
105
96
102
96
103
96
105
96
95
102
98
105
97
96
95
96
104
104
103
100
96
103
101
98
104
104
99
101
105
97
101
97
103
103
98
97
97
103
97
99
97
101
100
97
95
100
97
96
95
96
104
100
102
103
102
102
95
103
97
100
96
96
105
105
103
102
104
103
96
100
95
99
102
105
98
99
105
98
105
99
96
99
105
96
98
98
99
102
99
104
99
101
104
104
105
105
98
100
103
104
95
98
99
97
104
99
105
101
102
95
98
105
102
104
101
95
103
102
97
100
101
100
98
104
95
99
100
105
103
103
97
105
105
102
97
96
99
103
105
97
99
104
103
101
103
97
95
99
100
101
102
97
101
98
105
97
104
104
95
103
97
96
98
102
95
103
105
95
103
99
101
102
100
95
104
104
98
102
102
98
97
103
99
97
102
105
102
105
96
105
105
101
99
103
101
102
104
96
95
97
99
102
95
103
97
103
105
98
102
99
95
105
98
99
100
96
103
96
101
104
105
103
101
100
97
99
105
95
103
105
100
98
97
105
96
98
95
104
96
103
99
104
105
95
101
96
100
95
95
100
104
99
103
101
104
104
96
95
98
104
102
102
97
97
102
103
104
105
104
103
95
101
101
103
101
103
99
99
99
104
99
96
102
102
97
95
100
105
97
104
102
98
95
105
102
105
96
102
100
103
97
100
98
98
105
104
99
97
97
105
98
103
103
95
95
99
95
102
101
97
102
100
103
99
95
100
99
102
100
104
97
96
104
104
101
98
100
104
103
95
101
103
100
104
104
104
96
100
98
99
103
96
95
98
103
104
105
96
95
100
99
105
97
98
97
97
96
95
105
101
97
98
99
100
95
104
97
104
96
95
105
97
95
103
100
95
97
97
95
98
103
103
98
100
97
100
97
95
97
105
105
102
95
98
98
96
96
101
97
101
99
97
96
103
105
103
104
105
97
103
97
97
105
103
100
96
96
105
101
97
101
102
98
101
102
97
99
99
101
101
98
98
97
101
100
103
101
97
99
101
99
105
101
105
103
105
97
102
96
103
96
100
98
97
103
97
101
99
97
101
100
104
102
96
104
103
96
98
103
96
102
99
98
99
101
100
103
103
105
102
103
103
105
101
103
104
101
101
103
104
105
97
101
103
95
95
96
100
102
105
103
104
104
96
102
101
105
97
98
99
98
102
105
105
95
95
104
100
100
105
99
102
105
100
102
105
100
105
105
105
95
96
105
102
98
100
98
95
101
98
105
98
101
104
104
96
97
105
98
102
97
95
100
104
102
95
97
98
103
104
97
100
95
101
95
98
103
104
96
97
100
97
101
98
96
100
103
95
101
105
100
