350
70
86
82
72
135
94
92
102
127
130
129
110
123
108
113
100
110
133
76
130
108
83
103
110
138
71
114
89
108
103
76
119
107
131
110
117
93
88
119
96
107
125
84
70
119
117
72
137
72
98
136
128
119
95
130
97
73
109
107
118
114
137
135
86
134
134
85
81
126
71
92
113
70
100
91
84
122
113
104
108
129
74
96
135
118
75
108
113
85
135
91
118
87
73
127
75
122
101
84
103
105
127
82
74
113
90
111
104
121
77
133
84
79
106
71
87
102
111
120
70
100
76
73
138
125
87
119
103
75
78
130
117
133
126
116
114
96
106
116
110
105
70
75
82
90
99
120
112
110
74
84
132
132
134
99
125
104
100
99
97
133
117
114
74
125
71
83
134
101
73
131
92
94
104
133
117
84
75
83
78
70
74
100
114
139
76
139
107
86
110
90
116
82
114
102
72
107
104
93
120
132
102
117
72
90
130
122
88
94
90
79
113
85
104
134
85
129
71
107
84
134
130
112
132
74
135
93
93
82
92
84
127
71
109
134
83
77
106
71
125
102
123
78
120
134
74
112
85
99
124
116
132
79
135
89
130
129
130
83
136
99
72
98
103
127
74
119
105
82
139
75
88
94
94
127
123
113
123
117
137
90
83
122
101
99
126
112
128
87
96
82
123
139
70
97
134
136
107
89
115
77
103
133
112
123
70
111
115
110
101
139
87
130
127
138
127
75
81
73
93
123
107
133
105
121
109
70
93
135
131
99
93
106
95
88
89
119
80
139
99
133
126
72
134
131
119
85
121
122
133
128
