1500
100
84
24
19
61
82
94
24
57
20
81
42
96
89
73
65
67
4
36
82
4
35
63
96
97
47
67
71
72
85
70
91
58
79
11
17
35
69
75
91
74
67
42
77
71
57
16
59
43
1
33
37
17
4
20
8
4
86
30
7
12
3
18
99
85
71
81
48
53
94
33
59
69
65
56
81
67
86
2
58
80
4
69
33
48
73
34
92
96
34
72
83
53
10
14
46
79
46
28
27
81
86
53
47
2
34
95
97
46
83
27
38
62
55
34
73
42
34
38
40
34
16
14
81
71
82
96
2
92
75
57
60
22
97
19
97
39
6
91
82
28
13
71
27
21
60
30
38
74
86
64
45
86
57
46
67
54
98
61
55
19
72
98
19
20
70
94
16
12
39
58
73
58
46
73
2
5
83
85
94
62
62
65
32
60
19
32
71
58
23
99
93
28
7
70
54
35
51
11
10
1
79
97
19
82
89
11
98
26
37
73
21
9
68
72
68
23
72
85
41
60
81
23
58
84
63
41
79
98
45
35
1
21
64
48
63
89
42
54
56
15
62
66
21
35
53
39
97
83
97
43
12
78
46
32
3
3
3
46
85
9
97
25
91
83
91
2
38
3
4
9
24
31
43
96
13
89
63
45
39
87
51
25
33
72
4
23
16
59
15
55
4
73
1
42
11
98
71
49
89
46
11
48
54
38
85
26
13
92
46
95
4
93
33
26
7
53
92
75
44
29
98
76
59
96
54
71
60
51
38
44
74
37
71
36
28
57
84
2
50
21
76
7
28
74
15
30
13
56
9
63
56
3
77
31
35
31
57
12
63
38
66
32
70
72
81
47
96
62
9
6
11
68
23
53
76
97
19
22
89
42
61
96
21
81
52
23
53
57
66
17
76
41
89
21
94
15
25
68
70
59
41
68
65
20
19
31
7
16
95
99
64
68
33
88
11
23
64
80
44
67
78
73
5
29
46
68
16
43
39
1
51
88
21
47
17
44
41
66
84
75
96
15
61
35
33
44
65
94
82
7
60
70
44
86
66
64
49
62
72
18
3
43
93
21
71
74
10
15
100
36
96
19
45
41
88
96
80
10
89
21
96
51
16
47
77
34
32
59
54
83
5
20
70
54
44
17
6
60
97
30
37
21
67
19
1
77
93
8
22
37
63
62
67
77
73
84
35
9
66
31
60
53
91
18
91
69
81
88
93
35
92
68
32
14
21
8
34
76
72
18
76
86
17
41
38
67
50
2
63
96
6
38
84
91
16
42
32
87
5
63
80
43
64
92
83
23
24
41
68
88
59
10
92
12
36
17
21
73
80
87
65
60
29
88
38
18
100
20
92
49
8
33
12
91
93
60
30
66
39
57
94
44
17
22
38
12
87
65
74
80
7
18
95
5
11
34
50
38
61
3
7
73
81
27
13
25
3
75
56
99
17
84
93
46
42
46
92
89
21
8
75
83
75
25
45
65
44
76
5
59
10
50
48
10
29
11
86
52
34
83
8
35
78
89
55
82
78
16
72
1
1
48
89
63
73
16
8
91
90
96
2
48
76
89
56
2
59
21
67
4
97
16
24
46
17
14
94
13
9
88
86
15
70
32
94
75
42
24
14
65
54
95
45
68
71
20
10
55
83
92
34
12
66
42
4
31
19
82
43
74
51
7
31
55
37
36
29
20
78
21
17
31
99
46
25
77
75
39
65
73
8
56
95
72
21
66
1
56
4
80
32
55
63
24
79
22
42
21
92
16
1
92
89
57
35
24
79
38
82
85
2
83
29
63
95
55
57
63
45
99
14
12
64
50
22
16
41
24
36
40
5
64
44
4
10
45
7
9
13
42
79
36
93
5
42
54
59
30
69
58
1
76
95
53
84
67
55
61
79
92
2
32
28
36
70
39
2
10
56
59
5
1
14
23
20
3
90
13
57
72
28
74
97
39
30
51
64
10
34
94
81
57
93
31
36
12
47
57
10
28
88
81
7
40
62
43
20
7
22
74
35
12
72
89
22
8
45
25
87
46
80
53
43
57
43
10
99
32
1
3
38
33
3
27
84
17
61
98
63
39
70
50
7
27
61
79
9
90
37
82
22
91
56
83
55
35
90
67
56
78
12
47
99
26
37
27
71
60
5
11
52
18
25
39
3
81
34
39
77
42
78
20
37
37
16
89
74
27
32
20
99
17
72
47
55
31
38
12
95
71
42
79
3
5
1
17
71
28
92
39
4
33
34
50
12
73
51
75
67
71
12
40
77
51
29
15
2
67
35
92
59
23
67
46
55
25
22
10
91
45
43
48
47
82
87
64
4
83
13
13
78
96
12
23
39
98
53
34
42
22
56
90
2
42
89
44
96
20
43
42
30
70
90
2
69
68
87
6
26
32
46
4
71
72
96
20
89
39
47
2
32
80
15
23
58
76
36
80
64
36
51
62
38
100
64
4
97
89
38
4
53
83
27
53
51
54
32
92
10
30
40
33
16
80
48
69
61
57
44
25
53
29
86
61
65
19
68
59
20
16
51
70
39
46
100
36
98
77
33
87
90
76
52
30
62
87
72
47
35
42
96
31
39
21
8
70
76
36
54
65
99
79
12
99
5
63
61
34
64
88
17
73
47
18
26
31
72
93
29
18
12
62
19
7
60
48
47
64
84
67
83
37
32
33
58
75
33
14
90
42
55
30
36
15
34
55
72
12
27
34
65
10
23
69
29
48
32
26
47
65
78
77
33
33
21
5
79
72
85
35
78
19
87
6
45
98
89
95
21
67
24
29
2
98
57
65
20
26
79
7
82
95
30
96
67
70
68
60
41
85
68
84
21
8
76
67
34
70
29
43
35
55
37
39
32
41
73
89
41
19
59
98
59
92
53
13
8
100
69
3
2
8
28
24
93
66
83
17
28
3
98
50
17
88
58
95
45
47
67
6
33
59
30
96
87
57
29
98
57
90
23
40
94
43
81
47
93
22
54
41
9
64
87
74
18
97
21
3
1
48
71
49
54
21
13
17
38
9
66
50
4
13
74
23
33
12
24
38
19
65
86
47
73
75
49
63
32
49
58
47
23
36
2
49
36
73
72
3
54
67
78
28
35
9
90
17
37
42
18
85
99
14
85
9
78
73
37
32
13
4
76
63
14
40
67
70
10
39
71
39
99
88
67
13
71
26
97
20
81
63
24
76
3
91
28
60
91
89
73
88
15
80
28
81
29
10
94
48
70
39
50
50
3
22
37
67
48
36
93
6
51
71
79
54
68
60
56
97
59
63
94
53
96
51
5
77
44
31
68
95
24
32
84
97
34
72
21
42
69
58
96
90
21
79
17
53
8
51
88
41
65
49
84
12
89
19
91
2
2
23
48
23
94
43
98
56
20
36
18
73
92
77
71
39
22
67
53
57
36
63
