450
30
59
44
54
54
47
30
57
50
49
30
55
44
31
47
33
47
30
36
37
38
32
49
55
52
54
58
55
38
48
55
36
54
38
39
53
41
44
45
36
55
58
39
50
50
41
50
46
43
36
30
36
31
45
37
44
37
33
57
57
49
43
46
39
48
54
32
30
38
41
53
37
58
48
36
31
56
49
45
35
52
54
30
30
43
36
52
54
44
31
33
33
36
36
53
36
47
31
59
37
30
39
55
44
56
57
49
42
57
48
39
35
56
59
47
35
34
31
41
40
30
40
35
59
59
47
44
45
36
49
32
44
30
32
30
59
54
40
56
41
36
53
45
40
39
44
42
59
49
48
42
31
55
35
39
41
30
39
54
54
45
31
40
38
51
55
40
36
57
39
45
58
39
33
52
54
53
34
42
40
31
47
55
56
42
32
36
52
47
42
58
50
44
49
54
36
41
48
38
55
35
39
50
35
46
45
52
36
44
33
39
33
48
47
58
57
36
54
50
51
32
49
42
54
59
42
47
54
49
34
40
58
52
37
53
43
33
39
45
43
59
30
53
47
31
33
39
35
39
51
44
37
39
49
50
46
50
47
31
31
33
50
50
37
32
38
37
34
52
58
37
43
51
37
47
41
40
55
35
36
35
49
42
36
37
54
55
49
40
50
47
49
59
38
54
53
48
39
30
54
54
37
44
46
46
45
48
46
52
54
39
48
51
39
51
40
45
45
32
52
58
30
41
51
35
52
36
57
34
54
54
59
44
35
58
45
52
32
31
52
38
37
48
58
52
36
32
35
50
36
38
48
51
32
36
45
48
39
46
43
37
40
48
34
41
59
40
39
43
35
48
57
54
53
58
52
36
55
45
39
32
51
56
34
59
36
47
44
40
51
55
40
31
58
52
37
31
58
42
41
40
44
46
55
31
35
53
59
44
32
46
41
34
47
32
33
56
48
58
55
46
42
53
39
45
35
43
36
39
42
37
56
50
31
54
40
59
39
42
33
32
32
55
58
30
43
55
51
35
40
43
