750
50
5457
1918
4019
2912
1546
2569
2982
1688
7208
2493
2879
1332
3297
6244
2447
371
2629
986
5644
3845
5354
2427
5975
5768
1503
6085
5611
7173
7390
7467
1303
5038
1717
4206
6745
4960
7414
3292
6898
6507
1605
2182
4704
1069
4167
5199
3987
4958
236
7147
6227
7382
5392
7254
1222
590
4999
1372
812
3680
5149
4964
581
1965
7175
4995
2556
1156
1507
2588
2073
2360
4936
1029
4200
6847
6350
3287
99
314
7222
4914
3222
3728
611
3367
4807
1409
1691
6525
435
957
6814
4168
2414
6335
5543
150
33
6124
2341
2887
1767
7143
5931
6345
5098
3218
4799
1207
4350
4847
5232
1433
4206
3534
2836
7121
2528
2069
4410
6034
3107
3032
7302
5480
289
5721
4050
5296
6863
2871
7158
5611
5506
5871
3786
5748
4687
716
4071
1440
3302
6081
1843
4523
174
598
4652
7389
159
1705
6270
1854
2012
3320
2840
673
3639
4967
3841
5993
7345
3385
5681
1774
240
2432
3901
1102
2259
4898
7393
5255
1806
6116
2719
7087
7027
1388
4452
6774
6744
3252
6286
3017
2422
4614
3172
2167
6874
1985
6974
469
4580
7013
516
5271
5645
6971
3493
2905
113
5965
6585
2463
5051
5426
5349
6367
6817
5735
4098
217
1736
5348
1057
5319
905
5145
2355
3161
1998
2410
5877
1073
7185
2863
3401
2954
1219
5294
2836
1499
4301
6976
1127
5192
2065
2989
7261
4916
3023
4890
3015
3518
6217
4714
683
6212
406
2061
106
6364
5840
3520
2819
1155
2048
4789
1808
2614
6763
2113
5119
4937
5339
7420
6874
4596
3587
3650
4164
7191
2128
1054
585
5952
5490
4870
1423
3142
3990
3319
4788
874
2169
6109
6314
6681
3584
2936
6170
5054
2405
5050
256
1805
5997
2736
2410
3233
2339
6007
344
4665
2218
3557
222
4984
5386
2405
6179
4152
495
2111
5746
1544
3360
1042
2888
3046
1075
6696
924
2891
7307
6918
4696
6394
7394
5519
1106
133
1625
4621
3194
5579
4912
886
3847
1121
5620
3909
1180
3884
6382
3193
7097
6214
2107
3030
5346
2812
2065
2939
4866
2693
1759
3614
6068
264
6319
410
563
1005
5582
3454
281
4184
5447
1835
3153
6167
1868
2348
3977
2631
1945
1258
6105
3579
1836
411
2798
7232
4493
444
7373
3575
115
1332
4019
50
4463
5460
3048
1432
2824
1369
2402
1990
1145
1373
4485
355
7095
956
5564
2688
4874
4955
5563
6036
3344
108
3218
4326
7087
474
4772
6690
4692
4740
545
2036
6947
4126
6018
4543
1630
4747
3462
5480
2018
6954
1389
5608
1529
2558
5863
2323
5983
5895
4285
6419
4772
1385
3728
423
3071
5983
100
1424
753
2553
2484
2623
2025
7158
5993
6971
1920
66
5421
3840
3359
6955
3573
3661
1596
3620
3716
2762
2015
425
2510
254
5485
2150
4654
4606
2196
5894
3795
4398
7287
7497
101
6922
292
1525
5870
6748
4950
2363
4246
3031
6242
1023
3279
5710
2083
1790
3289
4720
4037
2580
4701
4033
3028
4719
904
6347
1201
6472
2297
3278
3478
6124
5772
3307
5584
6509
6667
2335
204
378
3082
2419
3412
1657
1604
1865
3255
3194
5038
1967
6541
1197
5197
6758
990
3163
4954
1158
4533
3735
1894
7203
5927
570
6779
5689
1785
5506
1049
3033
3496
6770
6886
4353
1459
2746
1242
2264
6970
1225
4569
5535
542
631
7035
617
7209
1513
1172
924
1893
5718
7482
213
7445
170
1641
4329
815
294
3711
4060
6626
2216
5921
42
5492
6260
5106
624
6360
5165
3768
1672
6954
6709
3675
1878
7225
785
4655
3318
3262
1900
903
1249
1537
4162
3727
4138
3971
6703
7190
5181
3392
54
7187
3763
171
830
6508
6061
5984
69
230
3898
5025
3372
52
2720
3646
5051
1618
3868
81
4395
4265
5573
5317
5222
1395
6496
3363
7273
1856
1028
513
5907
530
4664
6822
7028
5268
1563
2472
4670
2711
3497
1479
4501
1271
3055
865
677
1313
4289
1961
4201
6527
4289
2001
547
6556
1496
3471
984
1565
717
6091
2201
2810
2772
324
7020
4131
4269
4564
5741
4236
1863
3078
6414
6863
1242
3427
2311
5560
1365
5321
585
6013
1890
2637
301
1042
7083
151
5934
459
3309
3186
3585
1574
3186
487
3387
5841
7323
3229
500
4324
4471
2495
1355
5038
5764
4454
6843
2731
3253
3911
7082
4688
56
4854
6203
3773
4506
4135
980
1002
3027
