700
70
1807
5892
6549
649
933
3562
1911
1727
5193
6535
6285
4928
1283
1571
2037
1553
4954
5966
1107
4398
6952
4616
2251
4542
2026
3901
4060
3661
421
3
6235
1629
1390
583
3290
1089
2951
6815
1588
6350
3951
4823
749
920
2970
4991
5241
6642
6839
6031
348
6182
3200
3473
4352
6031
1575
4045
2472
4382
3156
1900
598
704
1058
730
1032
2688
4826
6661
1286
4581
2935
6073
3935
3283
6243
2697
6530
819
3496
6943
1244
5942
6507
1566
5519
2237
3338
4415
1618
2554
158
4906
5379
5466
4738
5757
1878
710
5847
5653
2686
4190
2382
5174
2127
1710
4896
103
3705
186
1139
1568
3122
3729
4681
490
5911
5233
1941
6415
6015
3797
120
3490
3419
6591
4876
1913
5608
5196
194
4447
6950
5265
5828
635
326
1939
737
3076
1480
4174
6160
6838
817
6215
2753
2865
2306
3155
1358
3200
212
6392
6657
271
4683
2215
757
1773
4200
3005
6001
3932
2238
3531
5032
887
4823
6130
6044
588
283
975
1192
2093
778
2404
2676
3640
1631
1285
1476
2453
1782
5070
4786
2509
1847
2261
5940
3872
4306
2808
1068
4390
3426
5123
3566
1276
5862
2388
1540
1065
3690
4075
5090
5105
5991
6924
1045
772
4669
430
786
4325
6015
2168
4873
1071
3082
794
2863
1263
4749
1287
3106
1703
2666
2283
6490
5442
6688
5516
2363
779
1533
4605
3016
2292
2623
5580
6777
2366
1151
1919
3323
179
6724
5547
6385
3325
1098
6221
3258
1309
1875
3934
3567
1057
1835
6370
1619
4941
3753
4603
2686
6930
1840
1364
5046
6345
4457
637
1480
308
539
4463
5218
5005
2038
3061
2763
1797
5938
6482
530
3663
2308
6120
2763
5569
2756
3221
4273
3035
5999
4459
5392
5248
4154
6888
5244
3945
5870
1780
2928
6377
3463
158
6713
1394
6101
6674
3814
3854
3986
6131
3171
4386
5586
3654
2154
1102
6283
3295
2037
3060
4702
2034
1960
3147
4854
5501
6916
537
3946
6606
307
1162
3324
3003
3441
300
6605
3172
3639
5186
3255
2392
6861
4051
189
4730
5791
3240
845
94
4553
3475
485
6700
3986
6640
2168
4768
4667
5544
6624
6062
5758
5161
256
713
6314
5630
3890
1291
350
6248
1064
2536
4319
1306
4832
2694
988
6518
6166
2192
5276
4347
4972
3942
970
2730
3557
2593
5188
2324
1144
3992
5095
5441
5233
3850
4763
1558
595
6336
5023
600
5029
6280
3311
5229
5920
1174
2509
6152
1391
3044
6655
3798
2004
4819
5172
6333
6496
6121
5365
4766
2206
1048
3729
5623
3647
2508
2510
2095
2176
1784
2876
2344
3839
1331
4347
4745
6464
2838
3035
5102
6300
1348
2998
5702
2865
6226
5215
4158
2620
5881
573
1158
6902
5226
6047
41
6947
2624
4574
318
1467
3696
4778
4873
2310
1227
4673
4632
1571
3159
5276
5486
1380
166
1764
4003
4128
3023
2494
668
538
1987
3785
4690
380
17
2403
6296
4278
5712
5233
6743
1944
3
3869
6308
1544
5536
2365
3999
6509
352
6355
2588
6231
6803
6027
495
4273
945
3561
6025
5177
182
336
4064
4059
4248
2695
6363
1630
3661
3650
6064
6429
4835
2066
4877
3451
3680
4869
3217
6818
5504
3136
6825
4970
1921
2507
3340
4688
5538
1145
3837
477
6392
6242
1639
1160
1797
4796
2458
4234
6041
4220
6376
3269
3990
6000
3484
1130
1388
358
6001
1876
714
32
6802
5008
4802
3707
6936
3171
5536
4578
3209
5707
564
2523
3366
175
393
6818
4753
6653
943
4592
2476
6667
4255
5834
6645
131
5635
6266
5591
2612
5622
1791
1188
958
4074
3131
6561
5941
1758
1134
2678
922
1881
2404
6972
6890
5223
2793
3243
2331
3679
4575
4724
254
2080
842
5347
4771
6330
3981
520
467
614
5117
2605
6050
6619
1301
2893
4397
5849
442
803
444
6793
2871
6042
3631
4467
1726
2670
1651
6803
859
6682
5719
6430
4346
3432
1746
4405
2274
2736
1728
5860
569
4990
6981
5292
566
2633
6683
1879
1553
2963
2304
1599
1470
4172
3691
3967
3171
6341
264
501
2743
6858
4410
4016
