270
90
97
12
19
23
75
89
15
15
44
100
35
19
19
42
99
12
4
60
100
90
86
26
52
27
48
62
79
42
25
19
49
84
61
3
50
86
21
86
7
84
64
6
63
29
89
32
45
41
21
90
72
44
70
35
4
22
71
95
72
46
5
14
64
78
48
46
17
9
63
87
90
41
8
32
72
99
31
75
64
71
76
24
87
7
92
62
28
29
54
57
2
88
57
30
7
39
58
96
67
13
88
60
76
40
95
44
59
10
54
83
1
70
1
27
54
1
55
12
34
72
22
6
22
21
64
64
74
24
94
84
50
76
46
15
58
14
93
29
3
9
78
82
92
1
87
99
91
29
42
60
50
96
80
30
24
5
61
15
8
35
67
49
41
54
42
94
87
28
96
67
72
35
98
68
36
76
69
41
43
10
14
18
61
19
30
13
17
18
21
78
85
40
77
89
66
92
35
58
52
67
6
89
99
71
15
88
65
86
75
37
81
100
36
18
25
63
61
60
68
6
70
68
59
98
79
67
90
92
92
90
20
67
76
71
49
47
12
81
29
90
64
56
97
53
55
45
93
15
12
58
98
75
47
49
48
83
35
24
6
85
49
85
42
12
81
72
100
51
97
37
