800
80
131
144
92
144
120
123
142
120
88
118
153
115
90
151
104
130
158
128
131
99
138
106
103
135
82
127
96
105
151
110
96
100
107
135
135
130
97
108
133
95
102
84
95
109
94
95
86
123
120
153
128
123
146
80
139
157
144
98
120
114
131
94
117
102
109
139
129
137
151
142
95
130
109
142
148
129
146
128
128
120
150
155
98
123
154
89
110
138
158
141
80
141
87
149
94
84
98
83
119
91
104
146
156
151
124
114
151
125
107
137
124
154
101
154
158
110
99
93
90
107
102
148
134
128
132
148
120
117
149
122
143
141
133
117
157
136
84
123
127
135
90
119
139
143
140
116
155
87
147
119
101
107
81
156
142
101
88
113
155
116
136
98
143
131
118
130
82
156
156
154
138
125
134
146
86
114
136
142
103
113
123
108
101
91
96
83
154
123
86
81
131
141
117
159
149
139
109
141
120
121
117
141
96
127
105
116
94
158
107
84
126
158
122
90
114
114
83
154
146
132
97
84
153
104
150
96
94
93
108
86
83
142
107
140
96
99
103
137
82
89
85
110
120
92
107
105
100
152
93
146
102
139
153
127
142
158
121
89
120
123
80
137
104
130
87
121
88
105
127
138
107
122
156
148
130
127
121
86
151
155
148
85
144
131
124
129
129
87
99
117
84
106
128
118
158
119
85
82
122
103
137
145
111
126
101
151
151
147
156
158
96
129
97
105
83
131
145
82
103
94
99
141
111
112
95
82
88
140
127
102
142
92
96
126
137
95
82
142
154
137
152
149
109
83
87
142
110
106
140
125
122
131
85
106
126
135
126
132
108
141
133
114
154
158
157
146
117
100
91
159
147
84
98
111
101
121
159
158
94
127
157
143
151
147
110
81
108
93
102
96
150
137
137
131
151
140
88
80
93
141
117
143
92
80
103
123
152
155
145
110
140
152
109
102
86
140
151
125
80
152
80
136
117
122
84
143
144
90
139
133
81
157
116
152
136
133
110
157
82
115
120
108
108
92
93
83
80
140
80
97
100
97
89
113
155
88
100
153
155
143
86
137
85
135
155
113
97
108
111
142
127
128
158
85
89
149
140
98
95
96
106
91
135
107
118
118
91
125
133
92
147
86
115
140
89
80
132
99
114
142
111
96
93
157
115
108
154
99
107
112
114
108
121
117
85
139
117
147
127
147
80
139
88
100
101
98
127
149
146
145
138
145
105
84
112
135
122
90
83
149
97
115
135
154
118
151
158
88
131
153
142
137
154
159
89
96
112
128
93
121
136
124
131
81
149
150
156
87
80
98
112
99
88
131
149
103
86
159
112
86
126
134
113
99
94
108
127
112
85
117
100
137
102
110
96
83
81
159
96
137
99
93
131
84
142
146
130
82
104
89
128
133
106
81
154
154
149
82
141
121
81
134
95
94
155
81
144
117
98
149
136
88
141
127
150
136
94
123
121
126
131
116
110
118
101
110
110
83
138
114
107
143
88
139
134
85
110
129
147
131
137
137
101
83
129
88
158
112
113
140
103
131
100
80
135
90
146
124
131
139
83
112
156
82
100
153
92
111
109
129
93
119
151
94
121
85
80
84
103
108
95
125
154
108
88
93
132
85
146
133
156
96
152
84
152
151
147
89
101
121
91
96
157
81
97
124
126
140
117
158
128
95
115
109
131
102
93
80
146
156
159
110
100
100
145
158
105
144
148
88
106
153
140
109
103
88
131
95
140
84
108
154
131
158
132
140
86
121
148
104
112
127
124
96
143
145
111
127
81
153
109
158
145
120
121
124
117
124
127
94
130
131
88
85
103
86
98
123
142
156
