150
30
1327
699
73
2
367
746
758
511
1117
1350
114
73
163
766
876
435
1224
57
435
266
741
1267
104
1009
1418
373
763
892
248
603
894
215
114
250
425
885
1270
1491
1297
656
1332
668
1108
1385
38
92
918
1343
60
396
740
203
1457
1493
1246
450
1044
1252
1465
143
1179
1453
1172
1423
1108
292
108
66
998
807
1035
448
630
911
577
528
75
587
375
64
361
753
1294
1064
1123
121
867
1280
1441
1340
528
949
793
1447
640
554
1432
126
1079
41
283
1375
546
945
652
1368
1295
463
1461
657
12
949
1328
204
374
360
831
1066
632
1227
586
749
919
1053
1394
624
98
94
960
685
1193
961
1148
917
250
968
980
322
625
1246
1450
294
1122
866
300
1404
782
1100
1290
144
