300
60
98
101
104
95
100
99
102
96
96
103
97
97
98
95
99
96
105
103
101
104
100
99
101
101
101
104
101
98
101
101
98
103
103
98
101
98
103
95
102
98
102
104
104
101
100
99
98
95
96
95
98
95
105
103
98
102
96
102
96
103
103
97
96
95
98
105
102
105
100
99
101
101
103
100
96
100
99
102
100
102
104
104
97
102
100
98
105
99
96
97
105
101
102
100
95
100
99
98
95
95
103
95
104
100
97
97
105
99
95
102
98
100
95
103
97
95
95
96
101
96
96
95
105
95
103
101
97
99
97
104
95
99
99
101
105
100
98
95
101
102
100
102
104
101
97
98
105
97
102
96
104
105
99
101
96
105
95
102
101
104
95
95
96
99
98
105
99
105
105
103
95
95
98
99
102
103
101
98
99
97
103
98
100
98
105
100
101
97
97
97
103
100
98
95
103
95
95
102
104
101
103
104
101
103
99
98
95
101
96
103
104
105
99
103
103
98
102
105
99
104
97
97
100
101
96
102
100
105
103
96
95
101
99
100
103
102
98
104
105
99
96
99
99
98
104
97
97
102
105
103
101
104
97
102
95
96
104
102
105
95
95
100
100
97
99
102
99
97
97
102
103
100
100
101
104
98
102
102
99
102
101
103
102
100
104
104
100
100
98
98
102
101
97
104
100
103
103
105
97
98
