350
70
59
35
43
92
97
42
18
13
69
63
3
86
75
97
94
86
68
47
88
92
95
12
53
11
1
60
100
13
30
54
67
22
54
79
82
98
45
82
61
18
10
7
58
10
9
81
54
37
15
73
8
85
67
85
97
27
6
79
9
70
70
49
60
53
70
17
29
76
70
17
91
62
87
91
98
45
43
8
97
29
10
99
58
51
86
81
45
84
97
53
22
61
75
38
42
68
41
82
15
81
33
54
50
52
54
73
35
38
5
68
5
90
22
15
38
15
85
72
84
92
21
66
36
73
19
21
12
11
8
99
95
7
46
15
7
44
12
17
3
38
83
31
96
92
50
80
50
45
35
49
33
81
23
83
65
53
46
1
67
6
32
40
14
48
74
36
53
18
16
55
18
82
7
98
100
62
80
71
79
66
99
26
64
2
56
29
9
29
51
21
48
17
48
45
71
37
23
37
66
42
69
67
61
44
80
42
2
39
29
63
43
98
33
19
76
14
9
49
5
37
75
44
17
52
40
47
67
38
66
49
78
48
15
96
34
97
38
61
20
70
82
90
77
23
72
63
23
25
10
78
88
32
10
10
93
91
8
51
11
79
57
24
32
5
44
21
56
20
56
50
71
29
39
77
76
87
64
15
56
93
51
8
71
29
26
6
48
93
34
99
84
80
63
45
39
85
41
77
38
34
63
99
5
48
42
87
40
81
46
47
69
29
4
61
93
83
42
50
28
99
66
86
99
45
83
34
7
30
45
38
81
1
42
45
55
39
34
64
42
49
76
41
79
78
58
49
84
58
17
60
