400
40
50
71
76
54
46
60
62
56
48
51
73
79
78
46
55
65
65
49
73
61
52
59
79
53
73
57
69
75
47
73
43
79
51
76
44
68
46
75
61
46
50
66
41
57
47
76
44
42
43
45
75
42
45
69
58
64
42
68
53
68
45
52
57
59
64
57
79
63
59
61
50
46
76
58
45
59
44
75
74
59
41
66
56
52
43
63
75
54
54
59
69
78
56
41
41
77
56
77
55
43
54
53
47
71
71
51
64
59
65
40
69
66
60
68
75
62
48
65
48
61
67
57
43
76
66
47
46
51
58
70
64
46
58
47
75
53
79
41
57
51
76
58
78
46
74
72
70
45
71
62
45
51
61
77
71
63
53
54
60
63
52
74
64
40
61
75
61
53
70
50
64
42
54
58
65
43
55
53
77
42
48
51
74
45
57
68
40
55
57
48
47
61
69
65
73
76
47
75
57
63
48
55
53
72
63
42
75
54
43
49
55
54
52
56
71
69
49
51
52
69
65
49
44
62
65
78
79
75
75
51
46
57
43
74
47
55
59
78
62
55
47
70
41
79
41
69
77
60
48
59
64
51
40
51
41
57
66
60
79
67
59
72
78
59
53
66
79
47
46
79
40
48
59
73
61
76
52
70
57
61
75
50
43
42
70
44
41
68
59
65
60
72
58
72
62
70
58
41
43
71
58
66
53
47
56
42
70
58
57
40
79
72
52
51
53
76
48
66
44
49
78
61
55
70
42
42
66
49
42
76
65
69
55
62
55
70
78
78
48
61
55
74
64
53
44
47
62
60
74
75
60
42
58
55
40
50
75
42
69
47
51
54
78
54
48
77
76
65
50
61
76
42
65
60
73
48
48
64
55
49
73
71
63
61
54
44
42
67
48
75
68
69
50
47
44
45
42
71
48
78
