750
50
3460
2090
1485
6311
4646
7034
1913
4371
6454
4494
3948
2478
7178
2920
75
6523
5853
4305
6092
1825
7197
2482
4115
1933
6306
2993
2112
1384
44
7495
1701
7064
6091
6757
5885
4603
1478
1137
4704
1336
1074
5893
5952
2595
1825
7480
5198
5503
4161
3961
6393
4196
5694
1597
1189
2340
2382
1839
1053
6365
6081
5426
5602
5260
7437
368
4979
5709
3020
6773
5661
2150
1443
4219
3635
708
4573
7450
1620
2857
6984
6760
4267
1246
6863
5416
1767
2748
2429
3578
3764
6835
634
5780
5770
6799
3832
1405
753
4181
2958
5854
1396
4881
1774
2038
4559
5624
2434
5410
6250
1572
149
348
658
6892
5306
2586
5177
4146
3030
3732
6484
4569
5584
2121
3517
6578
1629
2148
3160
2381
6523
5215
6003
5697
5139
6333
3829
7302
6303
6142
3193
5222
6059
402
124
2991
1839
6041
2491
998
4344
2200
4655
2660
6247
5479
6403
1376
3602
663
3070
282
6017
3905
217
2107
3829
6494
7392
7014
5863
4644
244
1018
2663
1953
703
118
3023
5628
4495
846
1032
4757
6745
3918
5520
6853
4942
1534
5812
776
4967
4941
2687
758
575
7123
3554
6278
6426
5352
6185
446
3565
7164
4115
4780
1350
5307
3856
3504
2703
3810
3016
5596
4335
4752
4751
3887
7154
560
3144
4764
7072
2607
7145
5246
5366
586
1950
7455
5758
2557
6945
1263
505
3599
2427
496
2108
5914
1222
874
6550
3793
4295
756
5717
3215
3321
2528
4102
6210
2113
7107
829
3744
5147
5984
4234
6028
6772
7142
458
3856
5345
5867
6443
5725
5333
1693
4778
1192
3215
1071
6549
7483
2131
6049
1072
322
456
2314
4766
5795
320
1856
1734
778
5006
3712
962
6754
7204
4862
4036
4254
6266
6530
6470
4646
3116
6239
5791
5480
5727
5581
2335
845
2482
2005
2026
1998
4102
7432
3358
5128
2327
6541
5941
668
1076
3884
6001
5529
2032
4483
1217
2799
1430
3798
3641
630
1512
5164
3734
2390
2071
6199
6241
2711
3091
1506
5375
5653
6960
4990
2262
1427
4142
6681
7061
7316
2060
5091
3530
3513
1820
533
6558
929
2987
5684
1460
515
4750
4259
4520
3964
3248
3999
1876
813
5180
2646
5665
4174
864
6280
3547
3599
5712
1001
177
1850
6247
1217
6421
1556
4923
3986
5349
2509
4815
153
2371
4001
5828
1120
3088
753
5270
443
2583
2595
105
7297
1391
4265
6581
6608
2067
3701
125
7465
1875
2682
1568
2616
7122
3140
2060
5477
6441
2146
2108
4766
2368
5684
7413
5015
7458
384
5166
3756
3344
7152
3120
1854
4376
528
4418
5544
2545
2868
4980
1316
5809
4226
4080
6565
3041
2273
2824
5644
2434
6803
1851
4106
6834
6963
4278
6765
4903
2516
5947
1906
7302
2691
2937
3493
2677
5139
5635
3851
1380
6085
175
830
1438
3087
6776
5906
5944
6662
1478
107
2793
3786
319
4081
5022
5730
3923
6951
4441
3802
142
4998
7320
2848
1558
3083
5533
346
24
5350
5353
1791
6107
462
5306
7421
6798
4907
3197
5266
66
5202
997
5860
28
5237
6594
3983
6346
2738
6014
2957
404
1568
1094
35
5267
1655
659
3099
1764
6761
88
4579
3594
2024
6698
61
6483
4741
3580
3681
2146
1388
5723
2125
6884
7189
2397
923
1789
5455
4094
545
5558
1682
748
4353
5277
4462
1316
4881
5613
2344
545
5415
3780
2644
5423
1952
2588
6548
6847
7309
4284
4039
6237
2802
1304
1129
4519
4939
5260
2486
2261
2512
894
4400
3885
330
313
3395
6649
2957
6772
4462
5112
6223
6020
2116
3191
5639
3339
1942
2813
2942
1224
6220
5321
4358
3409
2384
3867
7106
4876
3345
5989
5947
6985
6435
5298
6828
2200
6718
4356
2114
1954
2131
4326
6590
1738
7239
2080
3590
1615
1440
819
2188
113
4934
2423
3796
6557
2794
4457
1165
5487
6775
1440
1407
3713
1698
5105
6664
1815
3154
1452
1574
7258
4907
5983
4914
6225
3600
5004
2993
6925
72
1771
4127
1073
4040
734
3704
2099
2266
5815
890
3524
1251
981
5083
6521
2926
6452
5139
4287
1706
1589
1432
2685
49
1805
5050
720
193
1168
5471
4236
4763
372
1026
3266
5875
5836
3888
7478
3696
3971
3218
4307
715
6660
611
2503
626
1990
3163
6789
6869
4307
5414
47
363
6081
2906
5370
2704
1120
6486
4984
3970
3165
4231
3253
7028
4510
1420
7397
6819
