750
50
6321
3030
1189
4619
4907
5595
4875
2464
6033
4739
5641
3102
3645
1065
2556
7452
5545
287
90
1970
5775
4120
6709
2760
4426
1301
7416
1654
7089
1434
1497
6181
116
345
3979
2439
866
3729
3880
1627
4119
2071
7172
3198
2657
6545
5518
2034
6697
2984
743
3171
5722
5818
6492
2323
2260
2907
5265
1548
4862
2899
6042
3032
5147
3598
4809
4251
5950
3567
7237
3097
1788
6996
3549
5791
3381
1501
2809
2309
125
4420
4358
706
6606
2585
5695
766
172
6484
4284
2993
4342
7354
5038
1030
7088
1159
3933
1600
4038
4788
4809
7187
693
1471
5679
5802
3398
1763
3646
3044
2471
3542
3817
5189
3544
5459
7427
6486
7167
5826
4423
6270
6253
7043
226
3111
6674
1822
682
3687
5631
4717
3520
4834
832
2773
4225
2658
4252
3629
1150
4143
5972
2232
4369
5859
7094
4595
3402
3197
1106
5764
5242
5114
1121
5575
6062
4711
2599
5752
1281
4938
1679
6423
376
905
5528
1520
2189
6332
2367
6174
1635
868
3903
2178
1382
6600
4741
4426
274
2278
4779
1754
2531
2914
5907
3902
1797
2130
558
4451
3575
967
2512
4384
1142
6167
4625
5062
3260
300
4791
3384
5391
5601
5250
1810
2882
5293
1638
6069
2445
7482
995
2611
3594
3555
1708
3734
7044
2547
4612
330
4068
4494
1890
5525
2361
3059
5171
6034
340
6568
3144
4564
1431
4300
4966
3189
5238
5240
2032
3150
2916
1882
1665
3781
5529
5824
4516
1497
1800
1275
5111
5246
6938
5191
5154
1902
3527
2595
3272
4688
4538
4538
2865
7078
7236
4924
7495
1911
4803
1143
5780
329
4226
1144
7263
6693
6387
4874
1376
2977
4592
520
1709
4735
7088
3329
6267
5492
1351
662
6210
1855
4519
5150
4023
5175
2122
7251
4158
6677
1147
5761
5233
3230
295
329
4520
6059
3504
3646
2636
3926
2877
2679
4667
6774
4866
3360
1869
2153
1048
2301
6822
2700
41
1905
2541
7121
1186
4840
2779
5762
4019
2858
2604
5944
1379
5430
6793
2193
1193
7113
5333
2575
4213
4516
4350
6859
5199
1921
6939
7272
5762
3988
5590
6350
3474
3864
4450
2057
5466
6351
6181
6481
3960
618
3610
4595
6490
856
551
338
1524
5114
6473
4251
2471
1243
5093
2385
1509
2153
4774
5345
6687
3992
5499
391
2464
3519
7213
4813
7496
6973
4087
4086
4758
3856
2369
4130
1126
4672
5860
4202
3588
5962
1515
2045
50
1895
7175
7076
5570
5659
4866
6312
6553
7417
6543
4578
7043
1918
6546
1344
5366
7049
4077
4234
5263
7203
7268
3299
3389
4291
4546
7311
202
1104
5096
6800
6638
2184
6069
528
1630
2293
2286
567
390
1436
668
3521
7126
1349
7173
1325
6893
2957
2929
1518
78
1797
604
5927
3320
1114
6680
5496
7333
793
2524
6900
5243
6273
6081
4843
2634
3390
6164
2885
2795
7153
3290
6761
1962
1346
6600
6448
1494
3405
7191
1404
5670
3885
4653
5529
4119
4103
1827
2315
2877
2081
7305
5888
2161
5185
6426
4452
1953
1340
185
3010
4027
7115
3131
5499
6464
4584
2541
5067
4849
6105
3627
1189
37
861
4302
4623
1301
6216
315
833
6436
2476
2142
5660
1502
5346
1881
5912
3627
4323
1608
6135
6194
1398
2782
1120
1909
2906
4671
2590
4067
5243
1758
3323
5136
1594
2789
1992
3133
1713
2263
4445
6762
7372
5961
5992
1968
6120
6816
2137
17
3956
5307
2557
6148
5122
242
3901
208
6555
556
887
5755
1616
4940
4625
2960
1287
3988
6324
5537
860
3725
2584
6453
6712
3694
5838
971
1676
1059
3934
795
2356
2962
7040
2486
3645
6013
3286
7288
5264
460
763
5591
4396
1733
1954
452
7434
5236
6822
5076
368
578
5478
4919
7218
2760
6849
2497
4427
5078
1519
5182
6253
1012
3688
7255
803
894
5585
4736
2808
1908
52
844
142
7222
4402
1713
2593
3246
3080
6872
2912
2309
7139
4997
7310
1479
5003
3759
5132
2477
4329
3152
5526
7205
835
3185
6516
5754
3964
558
6537
997
2945
5350
6319
3842
6901
52
1866
5824
2635
1500
2904
6832
2294
1230
5588
1894
802
1912
2464
2536
3032
753
4160
806
3369
6841
3046
645
6693
208
4770
697
4364
2425
626
3779
5778
2448
6229
4511
5077
2538
3662
2951
2119
6808
3903
5519
7381
2636
1509
3591
204
5782
6835
2422
6303
7465
1950
338
6652
5906
2743
453
6435
