800
80
129
59
129
84
118
76
91
38
146
140
33
88
80
105
69
7
135
90
150
115
78
84
93
47
36
9
43
30
26
110
80
153
28
100
29
153
24
66
98
147
109
95
140
87
124
130
3
151
157
28
100
129
94
51
17
97
52
133
32
151
6
64
157
9
134
109
71
137
136
153
6
98
18
114
85
152
99
8
57
24
114
145
119
133
2
133
58
39
69
73
4
25
23
10
147
108
76
55
114
122
7
17
6
33
56
100
51
15
71
115
94
6
26
86
57
122
82
156
34
7
123
125
139
70
104
150
59
129
69
56
138
143
95
60
55
153
85
46
113
158
113
134
14
125
71
110
141
153
120
130
76
26
1
108
45
74
84
117
136
146
32
76
113
102
46
23
63
65
55
143
133
1
4
54
42
132
26
121
74
79
8
121
151
50
59
110
96
27
133
83
152
133
124
44
98
51
127
116
35
159
6
86
158
95
89
58
91
129
124
1
88
69
60
122
141
124
74
33
21
45
19
9
137
71
103
79
3
62
79
48
102
96
21
46
138
60
110
86
144
96
50
114
56
108
48
96
148
135
107
120
135
128
105
80
12
6
153
9
103
15
150
137
106
49
157
138
107
93
107
48
98
105
125
94
66
5
116
89
102
41
66
111
137
9
41
54
74
124
56
133
109
28
143
127
144
72
67
100
57
98
96
144
103
3
101
51
116
92
77
31
88
64
124
62
44
137
146
127
51
95
98
117
109
34
129
69
37
154
98
148
42
92
47
133
127
64
129
100
142
32
20
16
50
3
137
21
135
34
149
15
9
108
148
91
126
88
135
142
90
9
139
130
75
159
133
91
27
9
137
134
118
80
48
126
31
29
68
32
46
150
114
98
78
146
33
32
53
47
96
103
33
146
87
30
152
157
153
53
22
34
147
130
29
153
90
137
148
132
128
37
88
23
50
3
90
50
126
64
25
37
66
84
26
76
153
98
71
3
104
53
63
8
115
48
116
1
16
28
159
8
112
124
50
139
16
141
87
1
119
99
90
63
26
91
47
55
86
103
74
106
21
48
149
10
77
87
56
113
77
150
82
23
63
61
29
41
22
20
35
8
114
3
15
88
82
60
111
101
153
46
67
51
37
159
149
137
159
107
154
33
148
77
7
112
71
105
157
83
11
52
30
47
107
88
38
112
65
116
51
23
144
104
146
9
113
14
86
70
86
106
124
67
44
114
105
152
12
114
132
121
24
131
109
159
66
19
69
152
81
152
61
155
10
48
65
14
57
92
88
130
15
23
86
21
17
131
76
15
105
113
92
73
100
27
3
119
113
34
89
57
27
134
49
30
135
100
11
111
47
124
95
115
103
61
94
65
71
130
46
42
89
52
68
155
117
10
78
113
101
59
59
88
1
41
58
69
133
71
24
25
158
105
43
88
19
6
23
99
40
83
146
16
41
141
74
53
83
133
86
25
148
111
139
66
117
117
16
45
66
50
118
155
71
158
107
23
56
34
84
129
134
115
56
92
144
96
54
4
59
73
135
13
15
78
124
115
98
113
33
42
123
73
119
122
107
20
86
24
110
31
122
27
84
70
73
128
132
1
50
55
43
67
126
16
61
152
114
90
45
17
57
40
50
98
17
4
118
52
120
2
129
36
61
57
63
146
79
111
49
139
35
48
3
40
36
144
108
115
67
148
134
157
58
153
89
95
19
137
109
33
39
26
83
8
145
1
21
126
128
2
93
17
85
124
66
146
46
127
135
73
122
117
86
144
151
150
30
128
86
20
25
158
66
42
127
111
34
27
50
139
109
74
5
129
89
118
136
78
88
145
