300
100
29
88
84
94
158
19
79
88
98
50
66
56
187
14
169
84
120
99
24
126
2
92
60
138
160
116
150
153
66
52
197
94
7
106
95
175
34
116
72
18
41
161
101
2
70
180
55
95
34
192
79
120
11
120
83
40
152
4
89
71
32
7
118
93
92
5
123
136
171
89
96
112
9
47
69
181
63
17
164
40
156
70
57
50
56
162
139
52
102
76
129
46
124
6
40
122
186
130
40
44
70
155
40
175
158
24
105
87
14
149
77
123
69
97
31
116
26
107
108
154
55
141
62
121
43
16
104
131
167
138
147
100
10
190
179
76
12
53
92
12
160
31
55
185
45
164
124
95
121
145
31
178
26
101
127
10
175
156
188
140
168
192
119
198
93
141
39
149
140
64
195
196
56
3
193
138
147
65
90
189
144
109
172
174
96
92
60
172
178
29
69
68
44
151
123
31
53
45
174
112
28
193
125
18
106
149
161
20
127
93
131
126
86
31
82
41
38
155
158
185
175
43
134
8
91
35
141
172
149
17
66
124
143
170
141
163
41
129
135
128
111
98
59
32
4
123
90
48
26
81
166
66
105
162
156
69
137
187
131
80
81
53
190
180
52
28
111
179
155
184
177
96
182
6
147
80
176
48
70
159
151
163
142
75
180
8
125
155
103
119
169
129
121
76
71
199
81
98
65
103
