400
40
69
45
39
100
28
42
47
3
75
20
48
32
94
54
53
86
62
93
70
24
77
67
77
15
77
86
61
27
47
69
91
25
19
43
64
54
42
26
94
90
53
40
78
30
70
41
84
83
36
96
58
25
52
72
71
8
83
62
47
89
89
73
24
7
57
12
62
51
51
78
42
46
94
13
54
72
43
74
20
61
8
67
66
26
36
12
33
38
5
53
69
2
43
93
75
7
79
95
53
34
9
1
72
48
18
68
57
65
90
96
6
35
79
11
30
80
18
46
60
48
69
23
89
66
29
60
58
76
52
77
8
50
100
30
15
73
60
13
34
33
18
13
50
95
6
62
67
74
79
4
68
33
92
92
32
73
96
8
93
22
1
51
31
68
12
31
13
70
6
39
30
12
26
22
61
33
8
59
77
89
94
36
20
9
17
20
93
93
96
61
95
19
75
35
29
64
93
34
30
72
85
58
21
56
59
55
49
98
90
23
56
38
11
5
83
79
11
53
49
28
92
1
70
52
91
73
42
20
9
82
71
70
36
30
47
35
86
48
14
10
44
4
23
4
58
45
22
63
46
71
2
90
21
1
23
29
2
32
59
66
86
45
37
19
52
100
26
31
39
55
8
28
3
13
51
39
73
12
29
45
27
64
46
36
68
29
79
25
80
65
84
58
41
10
63
79
53
63
15
27
27
81
24
15
26
90
20
27
62
13
65
15
26
74
88
82
30
33
45
71
53
28
45
92
39
24
90
35
33
4
82
36
98
41
83
69
11
28
97
92
83
91
73
41
14
47
97
79
21
11
63
37
66
61
56
40
80
24
33
9
68
62
22
17
23
67
52
43
38
38
51
80
75
100
53
96
48
86
47
1
52
50
68
73
61
36
78
85
59
13
49
36
87
67
38
88
100
100
89
67
