201
100
96
44
54
109
33
193
63
193
35
147
45
49
5
73
162
120
56
120
46
189
182
124
14
33
124
44
111
77
48
28
100
81
103
94
198
110
121
61
31
12
85
130
127
5
22
63
171
135
96
144
23
150
10
42
2
58
198
54
149
193
113
89
114
68
31
132
50
55
80
134
70
113
108
42
94
13
113
15
59
35
146
156
66
177
102
85
92
82
39
191
63
46
28
110
162
147
196
45
188
139
57
55
13
65
148
132
168
108
11
100
174
97
159
11
140
72
67
22
171
187
90
67
67
109
137
95
72
194
29
127
17
147
39
50
7
195
7
65
116
159
186
133
27
173
198
51
68
187
164
101
87
122
33
172
23
36
176
150
179
17
28
23
107
167
116
8
60
105
55
39
54
84
48
160
2
21
132
52
183
44
133
4
165
11
13
17
111
96
25
57
40
20
96
177
57
94
110
98
181
84
33
