1500
100
187
160
26
78
38
120
141
37
17
115
7
196
132
86
30
171
114
189
171
45
110
31
104
19
112
10
42
187
138
58
182
58
100
59
159
183
120
62
35
168
42
153
186
171
102
46
122
167
184
156
101
194
170
62
13
34
140
150
43
67
148
160
172
59
67
27
90
111
102
62
97
89
57
30
41
112
158
69
174
125
72
26
94
6
2
103
144
82
146
174
57
195
21
158
26
192
127
187
6
85
45
97
49
62
176
49
91
159
96
66
197
147
194
137
55
66
121
6
58
8
59
35
79
139
14
103
7
194
138
74
182
60
17
33
57
43
128
76
14
169
142
77
145
160
173
190
87
66
97
185
161
75
65
6
142
38
19
44
70
39
5
168
121
114
3
184
60
177
176
119
54
199
148
63
92
37
78
150
42
191
163
186
65
65
10
2
125
56
96
172
64
98
120
119
77
175
42
34
11
40
114
193
89
58
73
101
9
60
68
31
79
103
20
26
133
51
161
115
22
133
151
33
189
96
102
35
6
88
155
87
68
43
80
138
114
165
102
117
76
13
127
80
12
198
152
105
108
39
44
128
44
4
56
45
195
93
186
116
70
193
169
18
29
32
156
18
187
105
13
103
115
48
168
154
49
3
144
2
120
87
109
61
116
25
190
181
173
183
155
130
61
155
6
148
15
50
18
185
2
190
112
48
143
150
84
50
192
21
119
49
97
131
149
164
25
83
162
37
50
85
26
10
98
85
93
128
131
102
96
124
21
94
192
131
116
170
99
87
86
94
182
121
13
68
127
16
197
114
170
10
103
155
132
134
119
111
106
37
7
145
129
44
70
137
93
14
29
5
17
169
94
105
91
176
128
188
13
131
144
146
112
4
77
52
17
95
193
101
157
41
91
179
120
8
156
105
156
55
123
94
107
182
110
122
162
172
139
86
107
93
147
50
45
164
178
81
132
188
196
20
199
103
89
12
135
91
16
168
95
78
39
130
193
120
49
4
37
68
87
179
161
27
124
127
164
68
169
152
2
22
127
31
196
125
85
13
131
188
24
24
165
82
136
75
47
15
191
131
189
190
172
179
126
59
191
33
166
122
155
119
77
35
62
181
161
55
102
60
136
53
10
182
90
195
180
179
96
140
150
11
153
134
108
68
88
145
46
150
95
96
168
47
27
134
26
144
144
167
23
160
82
146
158
110
125
97
169
6
1
44
106
63
82
127
75
199
45
56
191
122
41
190
45
128
76
12
147
157
100
155
72
115
108
79
79
66
137
79
158
183
171
158
48
81
16
1
165
40
43
90
72
140
57
130
115
78
80
34
149
92
40
120
26
153
147
124
45
54
157
66
77
7
60
80
78
17
65
28
1
165
18
120
191
54
174
155
122
42
137
44
24
159
63
131
30
87
29
52
87
55
190
98
43
146
158
94
97
119
48
89
116
53
99
114
114
176
187
130
29
38
167
198
178
74
161
108
130
146
126
186
59
42
71
85
124
128
168
49
132
115
78
165
185
7
108
145
32
130
48
6
85
113
142
12
153
184
182
155
114
131
26
87
64
33
150
70
111
138
179
147
81
99
165
189
180
46
52
136
73
26
183
94
108
63
25
35
82
165
13
3
192
122
178
65
198
63
66
149
158
32
37
1
147
6
96
17
132
4
59
69
43
197
40
92
96
102
73
62
177
50
73
44
98
177
45
102
65
39
30
74
190
42
1
191
42
163
116
29
124
194
185
17
98
159
100
62
54
42
3
5
182
78
124
17
122
137
179
142
60
24
122
5
154
185
82
59
159
142
66
156
101
103
26
148
32
58
115
185
75
143
148
183
130
107
44
51
19
5
140
33
141
39
155
78
78
126
107
106
156
181
33
35
39
130
34
170
60
136
26
122
52
194
5
144
44
128
41
24
179
157
61
27
115
64
35
94
100
6
38
13
84
75
70
16
45
13
91
75
112
145
157
160
20
147
149
63
177
10
56
192
48
196
142
169
191
136
21
194
45
99
57
65
191
19
179
30
30
32
4
151
29
102
111
121
166
39
139
39
13
147
64
80
79
156
48
104
8
87
27
68
23
79
57
157
15
24
1
22
172
3
140
5
20
8
39
23
66
114
1
183
117
114
79
30
56
121
12
122
73
139
104
104
115
17
26
177
92
180
13
61
33
14
166
179
120
11
166
60
104
70
164
27
76
177
44
116
198
2
72
168
146
123
175
86
89
44
4
53
2
195
175
186
159
146
106
1
20
112
87
19
134
86
53
183
107
137
32
192
108
198
108
8
161
171
157
126
192
29
101
142
159
184
93
190
57
170
157
171
109
12
83
110
92
110
104
131
94
122
67
118
39
95
94
126
188
38
14
144
54
125
136
62
110
101
188
19
175
152
4
199
133
160
192
94
98
78
59
83
162
68
173
185
108
163
3
87
188
189
180
41
100
101
172
50
110
6
84
187
142
122
11
180
67
117
84
158
169
173
19
161
173
9
138
16
21
79
32
7
38
132
195
11
163
11
61
20
156
109
127
103
120
8
146
74
92
173
62
106
134
163
50
34
30
194
183
122
23
188
150
92
19
149
38
6
153
110
76
109
12
99
162
196
74
43
144
185
49
149
19
58
148
68
28
4
182
138
33
143
10
52
104
75
7
37
103
83
58
119
131
11
23
88
3
16
109
167
101
57
157
47
134
4
136
61
197
159
87
147
98
41
189
186
149
125
98
92
123
50
146
162
25
76
49
139
1
32
40
34
106
96
107
5
46
109
26
114
60
96
185
162
183
126
6
150
28
11
27
42
150
80
95
52
79
108
89
18
130
153
160
162
131
192
96
22
196
165
66
74
100
141
43
93
9
163
28
135
194
13
7
65
104
40
17
20
4
61
193
2
75
74
72
107
102
78
156
19
153
8
37
42
116
177
194
99
15
167
190
69
33
97
116
65
138
66
136
176
81
36
181
142
111
143
185
195
127
147
69
68
124
176
102
83
96
173
152
142
57
191
119
152
76
89
19
99
66
27
40
60
59
142
118
118
107
39
161
72
7
104
147
95
160
53
57
156
112
31
93
139
34
52
174
59
165
154
182
87
19
79
164
21
86
183
143
37
144
55
181
11
137
90
28
46
127
95
119
40
141
133
179
13
107
10
40
66
192
136
163
24
172
106
2
87
153
61
106
29
137
32
29
129
45
174
26
101
92
6
1
195
5
170
145
195
82
78
103
138
92
23
96
54
113
74
148
133
115
127
116
2
44
60
116
165
69
152
35
85
44
124
53
75
182
57
153
185
91
75
124
123
186
38
158
66
124
171
89
169
44
5
23
151
55
16
25
32
134
146
114
164
93
191
184
113
133
23
37
161
100
150
181
161
173
36
177
162
145
3
35
115
196
5
164
172
64
173
126
166
63
23
148
53
