400
80
73
72
137
75
129
54
72
76
65
56
114
31
139
71
101
3
129
83
65
9
141
78
114
62
4
32
46
16
112
156
89
54
23
66
137
75
42
67
54
116
140
112
6
143
148
133
148
14
98
73
128
140
143
17
151
65
18
58
124
8
127
34
111
28
18
72
123
152
60
70
85
4
45
113
57
95
84
31
128
152
91
131
37
52
98
125
132
124
27
67
84
78
18
50
77
116
56
54
29
101
62
112
61
144
7
80
128
92
144
4
117
42
58
107
96
73
6
126
87
41
12
29
48
155
110
30
41
87
62
37
99
71
150
124
50
158
50
99
97
138
63
30
132
2
89
115
122
36
131
8
116
16
5
132
130
93
84
52
26
63
84
141
123
75
94
94
32
105
153
124
143
62
111
25
25
115
66
30
135
46
139
20
49
92
60
61
129
60
146
105
135
88
145
87
62
64
83
117
56
45
61
143
110
87
27
106
63
16
96
75
107
70
76
12
12
50
9
134
120
113
59
136
57
76
135
128
55
35
100
53
79
159
72
48
109
85
6
151
91
31
59
97
64
152
7
43
97
113
127
61
50
94
56
150
25
46
42
135
49
61
113
33
138
10
128
154
59
95
40
117
26
61
141
51
55
156
144
83
68
146
6
108
86
113
97
21
159
104
23
15
12
10
21
50
10
115
32
41
80
126
152
35
153
10
113
93
122
60
118
13
16
125
86
7
95
95
138
157
85
85
120
136
5
18
24
57
30
112
140
138
135
137
1
119
108
117
24
86
34
33
75
38
94
71
110
68
29
111
46
144
19
2
129
101
16
33
145
127
9
96
152
110
37
15
102
17
11
78
141
90
14
63
124
26
120
98
156
143
15
1
30
150
58
8
52
77
105
130
55
85
74
59
158
152
2
53
87
50
24
43
