210
70
180
1732
1849
1358
1962
303
1101
274
1095
480
1204
1802
1543
1198
926
1337
949
1493
1367
2084
1797
1324
1000
1360
1033
1477
2049
1396
579
1906
20
1792
2012
67
347
593
1940
811
287
327
2066
1546
2075
643
1388
841
1830
1808
380
1190
1037
564
466
1531
1716
975
368
1600
207
1346
533
1
1042
1381
1051
107
1581
1809
1568
674
1913
1991
2061
1544
299
1133
1486
420
211
1847
465
871
1021
1686
1896
563
1489
14
824
1885
523
315
1202
1713
1742
618
725
763
704
541
971
1061
1280
1238
1180
613
1651
1604
1711
1747
1429
1520
1716
936
961
1220
1735
634
1596
1283
1070
433
1163
312
874
477
1088
333
36
459
245
1499
577
1419
1151
152
1303
1345
1790
1885
878
1588
1573
519
1846
1322
589
1747
1501
1253
507
1362
1618
1106
1988
174
108
54
143
1672
328
525
1540
531
568
2003
1964
1807
792
1172
1696
1046
179
643
80
686
543
346
1508
440
1765
312
1244
2059
1767
121
1358
1432
1448
1083
1548
1758
1590
910
695
1441
586
1486
1071
1149
756
1283
1493
2029
797
1317
502
1031
192
579
