450
30
53
57
31
52
30
33
41
55
39
56
30
59
57
31
48
34
59
52
37
33
41
54
52
56
52
53
50
34
44
57
32
49
39
56
33
39
35
54
58
41
35
30
46
55
56
58
41
36
46
49
45
55
46
54
42
31
47
48
50
50
58
40
47
52
56
46
57
45
56
45
32
57
31
34
32
50
41
30
56
48
35
42
47
33
58
49
42
58
42
37
42
31
47
57
32
41
34
41
55
38
52
53
55
40
49
48
53
42
34
46
48
58
53
51
53
54
52
31
31
52
48
49
34
40
38
56
34
49
56
30
56
37
45
55
41
38
54
42
47
34
46
57
30
41
33
55
45
33
48
48
32
44
45
56
32
59
56
41
40
33
50
56
55
30
34
55
56
59
59
37
34
40
35
49
36
45
58
55
44
39
32
52
39
39
31
50
47
37
55
41
49
56
43
35
54
52
47
31
36
59
41
36
46
44
32
59
31
32
34
38
32
52
54
30
52
48
37
40
57
38
54
36
39
57
48
44
57
45
48
48
39
52
50
57
41
49
32
55
55
35
55
57
44
56
34
30
49
47
55
41
31
37
53
52
52
33
48
59
37
45
51
31
40
59
59
30
39
40
40
50
59
35
38
59
49
39
33
45
46
56
40
36
44
43
42
31
38
40
54
58
46
51
45
43
47
59
49
55
43
56
36
55
55
59
55
54
33
59
42
45
49
30
41
43
38
53
43
58
32
51
34
50
52
39
39
43
37
44
58
38
37
58
46
41
49
57
36
55
33
50
41
32
36
54
30
56
53
49
33
50
33
58
48
47
47
33
37
48
46
30
34
33
56
52
37
55
38
48
52
58
51
54
50
49
45
33
44
34
51
41
54
56
38
34
32
59
57
39
31
35
57
58
46
57
54
32
54
35
50
56
34
54
50
33
41
48
52
52
55
41
46
32
58
57
41
36
57
41
47
54
53
32
50
33
57
41
46
47
46
56
52
40
43
32
35
42
56
34
59
55
53
35
51
30
44
56
53
37
40
46
