300
60
8
5
7
2
6
4
3
3
8
9
1
9
2
3
1
5
8
5
8
10
5
1
3
9
1
10
2
2
9
4
1
6
8
5
6
2
8
9
10
8
2
3
1
4
10
6
5
5
5
3
3
8
4
8
6
2
1
9
8
9
3
10
5
3
1
6
8
10
7
3
3
10
2
4
4
9
4
3
1
7
8
4
6
1
9
1
7
3
1
1
7
8
10
7
5
5
9
6
9
8
10
7
10
1
6
6
1
1
2
4
6
4
1
9
2
5
2
8
2
2
8
10
7
7
6
9
3
3
5
8
10
3
10
9
10
9
3
10
8
3
6
4
3
9
8
5
8
4
2
7
9
7
9
6
6
6
10
9
5
7
3
6
4
9
7
7
8
3
8
2
2
5
4
10
8
10
9
4
6
7
6
2
10
2
6
9
1
10
6
10
1
2
7
9
1
3
7
6
3
5
7
10
6
1
10
7
3
8
1
7
4
7
5
5
7
4
2
9
4
10
6
3
7
9
2
5
6
3
8
3
2
4
3
8
2
3
5
1
3
1
4
3
8
8
1
1
2
9
10
8
7
4
7
9
9
10
8
2
5
10
1
5
2
1
8
5
9
10
1
7
4
6
9
10
10
2
8
2
5
2
7
4
3
8
2
10
1
3
2
3
9
1
2
5
2
3
6
4
9
2
