240
80
98
97
97
103
101
105
98
104
99
99
103
100
103
102
99
105
99
95
96
101
101
101
100
103
97
100
101
97
101
101
97
100
99
95
96
104
96
105
103
104
98
105
99
100
95
97
96
103
101
105
103
98
100
98
98
100
104
102
98
102
95
99
95
99
95
96
98
99
100
104
99
98
104
98
104
96
100
98
95
100
99
103
102
96
100
101
97
95
102
101
96
102
98
104
102
103
96
104
103
101
103
99
96
95
104
105
104
104
97
97
97
101
102
103
99
95
99
103
96
97
103
103
96
99
98
101
97
100
103
104
98
95
102
95
99
103
97
101
100
100
97
99
101
98
101
102
99
103
105
97
95
96
97
99
99
99
101
100
104
100
103
96
102
102
101
95
100
96
100
104
105
95
103
97
102
102
103
96
98
95
98
103
98
96
97
95
98
98
98
102
101
105
98
104
98
97
103
98
105
105
100
99
98
105
101
99
103
104
96
100
96
104
104
100
95
103
98
96
98
102
99
102
101
98
98
100
104
104
96
96
101
95
98
101
100
102
102
102
105
97
