900
90
62
67
10
26
29
73
8
19
76
17
53
92
52
45
50
52
37
54
31
52
46
18
46
79
86
9
93
35
94
53
74
90
36
8
12
24
16
10
28
85
60
18
99
61
18
93
25
30
42
98
67
64
7
82
11
30
91
1
68
10
4
81
83
22
2
47
93
73
8
16
92
18
84
3
26
88
28
48
23
47
24
71
67
95
30
77
80
24
19
19
51
91
30
100
33
20
86
65
81
33
77
97
47
57
35
59
44
39
87
15
88
47
19
64
95
53
79
21
51
55
13
59
21
6
23
49
87
41
19
64
3
98
80
6
70
37
64
58
4
56
48
14
60
27
6
44
70
57
37
20
50
80
26
37
51
99
86
6
26
43
18
75
9
51
13
98
89
14
50
32
27
30
5
95
24
69
3
59
88
8
4
38
9
50
25
70
99
65
38
38
71
80
25
75
81
57
29
54
75
33
23
9
26
10
52
99
77
14
12
60
35
98
49
58
98
18
87
5
12
75
1
34
83
20
82
96
38
3
50
64
97
11
55
97
94
75
38
64
38
55
80
35
91
89
7
55
42
40
89
52
5
56
8
94
16
3
30
8
1
53
34
54
46
85
27
18
86
8
22
39
23
99
9
46
74
70
49
8
16
32
61
40
32
21
22
95
70
44
100
31
5
18
13
37
6
17
71
64
56
2
10
77
87
47
76
81
87
28
2
94
80
75
1
46
79
18
26
75
5
21
41
15
61
17
62
62
2
17
14
61
35
37
84
51
77
16
31
32
99
14
16
2
30
39
19
76
68
36
18
6
1
38
90
62
16
12
90
35
15
59
92
34
80
49
2
47
61
12
47
63
97
61
86
60
75
74
38
51
77
70
69
46
17
81
71
86
80
60
74
51
49
95
74
14
50
50
59
69
86
99
12
77
24
41
24
30
83
60
91
32
49
51
80
99
72
29
11
9
47
14
99
19
64
87
42
57
18
70
17
44
52
49
1
42
73
42
44
69
80
49
4
62
67
9
23
62
23
48
95
19
60
57
11
37
49
93
58
22
94
24
48
15
51
52
60
98
86
40
23
8
40
95
96
78
27
75
79
40
15
87
74
11
27
92
72
30
62
54
39
32
99
52
71
33
6
49
21
90
76
9
1
89
62
63
41
53
32
91
69
78
78
8
42
83
7
79
10
31
95
1
50
99
23
7
86
58
65
92
73
27
51
26
89
7
94
5
44
28
72
50
11
94
68
53
49
37
63
12
68
90
42
26
12
21
2
97
25
99
16
64
69
75
7
52
64
49
61
69
100
75
16
17
54
85
45
77
95
21
81
79
17
25
38
70
98
41
88
97
97
88
60
76
68
17
12
18
47
20
73
47
50
20
46
53
61
43
60
92
12
6
28
57
17
38
84
9
5
27
36
25
97
3
51
88
65
54
49
75
20
30
62
3
47
26
25
12
23
81
90
94
14
88
89
46
44
42
86
86
45
80
48
44
82
51
64
72
66
4
31
98
66
55
8
8
16
2
55
58
69
26
86
15
92
40
96
36
87
42
15
43
88
69
58
36
9
63
82
42
32
68
68
65
88
64
33
66
31
97
35
26
88
52
82
87
34
41
83
6
58
87
56
55
70
58
6
57
89
93
38
83
68
33
50
20
12
32
47
5
24
52
50
28
52
84
98
80
100
33
82
71
56
44
80
40
8
100
3
29
89
37
37
64
95
77
84
82
47
75
88
24
60
86
54
26
82
21
72
54
11
52
2
59
51
85
11
92
77
45
87
25
59
21
78
20
46
81
24
48
36
92
95
94
21
54
39
29
66
59
76
10
52
60
48
69
89
93
63
53
63
73
98
74
89
61
9
25
38
61
80
91
42
29
2
67
19
26
88
45
2
20
100
42
25
85
36
6
51
68
8
34
32
6
66
38
64
95
17
14
73
18
73
38
47
46
58
30
59
34
62
12
93
97
3
81
85
18
3
38
58
43
35
58
80
54
30
36
69
44
14
14
54
93
30
96
5
78
75
32
23
45
37
50
9
58
76
32
87
52
73
16
