600
40
78
56
66
62
58
43
53
61
64
70
75
54
49
45
55
60
55
69
52
57
70
51
65
49
74
65
41
76
73
76
70
51
62
73
71
40
76
64
41
42
78
65
59
53
49
75
52
68
72
49
41
74
71
41
78
49
79
71
51
40
52
55
57
76
77
62
77
46
79
47
52
69
55
66
69
54
69
59
70
49
51
62
51
47
61
69
60
67
51
48
54
73
64
70
78
73
47
50
43
63
41
43
57
43
42
53
77
72
52
77
64
70
56
74
62
40
62
52
63
59
42
69
70
49
52
73
63
41
67
56
63
66
58
48
43
42
41
68
55
50
74
49
64
57
41
42
50
42
63
68
54
70
55
66
71
56
54
65
44
56
68
70
60
70
61
72
49
69
72
50
69
58
49
54
42
60
66
77
79
74
66
58
51
59
49
54
76
50
79
42
75
72
40
53
51
62
44
63
77
51
71
67
75
65
75
65
41
40
63
74
47
69
61
71
54
42
55
66
56
78
54
75
71
76
53
47
48
49
69
75
50
52
76
42
46
68
40
69
45
77
48
42
79
63
49
44
56
57
46
49
56
67
65
58
76
41
45
67
76
52
64
49
58
56
70
43
44
76
50
57
51
48
41
48
58
51
51
74
73
54
64
66
44
73
47
73
53
53
48
41
54
51
56
75
52
42
71
55
68
41
59
54
47
62
66
68
53
44
43
60
58
49
68
56
69
66
59
61
52
41
67
66
65
62
72
44
44
52
78
41
60
45
47
50
59
51
54
44
63
63
57
62
48
51
61
48
46
40
66
62
78
54
67
78
44
63
40
70
44
70
55
49
66
44
75
59
67
48
74
75
58
41
78
68
71
66
60
74
75
75
78
70
51
47
43
68
47
76
47
64
63
68
75
41
42
69
73
49
45
40
76
53
65
75
41
68
54
58
69
50
44
47
58
43
78
42
73
62
44
42
51
57
69
57
71
55
59
62
52
74
50
42
47
44
77
77
78
77
65
75
49
42
79
42
53
63
56
66
77
53
77
64
60
61
52
60
45
76
53
65
74
79
44
70
69
49
65
48
45
65
70
59
48
54
44
54
59
59
41
56
52
65
76
47
69
79
77
51
42
79
78
59
64
42
57
45
59
52
67
50
74
51
58
74
67
54
58
53
56
67
45
54
53
47
46
77
75
43
66
50
79
61
61
63
53
42
68
52
66
71
67
67
61
63
52
42
45
77
43
75
69
69
76
56
45
51
65
62
49
60
67
58
56
64
57
57
55
69
60
57
61
41
45
67
63
69
74
63
77
53
51
42
67
40
77
54
56
45
65
42
74
69
67
46
68
45
79
70
59
49
48
72
66
71
78
59
79
76
73
75
