300
30
1
6
5
6
3
1
8
7
9
2
10
3
10
1
3
8
10
6
2
8
8
5
3
7
5
3
1
4
2
8
10
1
1
6
7
8
3
2
10
7
3
6
2
5
10
1
8
1
1
4
7
1
9
5
6
9
2
5
9
2
3
2
5
1
4
7
8
2
9
4
7
7
2
2
8
1
10
5
8
8
8
4
2
5
10
5
6
3
8
1
10
8
1
9
7
6
2
7
4
10
9
5
4
10
3
4
9
9
5
8
1
3
7
9
3
5
6
7
8
4
9
5
10
8
1
6
5
1
5
3
1
1
5
5
2
2
10
5
2
9
9
10
5
1
5
1
1
9
3
4
2
8
2
5
10
9
3
6
2
5
1
10
5
6
8
5
4
3
10
6
2
2
6
6
8
10
1
3
4
5
1
5
6
9
2
8
4
2
3
5
6
10
9
1
7
4
8
1
6
3
3
5
6
6
7
7
7
5
10
7
3
5
1
8
3
9
5
6
4
3
2
8
5
7
8
7
9
9
6
1
10
3
1
9
7
10
7
1
4
3
6
5
1
3
2
8
1
1
6
6
8
4
3
1
10
6
2
1
6
5
1
1
7
8
3
1
7
2
10
8
10
3
8
3
2
1
2
2
7
4
3
5
10
1
10
4
9
6
9
5
2
1
1
1
6
4
3
10
3
4
