210
70
102
103
98
101
105
105
105
104
103
105
99
99
99
97
101
102
95
100
105
95
105
101
104
105
104
96
96
104
96
97
102
97
99
101
104
98
97
100
102
100
103
103
104
96
105
103
99
104
98
103
98
104
97
105
95
104
104
104
97
102
103
103
96
104
105
100
105
104
105
105
104
102
96
98
102
99
98
101
103
103
96
105
98
100
103
100
104
102
100
103
102
99
99
104
101
102
104
95
101
102
98
98
96
95
96
105
99
101
103
102
105
96
100
96
96
104
102
104
102
101
95
101
98
105
96
95
105
102
105
105
103
102
101
101
98
97
102
101
98
96
103
103
101
100
102
103
102
103
102
105
99
96
100
96
102
99
102
105
99
105
99
95
100
95
99
103
105
97
101
96
98
104
100
104
100
95
98
99
103
105
95
95
105
95
95
102
101
101
103
95
103
105
100
99
101
99
99
102
96
95
96
97
104
97
98
97
98
101
99
105
