900
60
1447
6429
6633
5856
176
8435
1251
5835
2239
7591
470
3483
7446
6557
434
832
1373
3747
8931
4454
1920
7836
7166
2196
2865
6547
8250
8953
3876
3613
1769
6033
7281
6413
4957
6354
4463
3561
5680
1531
2035
8790
7288
1369
1365
1190
5881
8230
7612
6454
7283
4283
3893
7238
7553
7447
7064
4245
8903
3145
2201
7776
2598
2766
5202
7751
6165
3335
3525
1759
3482
8553
5027
912
3958
1456
3141
8345
1701
8661
3051
166
7530
1098
1574
8381
1776
8834
6237
4751
2900
8919
4127
276
6115
6088
2604
6872
858
6980
5807
1906
8406
7794
2845
1173
1958
8416
3791
7687
2743
4789
5768
1923
8317
4409
1605
7626
3523
4021
1733
3236
958
1148
3880
6643
6939
8758
3686
6165
7078
7651
4083
1898
1550
3426
177
7610
6527
490
4489
4210
8431
2219
1248
3141
5793
5917
1754
3740
8918
3342
1321
37
8593
3371
6236
8470
5056
8363
1184
3441
7844
481
4520
1981
837
1070
8279
2522
1991
4300
1038
7352
834
7559
6198
5575
6757
8165
2776
4986
5539
1560
726
593
2623
8853
4655
5212
1882
6778
2241
7155
413
136
7040
1942
3201
6095
2373
4851
3813
4678
8552
2249
7172
451
2727
6861
2504
5012
5718
1760
5710
2202
2322
846
3705
1821
6037
2541
5874
7345
4386
5294
7329
5186
8047
1268
1631
5828
3918
5350
6636
698
662
872
2186
1527
4851
6956
3514
5061
8793
2296
1986
191
4779
524
8314
3357
3766
4692
2031
5181
4202
1546
5247
990
8812
683
4488
2004
4773
1422
7622
2498
7642
2699
5914
5460
6148
2084
3364
3063
3262
4629
1188
8430
6626
3280
6267
6333
3320
4870
6439
7635
202
1889
463
6760
1387
6120
3710
7186
5085
5536
4763
7558
6453
6877
6364
3262
3255
2426
441
7774
3332
1047
639
1534
4518
1251
5812
1305
2309
4835
5903
3778
900
1562
5008
2208
6757
4457
5742
6415
3616
7589
8368
3834
2230
6623
5740
569
78
1377
4581
101
8621
7639
6658
7461
3147
2668
5005
6402
1549
5712
5446
4216
4281
2227
3580
6052
4471
3597
836
3072
3986
736
6274
2250
3584
5124
4598
233
5885
2876
95
2519
1740
1041
6937
3866
8356
867
3740
2079
1771
237
7116
8481
187
6648
512
4103
2099
4506
1588
3203
3225
7551
1002
290
5295
6587
3179
2686
7259
3142
23
1280
4707
6751
4912
3827
2867
4257
2247
4817
8592
5822
8233
1356
281
153
6868
8327
5601
1294
5872
8978
1951
1628
6742
4303
2003
2508
4365
3148
8349
6073
681
2512
2366
4097
5562
2378
4383
2686
4456
3807
8299
7592
5864
808
5026
2344
55
8158
7778
5928
8214
5568
433
5286
7776
8000
5172
6110
6722
2934
742
4821
725
8756
7443
2114
2220
3177
4422
8243
5843
8534
4917
7006
4093
8297
8149
6374
7824
875
459
8878
3269
6993
6083
7948
6473
7463
2922
4833
1429
1657
2040
6958
801
501
286
58
2791
1710
8896
5429
8022
4840
1278
416
6507
3605
8811
2683
4433
2156
1840
2337
8998
4608
8628
8378
6481
8804
2233
7958
5845
2010
4311
795
6639
3943
2494
2580
3071
2616
2389
8036
260
1127
5420
3547
4367
3096
7366
4858
2425
3324
6880
5769
645
5
5900
1699
3025
423
8519
8020
5876
1700
7379
314
1449
5635
8618
1392
5802
8676
7650
6794
4781
2252
4023
3782
1362
7214
3514
6776
1701
3181
654
632
4652
8736
2806
4007
7338
7439
177
793
7757
5034
5980
1139
7179
3334
5883
1418
3346
6956
7706
6049
1180
6119
7487
163
2673
5835
6540
3543
3264
7513
4630
7496
3407
537
1162
3372
3003
5264
6892
5492
377
6079
2426
6343
6137
3470
434
4333
1920
5291
2090
7508
5675
333
1478
4241
7368
2088
900
8261
1418
2810
8872
3192
7655
6523
3383
3858
3117
6909
7511
1973
4875
3368
2090
8266
7661
2665
3974
2618
1913
6126
4236
7014
4133
6449
8576
8291
3701
4161
8415
8940
6585
1072
439
6910
251
6763
2483
7147
6401
6631
4879
4064
1064
8645
3022
576
7772
5149
193
263
939
6874
1556
7602
8591
1830
3516
5862
3161
2143
1240
3096
503
8485
1014
8935
8624
807
953
5441
8459
2519
2602
8149
1618
662
5588
7876
5646
3622
272
5156
812
4985
8742
8451
8228
2064
4281
5286
6868
7063
8707
2104
4331
8210
4417
4738
4253
5588
2279
5635
2713
7221
5622
7593
370
7370
6938
355
7192
4640
5148
6656
7994
3136
6882
1294
7192
7526
8177
7403
5980
2453
1244
4079
6943
984
5793
7455
6811
8770
1646
3835
2494
4253
2310
4770
6923
4216
5360
8623
6515
6327
2688
3779
1338
2340
3367
2871
4807
5572
4408
4264
4296
3311
8255
4771
5094
3871
8866
7090
4632
3529
8767
5961
1173
2289
2204
2251
665
7819
1062
5345
4176
7363
4183
149
5371
7769
5740
6313
4024
7421
4670
228
4745
156
6289
3140
5465
2700
4404
3357
5187
7559
6780
1567
96
8918
3435
2527
1844
7564
2204
8433
1081
5867
4027
4519
4206
2849
2891
3161
2861
1364
1658
4153
3680
6866
6066
2824
103
8078
2439
921
1034
6182
3883
2666
3085
8561
3003
6734
6977
1811
6970
6510
6495
1164
3968
3857
4137
6098
878
738
7545
7092
1297
2321
2815
762
2871
7037
536
7217
