1200
80
80
98
106
113
158
156
149
152
100
124
120
100
121
137
117
91
151
93
106
129
131
108
149
114
107
138
94
149
129
121
133
81
97
109
87
121
86
110
109
95
119
91
134
149
87
101
145
149
114
155
157
118
126
114
123
96
101
115
112
122
94
128
100
125
136
89
104
108
155
141
126
86
147
109
92
101
141
105
122
151
135
92
101
100
128
136
124
101
107
116
143
155
109
126
137
111
85
111
92
133
146
96
126
127
108
123
147
91
89
80
131
117
120
113
118
156
103
96
151
150
125
85
151
113
116
82
146
129
88
149
114
150
150
91
91
80
124
139
108
82
106
152
129
140
89
152
109
140
135
118
100
121
114
104
83
86
129
124
107
99
151
115
136
158
108
158
129
131
143
90
144
112
140
83
127
86
128
100
142
140
108
93
159
80
85
89
95
145
152
110
145
84
145
141
95
153
107
136
102
103
107
151
128
81
102
150
87
91
103
96
130
94
151
114
86
101
84
138
155
111
122
89
101
130
106
130
123
145
107
107
133
80
148
80
82
123
132
117
92
96
101
157
120
88
128
135
118
125
101
132
156
149
145
131
100
107
149
110
129
156
115
106
85
136
87
153
149
82
130
99
136
93
128
101
102
121
99
153
93
111
158
114
103
153
92
118
133
128
103
123
157
135
151
144
109
87
122
102
123
106
144
105
129
133
121
157
127
158
118
134
139
114
155
149
84
90
104
158
106
147
138
118
147
143
87
135
118
140
124
106
128
136
107
85
123
101
156
142
111
157
144
94
125
122
153
145
83
108
148
146
106
98
152
112
83
153
155
147
101
121
102
143
114
105
89
137
151
121
133
98
149
82
97
113
139
104
152
119
153
113
105
113
123
128
152
102
136
85
81
159
110
105
127
95
147
105
136
96
115
141
104
86
134
87
108
106
148
145
103
143
143
103
118
80
153
84
146
105
152
141
114
134
80
111
108
159
129
94
117
109
130
118
143
84
104
90
105
139
126
156
152
117
113
153
140
80
90
106
121
115
90
117
149
85
110
110
134
118
151
81
107
90
88
82
86
126
137
114
147
87
80
127
117
122
143
132
122
121
138
97
120
159
114
103
144
85
104
94
98
145
93
123
109
125
119
152
102
91
130
133
151
115
109
98
102
107
99
91
158
120
87
85
156
158
133
121
139
103
86
85
150
142
149
159
136
115
97
107
152
127
112
127
141
103
82
80
119
98
150
142
113
87
81
89
95
89
148
131
149
129
157
134
147
159
116
145
86
97
137
94
133
110
128
124
91
147
108
92
146
86
121
154
96
93
113
110
120
88
132
145
153
115
154
146
122
121
115
91
150
113
141
122
107
121
158
94
97
135
140
106
138
137
83
134
80
118
103
144
139
155
83
142
107
86
136
97
97
152
115
98
109
128
152
158
95
145
110
104
157
130
147
134
134
130
113
80
98
150
107
121
158
108
145
140
156
138
142
108
111
104
141
134
143
112
144
125
138
137
134
155
86
154
117
117
158
140
117
139
86
157
81
154
154
139
131
148
101
141
106
155
95
84
117
132
145
96
84
146
85
87
143
89
144
89
109
156
158
135
121
118
105
132
102
84
114
111
91
99
104
141
90
89
157
159
132
114
156
118
118
123
110
115
147
142
156
108
97
98
98
155
149
94
126
152
156
151
126
148
114
95
148
94
155
116
106
143
120
121
110
84
146
87
115
141
157
129
145
118
137
92
154
81
138
89
97
153
114
106
154
94
147
114
88
146
98
126
84
130
110
95
120
150
101
109
113
114
117
159
102
94
110
93
133
99
103
108
129
106
86
101
141
103
156
102
158
122
155
87
97
93
102
125
135
153
152
119
151
136
127
89
129
89
112
92
83
157
145
157
145
120
90
106
159
156
143
148
83
132
111
95
146
106
147
144
108
136
108
102
91
134
156
111
94
135
141
104
134
105
92
139
129
148
148
158
112
106
144
116
131
131
107
104
104
107
109
146
122
148
151
129
150
97
93
89
104
95
96
103
122
124
136
87
124
127
152
155
119
157
152
126
86
122
128
104
141
150
103
84
91
110
80
152
113
109
98
137
101
104
97
143
91
146
115
98
109
80
121
97
113
143
91
139
130
136
158
132
116
109
104
131
111
80
86
116
110
119
134
95
113
88
138
95
132
80
82
128
111
83
116
148
131
82
130
147
143
158
82
84
146
83
120
150
128
95
155
95
82
105
139
94
96
89
96
94
106
140
87
158
141
121
95
126
143
96
139
100
89
102
133
122
124
136
159
130
155
105
98
140
110
98
144
108
130
114
124
116
114
148
91
144
113
121
134
86
84
142
138
142
125
112
159
128
135
96
83
146
141
93
129
115
80
132
97
85
149
124
154
148
142
106
133
127
145
146
83
115
153
97
118
124
94
159
95
136
106
86
153
105
153
101
102
82
116
107
147
119
81
82
89
137
139
122
142
127
108
104
108
110
148
137
113
82
141
156
107
99
125
87
126
90
127
145
95
114
85
96
154
123
153
159
138
132
141
156
149
89
100
116
155
116
89
109
119
150
103
146
98
130
150
124
108
149
122
117
137
151
95
143
89
139
82
132
158
139
135
134
127
126
86
139
107
86
159
142
94
106
86
100
106
86
150
93
107
131
83
119
88
94
120
104
101
111
116
94
118
98
97
156
110
101
128
146
126
112
98
132
116
101
83
137
108
113
106
146
118
123
83
86
105
94
