240
80
97
98
96
99
97
105
97
96
101
95
102
103
102
97
98
102
98
105
103
99
105
98
104
95
105
103
104
96
102
101
103
98
97
98
103
97
99
103
101
101
98
98
104
103
95
96
105
105
100
98
105
97
101
102
105
96
96
95
97
95
104
101
99
100
99
102
102
96
96
104
98
101
99
100
95
95
103
100
105
98
97
100
96
104
97
100
95
98
96
102
99
101
99
99
98
105
99
104
101
96
100
98
95
102
104
100
103
99
104
96
105
98
96
101
102
105
101
103
101
95
98
104
100
95
104
98
97
105
95
102
105
104
97
97
104
101
96
103
100
103
104
98
95
104
105
105
102
100
104
102
100
101
100
102
98
101
95
98
103
101
102
100
96
102
96
105
100
98
97
105
96
100
100
98
101
103
96
97
103
95
105
102
99
98
99
100
102
100
104
102
95
104
97
101
100
102
103
97
96
98
102
101
96
104
98
101
103
99
98
99
97
105
96
98
99
101
96
100
98
102
103
95
99
95
97
97
99
95
99
95
102
103
96
95
103
104
105
98
98
95
