400
40
56
71
73
62
55
62
63
43
62
78
79
78
43
44
70
56
73
48
41
64
53
51
59
57
79
67
72
76
70
72
78
62
45
67
40
55
73
53
68
78
66
53
71
59
60
70
45
45
73
63
44
67
62
66
64
66
74
73
63
61
71
62
58
58
69
57
66
57
60
58
78
74
59
57
44
60
60
59
64
56
56
56
54
43
74
55
76
72
48
65
56
46
56
56
59
63
48
76
70
49
61
77
77
63
48
44
58
41
68
55
60
69
50
53
46
53
79
78
58
55
48
52
74
69
64
48
48
47
68
51
74
74
63
49
73
47
58
66
69
48
41
53
62
66
54
78
46
64
59
60
63
64
79
60
66
55
63
76
64
49
45
49
62
42
40
48
57
55
66
67
58
47
63
41
40
66
74
54
67
59
75
61
50
49
55
55
61
62
51
57
77
59
55
42
41
79
59
54
70
41
63
55
64
60
57
40
42
42
73
77
71
77
75
71
53
66
75
51
48
42
77
65
73
79
71
65
70
61
61
71
42
76
77
70
47
77
64
65
54
64
60
59
40
43
64
70
58
72
77
47
64
51
75
49
72
73
78
42
54
67
69
72
53
75
51
51
74
79
49
50
49
47
54
76
74
55
47
55
74
74
65
74
57
64
76
45
54
68
61
72
49
66
40
73
78
48
79
79
47
74
60
57
69
54
71
74
74
51
42
55
50
56
76
78
69
71
45
54
42
66
47
55
41
74
70
46
55
61
72
77
77
52
63
66
59
45
47
69
46
41
71
58
66
50
59
48
55
69
48
46
48
73
48
75
43
74
57
44
59
78
67
75
71
73
40
69
74
57
48
47
51
78
49
71
40
47
40
53
44
52
52
70
74
49
60
75
63
41
67
54
45
53
57
68
66
70
79
62
52
72
