270
90
2342
1012
1726
996
1245
1097
2027
2663
2117
1969
1052
2295
1507
469
2113
2099
241
148
619
2389
1237
1544
1399
748
1958
807
367
1262
348
637
1998
276
2438
771
1690
464
1218
998
103
1385
1706
55
2680
1232
2334
1493
111
2588
831
1468
2569
2402
685
732
739
954
867
2044
2553
293
609
1406
880
1301
1195
2231
2068
2649
828
2276
2163
1
1628
460
1175
1954
52
1691
1199
763
1098
665
859
170
1156
1068
205
1453
1419
255
1298
2393
1932
140
582
656
1014
1022
1646
1225
1185
969
1294
2656
1297
1974
2537
854
1443
2570
924
2288
1828
713
2070
247
2533
1782
695
669
110
2206
261
1740
1375
2197
175
208
1237
2411
208
886
1812
1761
940
2074
2585
1970
156
745
2655
2077
8
805
2625
1889
623
558
2151
1568
507
2095
2034
544
193
1765
1907
1150
1807
2241
1743
1368
2539
2506
1506
243
2280
2256
2153
1684
1092
2686
451
2097
103
2680
57
376
1613
2226
1335
2540
91
186
1333
2221
3
1750
35
432
1244
1132
516
258
692
1748
2388
468
1579
556
1551
77
1793
2681
937
1941
419
2176
1709
744
1393
1945
2391
2573
1578
1587
1668
101
2375
1904
2288
2590
989
1389
2224
1507
1072
777
1939
193
105
1229
113
224
252
1556
2404
1487
1200
2681
1363
717
2665
335
2386
265
1495
2634
1369
1983
1531
974
1118
2317
501
30
1665
851
2279
1006
361
1884
2083
1142
1820
2083
631
798
2164
2335
