500
50
1421
3864
2444
3328
1524
1060
3505
3113
4504
1588
1667
2847
1963
2363
3551
4008
1236
3130
1109
4865
3540
4260
10
1906
2120
4445
3640
2994
2642
1668
2021
2458
3241
3306
4025
4102
4922
120
2637
674
2567
3730
3506
2163
501
1021
413
2345
3807
2260
2017
3185
2731
1617
110
4075
4801
316
2075
1678
4093
2339
2033
1142
3982
704
2826
1210
1780
1028
3056
4348
3147
3855
3307
3373
1581
1744
1036
1734
2735
2304
152
494
4432
202
782
584
535
4682
2213
2285
929
4313
1343
4041
2973
1115
4224
2506
2735
309
659
2919
866
2344
4309
4305
2563
2163
3621
3742
151
539
2693
1956
4672
2151
4601
3741
3929
4046
1733
3429
4605
789
993
1901
3878
4593
3552
3193
933
4100
535
726
586
1678
1825
1679
1077
1521
3582
217
3932
3045
3289
4063
2132
4420
2506
3718
4508
2192
4288
1132
1485
2709
146
2983
1175
2535
2200
1849
2093
3756
1759
1821
3035
1856
1787
1603
604
1467
2894
437
1098
993
3210
2086
548
281
3654
2733
2115
4705
3915
4500
1368
634
4965
4914
3529
733
1585
39
2516
1326
3041
1564
2846
159
4907
551
3690
2370
4008
1710
342
1987
4660
1459
3818
3337
3565
2224
2356
1347
3028
4996
3991
1866
4125
1523
3634
1362
2648
4903
2357
1049
292
2222
3996
3101
4984
283
1134
3171
4481
1454
4120
296
2571
238
4843
2895
525
274
4868
3803
3646
720
2417
3998
590
2196
3211
3555
2256
2651
4949
2570
1554
4791
436
4682
1893
1831
1308
488
1710
3795
567
4228
4372
3383
4175
2584
3580
3618
1892
4789
2576
1630
1592
3339
1864
452
115
2570
3716
4795
299
1430
739
893
1199
3146
2398
2830
2504
4373
419
489
366
3389
4715
3074
4769
3667
1254
2306
540
4732
2017
775
978
1383
1098
4740
3072
3330
2442
4323
4290
2007
2831
2409
4465
5000
4824
3998
3912
4084
2339
3202
2842
279
3476
3587
2453
4657
1750
2777
2407
4344
4672
3757
1745
2327
3671
4981
2025
3806
358
2050
2755
625
603
2995
667
2171
3960
2329
3252
3477
4162
4177
3384
375
352
3275
1890
4391
2772
422
3459
1252
3543
3456
262
98
2032
1636
4881
3605
839
4977
1932
3665
364
1162
653
4073
1232
4549
2242
3314
4064
806
3292
986
3608
2297
1910
3255
871
4892
482
2247
1420
4647
844
3786
1609
2131
4017
2113
1119
4835
4097
4762
3143
3874
47
4872
2718
315
3748
1448
2001
4857
3335
4792
1597
3483
1966
118
561
3014
20
4093
2203
3404
1807
1230
2357
4608
4736
193
3486
3280
39
2754
4527
3243
1035
4407
2955
2702
4329
4842
3854
4793
4118
2652
3852
706
4023
3171
4795
1344
2372
4534
2822
1214
1844
2174
1111
431
2491
311
4325
916
54
3841
4579
273
3956
3912
2087
2656
1867
284
827
1811
1657
72
4611
4010
