450
30
4297
1692
1521
1282
1679
908
1853
381
4485
396
1608
3007
1805
4176
325
704
1466
2575
1161
534
3530
2011
3805
1478
2686
2291
3268
4225
4330
4033
273
1574
2015
4145
181
3302
78
1373
88
478
3809
3000
2685
3121
3621
1564
3125
4290
1739
4365
1800
189
456
580
3956
3908
109
2563
2193
399
2882
4498
2591
3463
847
718
1312
4037
1857
3041
1518
1454
117
1005
1819
3792
1057
1220
143
4394
1985
2003
2041
273
3136
2263
3893
1913
414
3650
3470
3259
1161
3559
1954
4262
3785
3593
4484
3480
951
3109
2922
1117
4337
2179
2949
589
3578
1217
143
3510
363
4464
1441
4064
281
1717
797
1323
1676
3931
233
1453
2244
2770
1959
2459
994
2822
4046
1142
2452
1216
2253
3781
3537
145
896
1056
1418
4175
4240
4316
738
1989
2603
4327
2493
3755
1148
217
4027
4455
1364
3548
3420
269
4250
1173
69
865
101
148
4295
556
2469
1535
2824
1179
4391
1287
2286
2622
2010
1622
2412
3839
999
2287
1062
2405
2036
811
3752
4287
1876
3181
2669
2595
2107
2416
3882
4454
4176
3628
1818
1033
154
2879
4409
510
2196
3989
325
1019
1435
1176
873
2728
627
272
3373
3085
4359
4350
1727
882
3609
3488
2213
3692
1940
1119
1787
2724
2977
4163
1891
1043
451
4398
3213
3809
3243
3930
2315
2761
3368
1401
3822
2733
1160
1386
3467
2327
2245
778
3018
3225
3753
1482
1193
4356
694
934
1689
1611
4418
3066
414
169
2869
595
1732
3045
1572
2293
3421
610
696
8
2229
965
2929
628
1343
597
1214
3526
821
4045
2427
1243
97
2557
1242
1547
1624
4427
2252
1763
3181
2872
2385
825
3932
3856
3693
307
3094
3619
4189
1448
3252
2097
4172
3765
2251
4254
4025
2525
4423
3434
3624
2087
1189
697
3208
818
636
2550
956
235
4238
1208
2289
3253
179
1691
3729
4364
2320
1767
631
2719
1598
1447
241
462
2668
493
1736
4124
2221
2618
4030
2360
2562
2205
3813
3544
3934
2923
576
3647
3915
3053
162
2781
1595
2555
2380
2446
3204
4482
665
727
2730
2799
190
3772
302
3089
2651
2567
694
851
2831
3683
4061
3863
2614
4144
488
223
1686
3658
3905
2355
2989
1024
3537
2688
2533
2145
2437
3817
1948
2001
3039
3292
2701
2376
1312
2219
2459
2116
269
1660
1250
102
2043
2900
4087
1930
2691
2946
4156
1048
899
951
1234
3144
3572
3775
851
4198
1414
2972
4237
938
563
1345
3640
1853
3406
4249
2100
226
1782
3791
145
4346
2855
158
2434
4391
4216
1165
