300
30
37
51
41
45
52
47
46
54
56
47
38
52
35
44
52
34
54
41
30
30
32
32
50
38
54
38
39
30
43
54
51
52
43
46
34
59
43
30
54
43
44
48
58
41
47
32
57
34
55
55
50
42
34
50
35
48
44
43
35
59
30
30
45
58
39
30
46
31
44
55
40
38
40
42
33
42
33
42
57
41
33
44
50
50
34
56
59
48
46
58
53
42
33
38
50
47
31
43
41
45
34
38
49
45
39
32
37
30
47
50
48
46
33
59
46
36
58
37
43
35
47
36
31
49
35
37
33
41
54
52
38
45
48
56
43
47
51
31
30
39
40
33
53
39
40
42
56
50
31
34
48
47
47
38
43
43
53
57
53
38
32
55
56
43
41
30
49
48
39
51
52
57
52
52
34
57
58
31
42
46
35
39
45
54
35
31
48
38
43
40
32
37
57
50
38
52
53
36
34
58
51
32
54
56
59
48
57
58
42
54
38
37
31
56
58
31
35
38
48
39
55
46
48
51
50
55
55
41
30
53
38
56
48
43
45
32
35
44
32
54
57
56
36
51
47
40
59
39
35
55
36
45
40
38
46
44
49
39
51
50
35
54
50
38
34
59
33
44
46
33
33
32
46
35
46
51
42
58
35
59
51
51
43
47
42
37
57
37
32
46
58
58
59
41
50
59
49
58
59
45
