600
40
29
75
39
35
48
9
20
67
33
9
74
16
29
55
61
58
88
10
73
8
21
51
69
33
79
94
56
10
52
36
52
73
48
39
21
98
10
58
71
43
97
67
13
39
62
23
97
96
85
81
75
11
10
81
97
61
24
14
6
62
4
47
28
81
70
32
17
26
56
15
20
58
89
4
46
17
11
94
27
4
1
46
39
10
52
84
9
39
79
14
75
62
8
4
71
61
54
77
88
67
96
20
99
71
26
100
99
30
9
71
5
39
49
10
53
11
77
1
91
34
30
75
91
65
51
55
13
46
48
92
69
70
27
69
51
48
80
12
5
69
48
74
3
4
86
71
40
18
76
61
89
94
100
96
61
89
76
80
16
75
30
19
13
73
34
44
31
72
63
54
5
87
90
68
49
24
83
41
32
12
1
96
58
36
11
59
22
26
89
10
15
49
74
97
84
18
67
95
35
82
10
84
23
10
83
1
5
72
11
80
92
44
9
99
73
76
83
48
100
51
74
98
6
19
62
66
21
58
10
3
94
50
87
60
1
33
80
7
9
91
57
79
21
1
45
72
57
53
29
82
4
72
54
9
5
67
49
4
9
47
10
23
72
64
73
47
45
37
45
65
95
89
1
20
19
7
74
19
78
53
5
83
50
49
69
69
11
63
58
27
20
75
100
26
55
80
33
78
44
50
45
97
53
21
78
98
4
100
82
88
7
9
26
25
22
24
21
11
36
42
34
60
92
36
45
61
50
55
93
28
26
13
40
5
82
39
16
31
77
3
35
81
39
17
65
74
87
31
41
79
98
22
14
22
69
12
97
55
1
73
37
21
17
47
20
84
46
53
65
90
28
54
11
4
36
31
77
42
76
68
12
100
15
66
37
39
41
73
80
12
23
55
20
72
14
34
2
96
23
78
26
80
69
13
17
18
1
82
60
69
57
58
87
26
61
57
60
27
19
47
84
27
46
16
11
48
60
70
32
50
32
73
28
66
41
21
23
84
47
63
14
90
57
54
18
87
15
6
20
23
92
41
80
63
72
47
98
97
41
99
89
54
49
60
16
20
31
64
72
99
60
90
13
5
28
90
26
58
40
99
26
13
12
52
42
58
73
25
37
32
83
38
13
68
76
59
26
88
60
94
8
74
32
17
56
25
61
5
31
17
8
21
67
13
39
65
79
90
59
76
24
30
42
2
50
48
95
36
53
45
80
92
66
23
33
13
32
1
81
78
56
73
32
61
95
51
10
21
41
59
68
48
34
6
98
10
51
84
57
32
15
63
78
90
72
85
25
29
12
97
79
1
79
91
68
58
70
21
22
67
28
26
84
45
22
87
7
8
99
54
31
33
25
97
12
70
54
61
39
78
