300
30
8
36
5
46
57
34
24
9
55
20
9
18
53
10
52
46
28
24
46
28
32
57
38
59
19
44
32
6
11
21
10
18
53
18
16
26
24
49
50
5
31
17
22
32
14
29
17
28
34
56
8
16
47
3
58
36
18
1
40
52
46
59
53
47
51
25
39
41
41
40
11
38
57
18
10
53
47
37
56
29
30
19
27
53
34
51
10
56
16
6
39
11
7
10
39
21
50
32
23
9
50
16
21
38
26
7
20
36
57
7
46
30
47
39
10
54
30
33
31
11
27
34
26
58
1
4
8
25
24
12
54
29
8
27
44
29
53
10
18
44
56
36
57
37
11
43
26
30
32
8
37
15
15
23
8
4
3
13
40
1
49
40
5
24
17
20
52
50
25
5
35
21
28
15
44
21
32
18
5
17
21
28
26
59
50
26
54
20
55
32
5
4
57
52
25
13
40
18
1
43
40
4
55
15
40
3
12
59
23
4
49
24
35
20
18
25
5
39
21
42
27
51
6
34
23
13
43
13
10
55
41
34
34
43
59
53
1
59
45
48
29
20
38
6
45
36
21
42
1
26
47
12
19
28
2
52
11
13
35
4
52
58
50
50
47
32
28
4
37
27
14
25
27
31
38
6
16
11
17
42
21
55
34
23
38
45
51
3
46
31
40
20
10
47
29
19
18
30
38
7
