600
40
71
42
45
75
42
50
66
41
79
46
62
41
66
60
78
66
67
71
45
71
70
76
77
49
78
55
65
78
49
45
79
57
48
56
46
75
40
61
57
79
73
61
79
41
72
62
56
50
74
78
48
72
76
42
61
46
66
46
49
65
79
74
57
40
73
45
62
47
53
52
57
72
79
41
59
44
52
55
79
61
52
70
47
62
53
57
77
75
69
59
53
62
61
67
41
57
53
65
64
47
57
63
59
57
56
67
68
70
57
43
63
66
45
60
47
79
64
63
67
58
72
59
59
57
54
77
79
61
71
56
79
65
66
68
50
63
61
62
79
55
56
65
69
42
76
68
65
65
56
71
53
68
57
41
59
60
77
62
78
62
51
43
74
71
43
48
60
48
66
44
67
52
76
59
57
73
52
53
72
73
72
78
68
51
44
61
54
43
78
68
51
47
53
42
54
44
45
71
60
41
43
56
62
42
41
63
57
57
64
58
43
70
47
70
70
46
79
60
56
40
75
50
49
54
59
66
55
45
60
75
54
78
69
42
41
46
64
56
41
47
63
40
57
40
75
45
72
77
73
55
62
66
40
46
69
77
67
48
77
50
57
58
60
75
50
61
58
63
44
60
77
50
76
45
49
52
46
60
76
78
71
72
49
67
43
43
49
72
66
74
47
49
78
57
67
54
61
79
64
41
79
46
49
57
47
49
46
60
79
40
44
68
42
54
66
55
42
45
41
47
61
68
59
78
79
57
74
57
41
57
44
61
71
71
53
71
66
62
78
50
79
57
44
41
48
45
64
53
48
49
77
43
54
44
50
51
79
55
58
71
77
78
66
69
59
44
60
41
54
41
60
54
64
40
68
72
48
72
63
66
74
44
45
59
67
52
58
49
69
72
45
45
61
48
60
79
60
59
67
73
60
44
55
64
60
41
45
71
51
77
73
76
45
79
77
77
71
68
55
68
56
40
64
41
73
41
64
79
72
79
73
51
63
42
51
57
74
78
41
41
53
72
48
73
66
40
54
45
43
72
56
46
79
71
65
65
76
55
57
44
67
57
42
50
54
72
61
44
76
67
49
54
46
77
52
57
57
40
69
78
69
45
59
41
69
76
45
78
59
73
77
49
73
54
74
72
77
61
65
77
44
73
74
63
64
75
71
43
44
56
51
59
47
59
73
75
45
53
46
69
78
64
40
63
40
61
64
48
70
54
56
53
42
44
55
45
65
63
66
70
46
72
50
44
75
71
53
57
43
41
49
69
74
52
61
41
62
54
48
58
77
60
50
68
43
77
52
59
76
46
46
65
41
56
48
52
53
61
73
64
69
59
61
50
54
42
53
41
60
48
75
76
73
49
59
49
76
65
55
54
