1200
80
1
80
33
48
62
26
24
39
31
34
24
53
16
55
49
3
21
3
72
55
80
23
58
97
56
81
40
35
22
95
41
62
100
39
51
16
2
27
84
57
54
48
67
19
55
18
85
64
96
70
94
55
24
2
19
96
3
20
95
71
52
72
46
28
38
13
20
29
30
24
94
5
71
11
61
17
71
55
71
56
19
98
5
42
43
48
79
79
27
94
9
83
74
42
15
76
22
87
90
95
74
64
11
12
28
50
65
76
97
99
32
54
66
26
52
51
7
47
67
84
47
86
18
33
5
39
90
44
70
46
66
41
92
39
78
87
86
22
73
68
35
6
28
19
68
46
49
24
41
69
85
49
8
24
37
82
30
60
16
61
14
48
87
86
69
27
48
38
30
51
4
89
99
13
46
92
22
48
49
96
85
95
56
37
60
36
52
89
11
79
49
44
23
10
30
65
55
19
94
86
80
72
66
81
12
25
54
32
57
15
78
3
39
2
68
30
84
63
70
98
65
81
69
16
6
53
49
30
16
38
16
52
36
75
57
91
49
50
86
44
68
65
13
46
77
68
99
21
98
19
10
73
11
56
10
19
22
14
36
75
63
34
3
29
9
57
47
23
73
44
41
47
22
29
74
48
66
42
40
52
31
83
97
39
69
61
57
43
79
19
6
29
99
76
38
47
48
37
31
66
33
57
26
47
11
38
22
95
6
60
32
42
92
86
42
94
26
52
55
85
12
71
34
94
68
70
13
73
86
44
14
77
40
46
73
45
28
16
32
27
15
59
91
4
92
38
24
23
76
74
29
39
41
83
51
60
51
11
92
44
84
79
72
40
81
66
17
33
70
30
79
93
2
85
63
72
9
57
15
52
4
40
27
24
80
95
90
56
57
3
64
3
81
52
13
98
26
52
18
23
79
17
79
44
16
93
73
68
5
38
40
26
9
37
50
64
72
6
80
8
5
24
22
17
5
85
65
33
85
19
2
79
63
33
14
56
44
90
33
99
16
67
72
77
48
18
21
36
88
88
93
46
79
3
39
15
34
54
76
53
56
89
39
59
78
27
75
24
62
61
94
87
48
72
67
26
25
41
86
5
82
36
23
58
58
92
8
100
29
67
76
32
69
80
34
95
71
54
81
72
75
79
15
72
24
31
96
36
24
14
19
35
11
54
1
83
18
51
64
50
41
81
76
67
76
80
14
21
66
51
77
74
46
96
4
41
68
71
23
87
90
82
9
95
30
54
20
68
22
47
10
81
63
68
90
80
46
5
30
42
61
35
63
54
17
15
48
94
87
24
82
24
66
57
33
13
91
96
16
57
31
31
77
32
46
98
29
94
66
55
75
8
31
32
46
83
36
88
8
22
88
64
74
41
72
75
16
72
29
28
13
18
61
99
33
27
71
52
24
29
42
60
79
75
88
38
80
36
33
78
45
97
64
83
15
77
45
44
74
20
43
94
42
94
96
75
91
5
30
49
16
90
66
99
100
97
60
32
83
86
88
97
47
96
34
30
91
96
23
22
65
23
51
47
20
63
9
11
23
1
62
62
29
8
45
94
72
4
27
10
23
37
43
57
12
26
2
45
14
88
6
78
56
66
57
57
31
49
78
46
38
82
16
43
30
95
45
94
89
87
41
54
68
75
26
87
86
52
71
17
27
58
81
20
52
7
9
4
68
10
21
85
58
39
34
20
79
2
90
83
94
44
31
54
70
48
4
49
27
43
50
60
14
5
18
35
73
99
53
42
69
58
76
9
95
17
84
73
1
18
19
6
98
44
5
91
19
36
11
3
98
29
43
67
92
59
69
46
78
2
62
84
83
78
89
59
56
43
81
49
22
96
30
38
81
30
56
16
67
64
41
37
26
88
4
19
90
3
49
100
51
15
43
39
40
20
85
19
91
5
45
17
74
84
33
45
59
12
43
26
18
6
54
10
70
69
28
94
74
54
53
12
60
63
48
12
45
90
11
46
75
28
54
49
78
74
4
72
93
15
26
57
88
41
41
17
81
81
84
57
10
33
44
75
11
29
91
11
8
50
8
45
6
40
98
40
51
10
25
71
92
11
27
100
75
33
49
21
43
3
6
76
93
41
63
51
75
69
95
79
30
9
76
43
46
83
60
7
82
92
61
14
22
25
54
4
41
97
18
96
67
7
71
97
31
74
87
28
64
67
99
41
16
68
11
91
72
100
93
1
55
66
75
1
79
12
72
71
39
49
59
89
81
33
92
60
36
2
59
8
21
25
81
83
91
1
31
52
43
31
54
47
33
84
90
28
67
3
58
11
51
25
89
12
31
39
94
77
40
68
71
56
70
51
90
9
48
83
68
74
36
50
13
47
51
45
89
30
85
89
37
17
15
69
41
22
24
64
79
96
31
33
82
42
5
32
48
27
64
53
41
53
17
10
11
21
80
68
5
88
45
31
26
60
19
6
49
3
24
35
69
62
44
91
72
93
62
57
99
94
34
50
100
97
48
28
92
88
59
85
92
69
35
55
36
92
64
71
29
58
68
75
38
97
5
71
5
32
5
91
76
99
7
72
3
14
18
87
55
78
52
38
54
16
84
3
5
21
90
18
45
73
66
62
75
65
21
83
77
25
95
63
93
50
91
37
53
49
85
81
88
31
92
46
54
58
86
32
43
15
43
58
52
20
22
63
32
2
25
29
100
56
17
82
34
9
79
62
61
59
26
61
59
83
49
3
7
35
99
74
