600
40
1548
5401
82
2311
2865
1160
2546
818
577
1374
1561
4830
2469
940
1306
2015
4561
2618
4777
5925
3848
2570
5905
3820
3517
2267
3198
3413
3175
2857
5480
1886
4169
3231
4635
3397
4633
5209
3999
5012
3659
2038
2407
4439
2553
2443
2241
3417
5916
5835
1264
1977
4221
5670
2094
2170
5609
884
66
3328
1564
2984
472
5415
3222
1595
830
1860
3042
1287
5822
2342
1092
4408
325
1050
3757
3366
2470
3103
3890
5808
3635
2420
719
3963
1792
4904
2847
2463
1769
3446
158
3941
3085
2657
5681
399
2941
5687
4277
5871
2906
4933
5570
5689
2832
4170
3392
2841
266
3591
1268
4409
5387
1341
1291
389
5272
527
111
770
334
5416
5936
2206
3731
1514
5486
5532
2201
2977
1698
3988
2384
1875
651
876
2358
5794
713
2158
2751
5527
4752
5081
5117
4156
1056
3818
5372
5642
4522
5172
5428
459
3422
1459
1104
2208
3229
1210
3397
2694
1767
1291
3536
5772
2889
5546
315
3209
721
1271
4752
4607
4198
4399
2723
5333
1187
5674
1365
836
2991
4995
5136
3089
2109
5243
2199
5367
4807
5140
4099
5479
5968
2640
4249
4430
4960
3076
405
116
4576
1650
4738
5275
3542
5621
1503
2821
4643
5585
1447
5113
5238
1698
3301
5938
3308
3183
3966
2628
4594
273
4797
5075
2781
323
1592
5659
4230
1671
5292
5707
3547
4606
382
4693
5554
98
869
5404
485
4473
1631
5766
5749
73
4880
4809
1921
5584
4996
1314
3601
1527
1704
1988
1247
3171
2688
2328
3901
3105
3262
2186
5302
1137
2983
147
787
2487
5662
2098
2901
1415
4629
1468
5769
901
173
1836
3875
568
4604
1437
4455
2543
3623
3127
5663
5864
4276
5815
100
5030
3532
2914
4315
5202
1828
3836
3458
2249
43
4440
56
548
4375
5320
4106
5140
4725
5246
4741
2664
819
4762
1382
962
4650
3619
2972
2767
4404
1259
1619
351
1615
4628
4408
3951
2311
5677
5521
5302
4362
792
1353
1050
5723
2720
5183
2053
3789
3859
1819
103
2797
5476
3757
2267
1975
1862
5945
4687
4539
582
459
3454
4784
4423
2129
917
3552
2940
1083
2427
2163
2329
3630
3968
35
3206
2232
1967
3223
3140
4871
5586
5751
161
2295
5726
4410
5685
12
3530
2980
5418
77
1608
4513
384
447
4373
3795
4238
2013
2862
923
5626
5835
4533
1093
3960
981
3554
479
253
1601
1206
2448
1632
1188
2115
5155
4586
5166
4032
3064
3369
695
1858
4292
2939
3448
1194
3957
1929
2485
1907
5671
1125
1169
2493
3984
165
2590
4523
5562
3051
814
4703
5735
3762
685
2256
3428
2971
3209
3695
2347
3454
4966
947
4192
4220
5929
4104
3637
5778
518
4539
1062
2886
1991
4537
1378
4827
1693
4089
3086
5600
919
4908
5064
739
4930
1750
3339
5462
5000
667
4846
4102
1446
1194
1620
5687
5428
3786
2816
5303
2610
723
5739
337
512
4817
260
2605
4697
1399
4531
3132
540
5621
4658
2483
156
615
3309
3019
499
1333
2253
3344
5952
3919
5069
5837
4629
4178
171
1385
2271
5282
4718
2339
5721
5049
1651
2055
634
1085
2357
2571
572
1976
3327
1806
2989
5085
2845
3934
2384
4702
2065
2908
3503
3726
639
2524
3470
996
5435
3049
5830
3254
3266
5669
1133
4738
2996
3356
5872
4806
5195
1479
2163
254
3951
5460
1812
2129
43
12
5460
3902
4480
3681
5187
2722
312
1005
4358
83
1839
5784
4541
1238
2805
5080
1723
5975
4848
406
