500
50
69
80
97
57
51
71
61
63
56
95
90
89
53
83
76
51
89
62
93
88
71
67
73
66
55
73
50
99
75
85
78
69
69
75
77
90
94
55
51
51
61
60
90
54
98
67
54
76
93
62
50
82
61
68
92
75
89
83
81
62
94
50
68
60
70
83
93
64
51
54
93
96
70
68
82
90
91
79
69
58
91
58
73
56
90
94
53
87
70
88
89
88
66
76
86
96
80
65
91
84
81
96
62
85
99
75
82
69
60
80
50
82
86
51
53
95
85
54
63
97
73
58
52
76
84
60
91
65
78
99
62
71
95
58
52
59
85
89
63
86
68
90
96
71
84
77
62
67
54
73
76
70
79
62
65
55
65
83
84
73
90
76
76
80
65
72
55
94
64
51
85
82
94
63
66
94
59
56
53
72
91
88
59
64
94
65
84
90
66
63
75
71
50
57
51
76
50
70
52
83
99
92
69
61
92
61
62
93
94
82
66
64
55
97
85
71
52
80
92
86
67
82
93
87
56
62
68
67
99
93
99
77
68
96
82
97
95
94
64
55
83
96
92
93
95
91
54
92
82
57
74
67
54
76
56
65
79
99
72
99
93
98
61
94
85
71
59
70
56
89
81
60
64
64
63
64
90
98
87
93
51
75
59
51
71
97
67
91
66
54
74
82
54
66
71
69
82
73
78
84
57
69
87
66
76
80
78
78
52
82
68
58
66
99
56
60
58
63
89
85
53
69
51
52
54
59
55
75
72
67
78
51
77
71
51
57
70
66
98
98
95
52
66
57
76
84
54
51
50
77
83
88
65
82
69
65
54
76
82
87
53
90
99
62
84
55
58
71
88
87
97
76
73
91
60
55
73
88
51
86
87
98
74
90
77
98
90
69
96
97
90
78
62
93
81
70
82
61
63
58
70
55
81
95
61
82
56
90
73
87
62
95
96
50
97
83
54
80
75
63
98
90
66
93
78
77
97
72
97
85
81
83
75
71
56
68
52
62
90
51
51
87
51
50
57
77
54
76
68
83
58
96
87
75
72
55
96
52
92
88
58
97
55
74
64
97
68
93
88
76
72
97
94
77
53
80
70
65
82
77
69
79
53
96
97
52
87
58
72
54
54
81
54
69
73
88
77
86
77
73
