400
40
43
54
55
33
37
66
56
60
34
35
75
32
64
56
17
67
14
54
62
66
32
37
22
27
74
6
35
52
6
9
18
53
9
46
16
59
24
57
62
52
76
35
76
55
54
36
67
43
16
44
12
6
54
59
44
40
10
20
63
50
72
59
66
69
15
19
31
54
14
7
5
55
3
31
55
2
9
10
46
17
55
13
35
42
74
67
15
65
40
30
32
46
70
63
24
53
29
14
32
13
37
60
3
63
68
49
24
11
11
5
52
30
69
26
52
74
77
37
25
7
47
9
21
77
10
23
8
30
44
48
33
9
62
77
63
64
65
73
29
68
8
62
28
75
66
35
79
55
48
56
57
3
75
50
23
79
64
22
73
26
35
7
47
38
43
67
59
10
64
27
19
61
60
15
62
33
38
54
12
56
26
4
13
65
58
77
31
74
16
51
62
16
39
8
12
22
7
9
31
33
62
42
72
16
65
66
78
7
58
7
25
18
27
56
73
49
43
29
47
49
40
22
45
49
9
70
44
40
32
9
74
54
6
40
79
53
76
28
73
19
37
48
70
64
34
28
56
61
51
39
29
59
75
55
7
26
47
2
51
53
79
46
65
73
13
30
70
45
3
61
49
23
54
59
56
49
55
75
41
50
66
63
32
53
40
64
1
73
26
47
13
69
29
74
7
38
66
9
47
15
7
17
30
33
31
72
65
53
34
5
53
33
40
39
23
16
46
20
7
58
17
8
20
63
19
39
34
2
62
25
14
52
53
68
1
78
60
30
46
25
28
15
64
2
32
37
15
12
57
10
17
78
17
30
28
16
22
33
73
56
45
56
33
70
69
16
8
22
26
73
8
62
13
68
26
11
73
5
16
55
12
54
35
62
62
78
62
27
74
13
42
70
27
64
4
8
78
70
56
48
