500
100
126
127
114
148
149
118
193
175
186
138
157
106
154
133
110
186
183
159
188
133
198
109
190
197
147
177
191
127
190
102
181
150
108
127
151
149
164
117
158
149
115
188
163
128
102
113
168
156
108
144
124
131
166
150
184
170
147
194
133
162
130
119
159
119
192
199
152
188
142
175
129
162
167
173
180
108
118
177
128
184
147
174
143
182
119
177
189
150
189
154
149
199
117
195
151
141
125
127
164
163
148
160
153
175
104
127
145
171
161
106
138
123
107
136
199
125
107
184
181
184
116
190
154
123
181
172
114
114
143
197
196
119
126
134
164
149
161
129
173
129
197
139
157
180
194
178
126
122
141
139
194
175
116
188
176
176
187
152
125
130
109
164
193
166
145
191
175
104
179
134
140
149
178
183
154
120
186
121
145
141
150
114
168
191
198
121
184
172
132
173
181
116
180
146
141
119
141
140
102
174
165
145
190
141
168
128
144
130
113
123
172
146
191
194
110
132
166
134
163
128
125
104
139
149
198
104
167
159
167
160
180
178
196
121
190
171
173
182
167
125
190
167
149
114
169
189
132
115
179
119
149
172
167
143
112
146
118
179
125
184
160
153
110
157
152
159
101
107
110
192
136
156
123
156
133
112
182
105
191
112
127
149
118
128
166
105
142
130
111
164
142
100
146
167
104
145
154
142
158
153
155
136
133
161
161
104
153
177
170
194
189
158
163
128
189
163
123
151
110
177
143
156
103
101
134
173
154
195
170
134
176
129
193
121
109
182
138
108
183
186
173
124
146
124
112
122
168
178
148
173
140
158
166
197
199
161
125
151
144
186
140
168
191
131
168
178
136
173
190
199
104
179
197
169
173
123
125
160
144
103
151
150
157
141
146
156
131
147
165
189
130
108
197
162
172
176
179
197
179
195
166
165
132
170
123
169
161
152
111
181
156
129
162
192
137
167
123
191
101
165
133
139
197
175
112
148
139
192
199
169
162
139
197
173
101
110
180
133
127
114
130
176
112
160
143
112
162
161
183
100
177
115
142
149
136
107
107
106
187
192
190
170
150
145
144
176
131
122
118
136
119
123
103
198
107
178
113
190
109
129
164
179
183
184
149
156
110
130
134
150
167
106
189
169
147
163
149
112
148
151
