181
90
39
31
96
64
63
30
23
85
69
62
80
7
50
17
83
26
60
63
51
31
25
99
85
87
43
30
87
29
12
37
33
10
51
31
36
25
38
22
90
22
96
55
23
97
90
96
58
18
49
98
94
36
24
39
70
2
33
77
21
88
97
63
37
86
97
12
97
40
84
18
49
5
54
25
33
4
1
99
61
22
63
72
96
83
52
95
44
46
2
37
95
4
31
83
85
67
53
60
55
15
85
10
65
73
16
12
77
99
18
96
68
98
100
25
57
23
71
72
32
55
43
34
79
52
49
90
73
86
13
9
48
20
3
87
70
39
86
93
54
32
16
65
64
14
50
59
100
40
22
70
43
30
80
21
40
75
99
5
76
81
94
61
10
43
14
17
4
41
25
13
47
87
61
97
75
95
96
59
39
81
3
