1350
90
13427
9345
3681
2807
12099
2047
10476
12289
8306
10181
7540
202
11476
5989
9276
8953
2113
12880
10008
8705
9920
4093
3625
5185
12467
463
13276
12435
5131
1579
8236
7652
12323
9558
11662
5243
1238
1056
4757
5651
3759
9414
2436
9056
7853
11865
832
10369
10766
10188
2800
535
821
4795
7752
59
1283
13436
6866
3984
1666
1775
12896
172
10121
8873
13130
5510
3249
10022
2423
8437
3185
3593
6607
6956
4670
8727
8370
2164
7635
568
12654
5388
3458
12535
3177
10371
5914
4594
8332
9230
6906
11658
2290
9728
12785
2921
6641
2239
5599
13419
8808
6480
5478
2155
10480
1113
3625
4161
8080
9231
3500
8677
2901
8891
1495
8138
11356
2925
8376
10722
166
8716
2193
11613
11010
5221
1649
7703
3502
4311
11784
3456
2718
1614
10419
5646
8481
2817
2724
13320
12440
134
10945
398
68
6792
6211
10217
10861
304
6302
6497
3276
4900
8786
7645
6244
9622
8668
4792
10951
6326
7308
3723
8443
516
11075
2051
8976
1508
11453
6960
12631
4720
7726
2208
6666
11608
2364
7005
9775
8920
2794
2590
10572
12533
5056
2130
7718
2473
7503
3472
13230
9562
1435
5898
259
4903
11460
9862
1071
5860
11518
6780
584
8841
3591
5658
5185
7636
10899
12117
3965
3050
7939
6212
7833
9626
5046
6156
1087
3995
12434
820
253
12707
132
11272
5887
6773
7274
4165
13236
10893
3965
4697
8697
5852
6151
12767
7899
9235
2129
7390
10713
10784
8531
2324
3505
9457
6909
10872
3191
8786
6042
11967
5146
11437
12955
5215
6144
320
2112
3104
4012
12239
11547
4182
1912
6987
9742
10946
4696
4369
2285
3578
9560
9110
8393
3910
3749
9091
9458
6716
2271
10791
5893
8670
4242
12705
83
4496
4870
7948
7556
6641
9242
9680
6618
6427
5426
10690
3802
6598
9740
7988
9859
2185
8746
3882
12044
8484
10855
1218
10889
6479
6149
8678
9886
9365
3837
4241
58
4639
12678
6089
13150
13400
2234
2954
10160
12716
3491
6247
12338
12917
10855
6659
11764
13492
1558
12234
8935
7645
6963
1321
5151
34
7138
2384
8391
9090
12328
311
7338
6593
11033
2253
915
4634
7712
4789
4474
671
906
5127
3775
10784
12152
833
5906
9420
394
4775
12260
993
11545
2832
13202
11648
9142
3287
1210
7909
2132
12371
11757
12300
7044
7060
13096
11549
1704
13188
11897
10448
612
12809
6776
11554
5396
706
9419
8234
3136
6478
11446
7538
10078
7428
2085
8145
4390
153
4446
13407
9484
9841
11632
10785
803
4965
11280
4112
5158
10551
5615
1472
7044
13225
7846
7779
9659
10307
364
11315
10369
2462
6874
7914
940
9161
7956
6289
10897
12295
3063
3234
13195
13123
12533
6190
12785
4172
1885
1145
440
10756
4983
1374
4910
2563
12792
10344
2234
6406
3208
8759
12682
23
6555
12585
11933
8685
2618
8880
4272
3149
7203
5964
9092
10549
12836
8314
10787
11530
5653
13284
8054
6232
10250
6475
11977
4673
5828
3819
8376
10121
4278
6253
2081
8659
1102
2705
2310
3009
5506
10452
6070
6457
11803
6393
2306
681
4444
368
72
9284
7793
9564
10700
1932
11445
5944
4016
2945
3571
6490
4603
2756
11990
561
3110
11764
550
9718
6731
11898
13449
3479
8303
1984
476
9861
5516
6459
11699
300
1464
2821
11432
1941
1531
1700
10646
7555
1896
5492
7585
1020
11226
1545
3722
82
5222
11891
3123
7058
2283
10106
1318
4084
9088
4755
11151
12429
4510
8431
4734
1016
9392
13225
1801
6884
10007
7031
2166
776
13061
3646
6372
8687
3502
11269
5732
12219
8975
10257
1613
1135
12185
607
6725
6171
13227
9628
2573
8882
8186
8030
12598
11629
12798
12451
4409
1219
11929
142
5556
2940
6001
12457
10250
12263
11510
9808
4898
4107
4988
4728
10122
4522
10508
13186
10468
1897
6804
7567
6297
3486
5653
6896
2803
11854
793
3928
11397
7817
11845
8814
3037
1410
4835
9220
6599
8763
2627
2132
4556
8906
5705
10033
5019
10916
12305
1111
10098
9359
1997
933
6673
5881
7835
3149
9142
384
2420
10165
6774
4132
13415
5538
10274
11151
5163
4735
2290
9492
5151
1896
2525
4197
1618
2628
12353
3488
1700
1740
7938
12868
9876
7210
8365
9967
1528
12728
6143
1058
10104
9608
8005
4768
5586
638
4770
9482
8358
10846
528
6394
6512
4808
9522
12966
2044
11199
5350
59
9048
10745
7096
3692
8394
13055
2033
9254
5230
6136
3402
6587
12968
10064
186
7963
11470
7370
13332
6485
6388
9344
6021
5061
13344
8134
10381
764
3424
12196
11357
5801
5652
8904
8492
4393
6502
1212
11401
13325
4920
4018
6253
12909
5207
9854
9186
12406
4469
117
7116
2889
837
10767
7482
8082
7879
10346
5196
11864
504
10380
2820
2326
779
7139
11273
10254
2455
9423
3003
5069
10113
10799
8654
6974
9122
9256
5096
5902
2496
4142
12762
6779
9495
11164
5813
1748
4918
2778
4740
4686
3525
2722
8274
3669
947
7919
11761
11261
2318
3764
129
10691
2048
2614
8331
9449
9815
6267
8676
11754
2044
5558
11881
7453
4675
11936
3039
9746
12942
12195
12754
3031
13447
11420
4308
5720
8362
4108
10277
11712
838
1590
1775
6969
11623
9433
672
2017
1901
7216
3914
3049
13099
6115
2662
535
4733
10298
2613
11751
9109
12521
7482
6437
3123
126
10144
8926
3091
8631
12672
1901
8160
5129
8508
6912
2974
12123
6337
12002
11699
12596
2713
8590
3334
4279
8978
10911
5156
4904
7394
6505
6019
6560
6622
5369
8163
6941
360
9804
2018
2167
6565
3915
8320
9097
5866
2796
12769
6572
10435
1647
3918
34
10030
4229
4576
12655
1667
6672
12909
2516
12426
12806
3086
5656
6313
10148
7485
5483
7351
9983
10272
12479
5263
16
11795
10915
5654
9572
1598
3453
3911
4759
4564
12555
2
6151
12111
2835
287
10881
702
12432
114
12299
11713
1994
4112
9184
8058
12291
7135
6136
12244
12725
7216
3744
12843
5533
10194
5100
9356
11488
8287
24
4539
4575
3179
12654
5583
10705
13321
7826
9310
7207
8106
5484
287
9123
9757
11464
11742
1553
5274
974
4880
6549
12412
7957
8059
8860
7591
5334
1180
10339
11978
5805
1271
11167
4360
9688
8944
8706
10993
7821
7513
12895
7147
2735
1746
733
13316
10052
315
10969
11914
12221
12376
4880
11574
2785
9785
6734
3313
5644
4091
10
5556
3317
12303
1333
12211
13096
11920
11204
4343
12901
1256
7237
4156
8749
8148
9971
1409
13031
1449
7750
3823
7802
10522
6390
10296
11335
1319
441
254
4661
7917
12145
11882
11468
7628
2846
10401
7670
12922
13240
8300
12004
9480
5202
9206
365
2936
4921
9921
4894
4320
3212
4019
149
4826
11029
8400
11521
1642
13160
5666
2732
2231
5940
8156
4462
10089
12930
10047
8472
7613
5036
9504
8203
11131
344
337
10687
1089
7690
7108
11648
10713
8428
3175
12733
11165
5230
6187
11794
5672
378
12255
7299
5666
10906
9490
6723
1518
102
6522
914
10600
3896
2546
3793
1631
2833
13197
4514
10141
3332
11947
11405
6278
651
5949
7903
4341
5506
1383
4419
4822
191
2760
1220
11362
9265
4061
7076
3600
1586
7011
9373
4433
5742
4023
11359
8406
6297
12376
8909
12898
13075
1189
4407
6521
8107
867
11650
8684
425
9015
82
6626
3345
9681
5451
1163
11906
11032
4616
4748
2710
13209
1721
1605
6470
5012
8017
10615
12829
9396
1869
7983
12156
2073
9529
4139
2240
6593
7834
10032
13405
12598
8097
3880
1242
7449
12724
7854
10881
114
75
9096
1443
4280
5267
4021
3504
49
1761
7086
7939
481
1225
5171
5310
11393
10889
10412
6676
4774
5797
3100
4194
5677
9031
5742
12772
3294
9067
11034
8373
12232
5290
5811
412
7105
7990
10942
7243
1694
10417
8349
6399
13175
7452
3249
5306
1899
7779
82
6888
9777
95
6013
6042
12571
2534
11920
3363
8979
10729
1203
698
13287
11244
1439
8865
1241
1322
1572
10612
1792
2762
8388
8965
8196
7256
7836
4310
2327
2858
13153
3029
4883
6219
122
11295
5087
38
5718
363
12808
11981
1294
1201
5376
3240
