500
100
1270
657
3404
2111
3378
2761
915
3091
1430
1054
4370
4111
3824
703
3910
1138
1748
521
4016
2054
594
1424
789
2089
3333
4234
646
2415
3879
3326
2382
3605
1570
746
2823
1225
3018
340
3458
3713
988
4690
2620
2849
4461
4403
1136
3319
3632
3349
3625
360
3798
2267
1541
485
390
1671
1437
2778
1739
3803
217
4389
2527
3726
2887
4703
4276
4912
61
1860
4929
2911
1788
178
856
3831
2359
3103
3459
2390
3384
844
2310
3243
3052
2638
4116
3503
2834
2349
1567
4341
2292
4009
2268
554
903
1168
4327
3770
2686
734
44
966
3516
1763
853
4408
4634
3679
3853
1135
3445
2450
2091
4882
3822
6
4429
3591
3791
1388
1690
370
4605
4233
409
957
838
4981
4968
1087
3186
4862
3717
4125
1915
1088
2697
4149
1692
1637
1218
1484
733
1595
3296
3279
193
3256
2206
232
3953
2211
4165
1069
1195
4620
2538
3128
4121
462
1567
86
3175
3400
2753
3651
3606
1812
2541
2671
638
1308
1345
1323
1642
408
3764
3133
3335
2345
3706
2021
3722
4625
696
4909
2757
3628
213
4657
981
3027
2508
1343
1386
1461
1307
4863
1681
2785
3969
1983
2
2581
4156
1134
1326
4464
4128
4875
1415
1295
4941
970
2228
935
4231
1098
3320
2768
3804
4896
3938
1646
4249
1208
2421
4896
2214
2608
3961
3940
1505
755
2615
1288
4287
1534
4958
2665
2075
2156
1044
4710
4067
2922
682
2394
4123
3179
1052
3462
2907
4889
3783
2427
2260
2200
2528
2556
322
2793
3059
4654
4390
3351
3177
4509
653
3717
224
721
4662
1084
3043
4966
3744
1788
4005
626
4987
524
1212
3578
4260
4535
1940
4353
4841
3827
1435
3271
3218
3399
3171
1301
2807
3004
2952
471
4770
3088
572
132
1444
457
434
1765
2573
477
4899
3403
2270
596
998
3420
2213
4087
241
3400
2782
4981
970
4971
3889
3195
3053
4875
551
1359
4217
4784
1730
192
2992
1075
3858
1428
2392
3692
3682
2111
2283
1548
4357
2067
305
2950
2166
3054
1126
4999
1011
1975
3472
1742
2999
1170
875
1589
2395
3961
2167
3127
2096
8
449
2757
3012
3439
3507
1632
2333
3913
2134
537
4547
728
3128
332
3907
2138
3247
2321
160
1135
4096
1893
3048
337
4720
1854
3692
1660
2577
2172
3865
2023
4362
3917
728
3704
1353
363
4045
4563
65
1572
1967
3976
1001
1366
3852
3759
4046
555
970
2227
1289
2731
3529
1337
4079
4916
3664
1722
2924
1875
340
1602
3209
3446
2575
3888
1136
2691
3539
3742
4839
1393
2987
1904
4573
1210
1969
3402
577
4363
4440
2138
3880
445
2367
4793
20
4287
630
3859
1587
3489
2481
4501
4307
2789
2370
3325
91
1700
2162
1678
4717
391
235
4634
1743
4943
2945
1174
4545
833
3662
2569
1139
2883
4430
4866
1614
1364
2379
4033
1490
2401
4878
2190
3976
2380
