750
50
88
92
84
98
11
38
2
19
81
98
24
76
62
25
90
6
12
48
99
7
73
96
33
100
28
48
28
52
45
47
3
26
56
6
92
91
92
51
93
81
17
70
59
59
36
45
89
14
30
18
46
96
71
14
73
100
89
63
82
53
14
29
60
70
17
64
82
100
58
66
47
20
22
27
78
94
28
67
54
95
88
94
12
50
84
2
43
89
20
58
4
63
44
35
33
45
19
19
18
21
58
2
17
30
6
46
76
75
32
43
98
70
13
32
60
24
4
59
96
17
76
61
43
23
31
7
49
8
66
41
76
27
85
13
32
44
69
94
100
32
39
15
8
54
34
18
63
9
91
92
100
68
86
25
39
61
86
26
50
40
17
54
92
99
61
67
24
39
87
38
24
8
97
52
82
30
83
35
10
65
46
16
59
80
94
61
48
49
83
80
86
7
77
39
24
100
73
92
71
6
72
95
9
5
73
48
43
72
20
19
93
95
74
64
2
96
74
17
97
54
87
89
90
61
42
77
17
1
26
96
6
42
52
22
95
87
78
10
50
89
7
11
53
76
56
96
13
81
1
44
94
96
69
95
76
11
68
35
4
45
67
6
91
94
43
79
52
82
36
46
100
87
63
35
75
35
18
49
13
9
12
89
19
77
99
61
79
68
80
80
70
8
75
5
25
26
30
6
24
67
21
50
93
86
59
28
10
7
13
69
33
96
15
3
82
31
34
99
41
64
93
99
9
56
97
92
24
51
81
44
29
79
57
90
81
84
19
13
76
35
18
71
67
47
26
16
93
98
87
61
84
87
97
33
69
90
80
97
53
16
27
92
100
81
79
76
66
7
50
42
72
72
69
14
77
57
79
84
74
18
35
65
34
8
14
5
28
6
68
94
62
39
96
94
83
57
51
50
77
44
20
69
25
44
93
45
77
12
26
29
32
92
6
95
64
59
14
64
12
38
27
49
93
71
18
70
54
71
31
9
47
94
8
15
98
16
52
5
55
36
32
50
45
100
21
17
12
41
18
95
20
43
77
65
46
26
45
58
37
50
76
12
16
63
87
28
65
1
26
23
7
22
94
31
50
11
38
100
11
62
59
5
39
55
23
92
33
30
59
4
82
15
42
98
7
27
39
44
64
37
60
7
84
5
67
67
39
43
52
51
49
92
69
31
16
39
34
18
73
33
38
6
42
72
8
88
94
59
84
7
38
52
37
34
11
53
21
4
94
99
10
72
80
47
88
60
3
67
87
61
100
87
76
70
13
23
32
17
77
58
84
16
33
76
33
73
5
65
53
34
80
32
82
60
86
55
85
32
77
89
49
12
62
16
58
50
85
63
14
51
65
26
74
39
6
63
76
86
2
2
85
40
88
35
45
25
79
41
22
80
88
51
65
21
76
47
3
4
20
4
35
52
68
58
34
82
84
93
35
80
32
22
16
73
25
65
21
80
57
89
59
37
11
44
53
2
46
44
46
5
1
66
70
29
10
71
60
55
54
71
10
12
17
82
100
65
9
61
63
73
24
29
58
80
26
87
14
9
36
67
96
79
90
58
100
70
94
88
18
78
44
23
61
79
60
46
58
37
23
22
9
66
92
92
47
14
10
34
35
66
67
95
3
87
1
87
72
43
68
50
92
31
63
42
16
9
38
36
54
78
49
97
74
93
43
32
52
32
97
63
37
25
98
6
45
84
39
44
30
52
