450
30
2
9
46
59
1
76
31
6
99
15
54
38
90
46
42
30
61
3
75
33
55
43
82
57
57
25
45
62
45
69
33
49
64
71
84
55
15
7
45
19
33
20
99
87
5
25
69
74
93
73
88
25
97
22
77
83
36
7
8
80
15
92
86
6
100
85
23
67
48
26
97
88
11
52
82
72
36
93
93
96
35
15
44
65
65
26
23
36
41
43
89
80
57
19
93
36
38
54
67
55
38
26
24
69
88
24
58
1
81
19
25
37
4
90
6
50
4
60
38
81
23
15
4
59
94
20
97
29
44
19
34
49
78
39
80
15
20
11
30
19
14
74
96
49
32
87
38
49
50
61
77
8
45
50
74
43
62
52
14
27
21
59
29
17
42
2
54
66
13
8
65
94
49
6
56
94
71
75
68
42
12
96
54
97
43
79
85
36
9
100
28
20
43
14
74
95
83
55
3
8
90
65
34
10
84
71
3
37
48
66
56
33
52
81
90
69
71
47
79
38
86
1
20
13
79
28
80
79
48
95
3
7
96
27
43
43
65
16
35
37
95
19
72
93
47
58
89
28
52
21
34
82
5
78
21
15
91
16
36
50
11
41
57
71
40
65
19
86
81
12
66
43
6
76
92
70
42
77
100
64
19
58
18
33
70
60
35
83
70
25
93
85
33
71
78
97
84
10
42
53
81
54
45
4
11
54
68
67
3
29
21
15
72
97
4
39
31
27
11
61
80
24
71
87
36
54
45
51
47
9
64
44
62
7
91
23
33
13
17
77
80
99
39
22
53
44
21
89
33
72
16
78
29
86
57
28
71
91
5
82
89
19
35
57
72
25
6
81
69
69
52
27
21
100
10
15
58
74
7
35
27
52
41
64
70
92
62
70
33
21
82
11
58
82
48
50
10
93
43
47
22
80
77
88
11
97
18
49
97
51
72
4
47
80
29
49
74
39
68
29
71
24
91
18
76
78
74
42
95
82
100
96
9
45
63
68
97
42
67
23
86
51
89
65
78
78
28
77
25
47
