1000
100
68
128
23
128
74
46
3
113
15
189
96
106
190
125
195
12
65
35
170
128
17
167
139
83
121
108
179
120
114
159
94
19
165
118
198
197
192
51
84
158
82
98
189
139
94
173
144
28
128
23
53
161
20
31
90
194
189
150
77
106
19
172
67
190
161
102
192
195
33
175
96
105
136
97
14
68
118
47
75
85
136
110
112
153
67
48
16
23
100
160
158
14
148
108
116
91
37
161
82
77
15
45
175
183
29
69
193
12
26
143
89
146
74
2
64
127
18
168
19
57
59
93
9
188
97
10
165
136
159
3
188
49
139
86
88
65
191
30
177
126
47
131
49
136
148
139
138
21
170
146
190
118
8
155
178
48
117
26
9
143
108
85
45
138
123
94
19
46
53
131
3
179
164
177
187
147
53
99
50
118
44
69
126
159
193
19
60
12
108
21
169
47
184
69
113
89
42
160
9
17
53
65
22
194
18
12
181
107
181
34
9
127
75
132
2
82
75
48
146
195
82
147
79
183
135
111
194
26
83
21
130
34
71
69
189
94
192
66
45
174
118
117
100
170
144
104
174
3
165
178
170
135
57
46
87
95
32
56
176
137
193
161
110
69
45
47
146
51
151
123
118
8
17
26
46
111
194
147
78
41
70
30
72
23
173
171
84
106
35
179
196
136
148
157
105
16
108
194
55
123
3
158
151
29
106
90
11
29
24
197
75
135
18
84
124
127
5
144
35
120
15
43
103
86
146
62
106
182
26
74
159
112
176
100
111
152
106
121
199
91
139
159
60
80
183
45
147
56
103
111
150
107
22
69
170
72
91
37
127
47
137
127
80
38
122
120
156
139
37
122
194
133
150
27
42
12
101
156
83
159
95
5
68
74
72
69
83
4
33
191
7
53
7
57
125
9
119
42
144
148
171
137
11
39
150
84
31
13
141
189
125
110
136
42
30
184
84
193
96
78
136
14
29
100
101
23
184
110
96
56
26
89
17
56
88
114
99
76
82
161
77
33
6
13
96
136
127
73
103
84
169
167
22
153
125
160
192
133
28
40
51
117
139
128
178
25
21
74
35
42
4
108
174
180
48
54
25
193
114
63
154
159
104
82
113
84
130
149
169
95
58
116
172
183
123
39
39
31
43
154
42
51
80
142
182
172
114
114
155
61
133
38
55
102
169
181
30
173
58
169
157
72
73
135
195
59
46
108
20
42
180
146
171
125
71
141
11
139
62
125
115
57
15
180
107
5
124
158
28
63
105
68
56
162
73
51
157
126
183
103
129
175
196
126
141
46
52
1
82
183
114
12
166
161
54
118
37
180
43
199
50
108
127
47
94
173
99
77
152
166
153
64
167
180
83
68
24
34
194
81
170
7
41
183
18
169
71
101
65
81
55
154
81
161
71
194
78
35
11
182
42
134
76
96
122
163
186
197
185
172
115
190
119
126
145
98
124
158
108
197
175
76
96
107
57
17
188
111
87
98
124
165
147
94
84
14
61
67
21
101
119
96
169
84
147
15
170
182
44
146
149
173
148
140
132
26
157
23
174
176
29
127
40
66
117
131
138
181
91
84
123
98
97
167
70
69
180
116
124
194
140
148
20
159
176
19
9
63
98
93
177
170
95
39
190
110
91
4
79
47
141
63
138
84
7
170
164
178
57
179
160
127
16
29
22
85
138
107
60
173
99
56
142
95
154
90
169
88
107
76
135
112
8
173
163
83
107
198
174
98
144
29
197
145
158
69
103
159
46
135
138
42
179
57
161
115
119
17
42
130
149
1
11
163
101
170
30
46
165
170
180
69
66
12
56
12
192
113
169
20
141
121
191
90
88
8
197
198
190
191
114
182
96
47
3
182
19
172
8
181
17
161
178
32
11
164
106
146
133
8
139
95
4
59
155
197
89
121
5
134
184
179
193
112
160
194
177
41
109
99
81
121
50
57
131
109
173
20
30
110
61
175
52
117
80
56
143
187
74
108
140
193
154
184
160
183
71
143
104
199
77
147
163
105
69
187
10
103
56
112
23
191
91
158
33
178
106
191
194
183
36
167
51
58
146
36
41
183
128
148
164
88
130
47
22
175
175
46
131
119
84
25
96
168
144
135
119
158
179
84
199
25
43
172
123
177
59
50
140
113
32
144
47
126
188
173
57
31
75
71
28
61
80
56
89
146
121
101
30
56
193
147
41
151
168
85
35
177
36
166
130
10
33
45
99
139
90
123
76
74
9
149
153
76
190
62
69
35
163
145
162
85
78
17
122
165
109
62
176
185
