210
70
46
70
23
20
16
16
22
20
8
52
36
80
68
70
16
88
45
22
69
1
28
76
2
36
82
92
46
15
16
74
98
28
62
49
31
92
58
60
86
76
68
47
99
74
65
36
3
58
67
68
71
42
36
89
38
52
25
93
20
42
14
1
80
77
62
65
100
6
44
77
68
64
30
80
52
36
2
1
82
57
19
25
86
33
12
87
5
75
79
99
78
21
47
47
51
17
5
30
3
95
90
75
39
2
36
39
86
78
3
24
16
46
76
16
9
38
10
31
83
75
96
70
82
24
20
95
32
15
87
45
93
62
58
100
8
23
17
85
11
41
64
85
14
10
45
54
73
52
33
96
42
12
83
81
31
5
58
78
32
40
44
34
78
49
29
15
28
88
53
100
58
5
51
10
10
72
3
98
28
46
52
90
86
28
90
64
80
21
90
7
83
68
78
24
78
51
1
30
86
27
92
18
11
75
76
57
83
64
55
79
