500
100
162
181
195
139
190
195
196
179
188
179
146
100
148
123
124
193
172
147
124
169
165
135
102
161
171
164
140
180
112
123
142
125
190
130
174
194
155
115
144
112
142
122
187
132
183
111
168
132
109
195
167
173
178
118
192
138
151
189
136
195
125
175
178
145
158
165
136
129
121
102
159
177
114
117
125
111
188
191
133
194
104
142
162
192
190
190
102
106
199
141
140
136
147
144
127
154
163
149
128
163
181
164
120
163
156
144
105
131
177
128
100
154
161
167
124
132
102
149
108
131
139
174
190
152
158
187
173
136
148
151
140
110
167
144
130
188
125
142
174
196
111
164
197
199
144
139
191
107
193
173
182
154
139
155
159
139
107
121
112
168
185
119
118
169
166
198
168
177
157
128
112
140
127
149
125
131
100
158
100
126
144
122
179
121
140
106
175
140
170
163
163
182
195
123
177
179
128
150
111
177
159
155
185
120
100
178
102
106
105
102
179
153
162
165
123
180
167
161
108
124
150
153
138
116
170
105
164
125
136
124
179
138
195
173
181
179
115
132
126
125
131
199
156
107
136
162
117
170
143
150
151
119
156
168
176
195
187
149
158
162
177
101
175
190
118
127
139
127
150
169
121
190
184
157
107
121
104
126
184
168
187
112
164
137
123
118
137
146
199
156
152
147
173
149
174
170
158
153
155
198
146
128
196
151
188
147
133
129
177
194
109
181
139
153
121
121
198
148
176
152
160
172
133
174
105
141
151
192
139
164
125
177
117
105
100
120
135
135
120
148
145
118
155
102
123
137
100
149
157
147
166
193
152
173
127
136
170
149
133
165
162
127
120
111
153
117
162
130
143
141
178
105
124
124
129
114
142
113
115
191
106
157
193
131
175
142
112
138
195
111
162
150
149
162
170
109
149
199
162
199
186
110
173
184
164
146
140
115
158
120
132
163
154
113
140
168
160
195
199
151
184
172
142
139
102
142
164
119
106
144
189
180
108
148
187
154
107
164
159
198
165
151
142
166
197
196
175
131
170
158
158
132
110
197
173
116
199
105
104
142
177
152
160
173
179
180
125
183
124
167
174
103
106
185
135
193
119
198
144
131
168
154
188
183
127
124
181
181
165
142
147
170
139
101
126
180
128
177
183
146
