300
100
38
117
17
9
122
15
83
88
147
50
163
195
53
131
107
166
79
6
154
29
187
25
39
87
151
115
97
113
196
190
135
14
172
116
59
20
138
150
151
62
141
166
190
100
3
96
181
175
55
14
134
103
144
184
106
8
32
141
79
118
9
75
117
120
112
187
142
17
94
88
175
31
39
32
178
71
52
81
181
172
21
24
79
189
181
25
111
113
6
131
110
100
13
86
43
9
158
125
173
188
70
18
148
175
68
82
186
135
134
96
147
109
86
180
81
34
199
63
114
68
195
75
64
57
76
129
158
57
94
153
177
190
27
44
109
142
58
134
9
110
43
29
118
185
84
95
114
150
10
183
10
28
59
63
182
154
115
149
64
155
43
74
62
141
161
35
26
58
49
85
162
25
21
114
14
76
63
52
171
55
181
182
18
83
47
189
64
187
116
95
167
165
100
101
72
81
130
194
196
190
100
36
16
70
175
118
100
70
115
159
38
84
155
76
12
11
88
174
88
137
98
199
192
21
168
20
133
129
101
143
15
98
135
154
38
140
33
108
189
182
156
9
104
196
81
4
160
2
170
109
192
149
109
44
107
93
89
197
86
77
138
199
35
19
122
43
71
23
192
14
154
5
111
158
61
29
49
158
138
198
57
122
77
107
94
69
142
121
69
143
152
16
118
63
116
58
192
160
152
62
