450
90
71
81
29
48
81
91
98
48
72
1
17
12
37
75
65
41
8
88
78
90
41
96
12
41
80
57
80
14
5
28
81
74
48
32
41
63
41
91
57
82
43
73
18
19
58
72
94
85
88
5
76
90
32
6
44
8
41
65
75
29
13
32
8
78
11
68
92
54
59
94
70
8
43
13
26
38
11
56
82
77
42
8
50
47
45
90
29
37
98
23
82
47
21
2
43
25
24
87
81
80
26
14
89
45
81
13
73
51
29
50
43
31
12
31
55
27
2
51
43
8
12
33
62
43
5
81
10
39
55
25
47
72
61
36
97
71
87
32
8
25
61
50
27
92
61
53
69
7
92
47
78
16
41
96
16
85
60
76
10
31
28
18
54
32
63
51
18
52
94
55
64
46
57
92
97
58
68
13
89
66
58
3
54
99
72
95
48
37
70
78
11
68
81
55
3
78
97
15
39
75
32
96
46
87
20
88
95
65
58
92
52
67
91
14
57
97
91
63
15
45
6
36
2
83
99
98
13
61
72
10
79
91
87
41
8
65
2
33
37
34
11
5
39
15
65
85
70
50
14
15
87
32
15
45
26
27
23
80
60
47
77
48
81
74
66
66
55
44
32
70
83
81
8
52
23
79
55
93
95
79
97
99
70
76
22
96
48
16
58
60
6
64
53
48
51
82
91
43
57
82
54
13
64
68
51
47
90
77
44
73
57
29
63
1
5
1
39
30
74
49
53
31
22
40
8
77
80
97
88
14
55
96
35
1
35
21
98
55
35
81
32
97
81
60
47
3
30
88
27
92
91
39
3
71
44
64
95
48
7
54
14
32
94
28
62
96
18
38
69
36
19
66
13
68
47
42
2
64
31
79
51
95
60
32
56
66
80
30
43
54
38
27
50
48
51
41
86
12
71
45
50
60
87
96
96
81
2
14
65
63
3
97
23
45
92
66
3
20
94
56
26
23
86
75
31
39
57
34
23
83
88
73
77
57
72
61
33
7
64
96
16
99
51
81
2
94
53
75
37
26
