1050
70
96
94
21
25
41
45
100
30
37
71
77
78
3
26
82
55
15
34
44
3
7
12
70
98
80
67
14
7
63
53
58
22
93
55
43
68
9
80
13
43
16
45
41
76
40
34
36
51
14
71
77
47
86
96
70
17
50
14
83
43
60
97
96
70
20
17
52
91
36
84
41
95
20
81
38
21
95
53
15
83
43
92
57
60
5
79
42
58
52
30
53
1
87
34
14
39
81
96
25
54
66
49
57
84
48
11
30
80
63
20
60
79
11
72
26
60
35
52
7
11
69
47
53
72
87
79
34
72
42
20
34
82
49
19
77
100
1
38
74
41
36
64
73
99
83
78
11
57
34
78
87
61
72
48
63
70
20
79
59
55
55
92
15
53
86
76
35
6
7
66
9
23
32
32
62
47
68
7
20
95
89
66
36
15
43
60
77
21
11
74
35
68
57
68
18
27
14
93
5
35
97
17
29
67
42
80
4
1
81
90
66
9
12
50
35
76
90
85
41
58
50
39
60
53
11
20
5
21
74
8
8
74
64
12
99
75
84
31
28
1
98
91
84
16
72
22
35
82
80
54
52
49
94
43
23
39
37
61
41
78
84
7
37
81
8
4
99
41
44
2
61
90
79
99
18
84
94
75
31
4
30
89
11
56
24
37
34
33
1
95
83
92
1
54
7
40
66
83
3
56
7
33
94
41
66
1
15
73
79
11
43
89
76
13
32
69
34
15
32
41
23
30
40
58
82
24
38
25
11
89
89
64
12
60
24
45
36
27
53
70
89
81
83
56
34
22
23
67
77
100
76
87
33
77
4
39
78
85
35
38
8
72
14
23
80
20
8
75
61
18
42
46
18
26
84
42
77
56
14
5
75
78
34
96
50
17
51
12
29
27
90
78
58
2
92
4
91
99
82
62
60
34
62
2
35
37
85
94
26
88
76
34
22
33
21
22
89
95
78
39
24
64
29
37
56
16
12
5
4
57
22
82
14
64
44
11
56
64
100
96
70
85
13
63
76
92
18
18
11
8
16
84
75
73
62
22
86
54
26
77
56
81
95
39
61
96
86
96
84
97
81
80
70
14
25
32
32
48
64
77
56
16
69
50
43
22
22
88
12
56
18
9
33
31
21
92
9
5
41
4
94
58
34
23
5
79
98
17
74
29
75
100
51
4
89
42
53
28
61
50
43
22
60
71
54
56
63
87
66
83
17
21
91
63
22
56
19
9
81
26
64
61
14
32
37
87
39
96
84
26
80
39
57
16
94
66
80
43
98
24
44
73
92
23
5
65
91
77
57
54
5
58
36
91
53
29
30
14
75
34
78
75
22
74
13
67
91
57
50
63
76
94
14
4
28
99
83
44
23
59
38
11
81
37
90
8
43
90
94
93
2
58
60
44
20
46
73
97
18
86
32
96
65
79
20
79
78
18
75
2
61
74
97
62
7
47
44
48
76
95
26
71
97
79
8
92
12
18
70
33
61
57
67
92
94
85
38
86
33
88
63
76
79
37
28
60
95
46
24
59
75
19
49
82
39
37
77
51
42
66
60
50
29
85
13
54
21
62
39
99
96
5
39
81
33
51
28
3
62
70
47
40
44
32
58
95
37
12
76
37
96
22
97
65
64
76
18
30
80
99
83
71
20
46
89
47
66
29
10
99
57
29
20
64
34
80
91
13
60
38
21
48
1
72
44
96
92
34
95
6
19
92
46
59
50
26
31
64
99
10
33
5
69
87
72
31
48
92
3
64
49
13
15
41
16
18
9
74
70
73
20
20
10
38
60
80
64
43
81
97
33
84
30
15
6
86
98
52
11
90
91
4
91
89
32
2
31
36
40
31
62
2
20
82
14
65
85
3
6
74
81
53
89
88
79
38
25
30
41
96
75
59
74
74
51
10
96
66
45
17
52
28
88
59
10
52
52
98
71
83
32
100
56
28
84
58
3
45
11
67
11
9
41
100
94
13
25
72
40
94
1
37
84
29
52
97
56
55
26
60
83
81
16
81
58
100
9
8
42
8
100
92
23
57
32
34
18
14
58
34
6
38
76
22
27
59
13
39
71
87
100
56
72
41
62
19
26
51
87
38
100
15
50
46
92
86
44
48
87
80
52
33
68
89
61
70
9
43
47
54
30
72
15
95
37
19
71
22
49
48
71
28
66
64
20
52
91
38
66
96
54
58
84
21
6
95
76
67
41
91
3
83
64
88
82
67
68
80
71
44
35
95
85
96
18
56
78
38
48
11
19
33
45
71
86
88
16
85
59
65
91
61
52
25
82
84
65
20
74
52
100
67
6
17
60
52
71
42
36
81
2
45
63
83
51
83
25
35
80
8
76
63
11
45
53
16
62
72
89
39
16
28
41
20
75
95
75
71
97
71
