200
40
58
56
67
69
49
47
72
54
50
76
67
75
64
59
44
76
57
42
60
57
73
44
72
42
54
50
78
58
73
78
40
71
57
52
42
71
71
47
43
68
43
53
70
48
53
66
61
40
62
66
66
64
69
60
54
50
65
72
47
53
48
69
71
41
63
50
40
63
72
68
76
42
57
44
54
68
79
42
55
70
54
58
62
40
51
74
69
78
64
78
45
66
48
44
44
70
55
51
44
63
47
55
68
60
70
61
67
52
55
75
44
52
62
75
67
77
75
69
64
47
40
64
49
65
73
52
73
49
70
68
51
74
68
51
48
73
79
76
69
40
57
61
66
45
73
46
65
43
48
67
58
77
50
59
68
52
79
74
75
73
62
47
49
66
44
73
61
43
55
47
66
58
61
56
47
54
56
79
51
54
72
47
60
48
49
76
74
47
68
44
70
52
71
64
56
49
66
54
47
63
