1050
70
6382
6361
7764
4121
7774
5206
7940
8146
1353
2904
5111
10173
10220
10238
7895
7621
9244
1257
4124
1733
9825
8415
5573
5419
1006
3282
621
199
3329
7239
10105
1875
6906
3354
6087
5476
2810
6245
7237
10432
3597
981
10446
6070
7508
7522
485
5179
4932
5896
4970
33
8168
458
6442
6902
8231
3619
843
1037
4117
4305
3697
7802
1146
7949
3830
9965
3011
805
7178
9973
5972
9832
6443
7551
854
9996
9514
7604
9123
9185
7556
9091
2154
7297
7491
2471
5501
4261
4503
4688
2319
10098
854
1103
3230
4553
7179
512
3870
9423
7937
1389
1091
120
6232
5598
8688
9949
4348
3030
6414
6452
1473
6140
1301
8066
1974
4418
2807
3728
9647
2570
5182
5364
447
2766
4013
6893
156
1583
2622
1185
3166
5976
5436
8622
8794
7321
8069
9358
3910
238
8976
10205
8293
7227
3256
187
1052
1474
915
5025
130
9293
4674
5583
7164
1778
8995
9792
10148
10470
5944
4387
5062
9867
4337
1372
8742
7309
8436
1677
6929
7425
7282
9831
10102
1068
4015
5324
3937
8959
9408
9705
2623
8234
3848
10164
7648
6314
2180
9352
3950
9614
639
8886
9540
5380
10043
526
1022
1892
7338
2370
5638
3075
1716
9012
2274
7363
7505
9153
4957
5232
5635
3551
9803
3138
3114
369
8348
9488
10004
2349
6285
216
5043
2044
10186
1471
1024
323
7088
6983
5271
7059
7829
8453
5091
4563
829
10484
75
6738
2061
3101
5887
9036
6307
1843
9310
3068
3746
2448
7344
8571
297
2442
6244
3380
1082
3
90
237
5768
7016
2184
7002
950
2341
3829
8875
626
8186
4187
929
7728
4589
7021
3983
7433
202
4439
8318
1166
5397
3959
3329
8540
8351
5204
3351
6234
2014
10418
4021
8327
304
10258
7159
4013
6170
84
8571
3739
1954
3731
6781
1481
5858
4997
10206
6042
1958
1632
2348
471
19
9646
8143
10444
7227
4069
2177
2328
1550
10340
8459
7141
2271
9977
509
7711
35
5733
1790
8865
8834
7043
5125
6450
2316
3641
4658
1283
2620
6452
595
9535
2592
4838
436
9783
1685
6177
287
1366
593
2048
4281
30
1393
4106
1540
3241
4988
5656
3729
5585
6957
9282
2820
28
3520
5796
7824
5436
3844
3145
2147
8347
1746
9979
8227
6535
4410
7301
7496
7767
4304
3064
6019
2051
520
8983
6505
7836
2033
7011
9879
8966
187
1648
3893
8654
520
2375
5189
3011
4669
3676
5977
10090
3905
8219
8485
8047
9688
1142
5257
4306
5322
9929
1000
6441
5646
6474
8953
4780
5584
6145
5639
7014
10019
6005
6677
2773
10127
2541
7656
992
8307
3881
1618
6861
10222
8027
4519
4626
5891
3947
9512
1376
10061
7339
1016
7502
1099
3725
10472
1391
6107
5625
9782
6579
809
4353
1427
48
2886
6205
1880
9623
2374
6554
1040
4646
583
5624
1709
4628
6035
4379
9284
2299
9267
5207
1642
5957
1417
244
3588
4499
107
2745
2131
1571
5123
7783
8738
1756
5342
4097
6081
8638
3679
9577
7404
6785
1673
413
1723
2484
6428
2516
5154
9906
9758
4440
4095
8270
10350
9801
8420
1996
10348
4088
4953
8345
2196
1382
4017
9053
5660
820
5997
185
9857
6539
380
7848
7549
5245
8984
2245
7091
3379
10497
1849
7018
4358
32
6213
405
9133
1174
9952
2294
3668
3252
9009
2701
4124
7243
10045
1123
83
1339
9958
1066
7097
3850
7537
482
1574
5400
7357
4308
8199
2796
3352
9661
1443
8308
5805
9710
10315
3360
4835
2059
3124
904
8969
7142
9052
6045
4685
4389
8024
10304
9290
4141
5855
4965
4776
1423
1071
10023
1809
6010
9497
1488
9741
1781
4686
3197
8419
685
5277
1610
8297
2877
9697
1840
5623
8915
10072
2532
2305
10035
8957
4980
2132
9454
1358
8408
133
4476
7810
8371
3783
3019
8731
5408
6210
3373
3896
9239
6253
1769
8792
6125
10351
629
2528
9566
2935
3368
8533
862
2066
2401
5727
9973
8618
5238
10350
8408
1634
8138
3659
3740
4431
4561
3254
2914
5309
1831
2217
7639
2161
3521
1056
10354
6793
4571
9865
8312
4808
8396
7934
8362
4431
4997
3874
3109
5579
9939
9098
277
9808
7146
6728
1244
529
9688
2560
6912
6669
6242
6973
9315
1634
6587
4961
6103
664
10061
7315
447
466
2297
8874
6404
3977
1798
10149
9519
2611
6887
5011
7146
6618
7186
6075
10460
1937
2738
9010
9039
7850
7303
3552
765
9545
7636
4313
8423
6546
4024
6755
5318
3198
9384
10395
2113
10170
4050
1814
1478
1998
7396
8177
6294
2366
10311
6199
3599
1104
10418
5916
438
5250
8984
7595
2634
176
7097
4899
14
1698
4456
9901
2236
2544
2937
578
3036
911
6315
2507
639
9947
4889
782
1919
2996
9298
9182
5932
1063
628
2932
699
1963
6323
8095
323
7066
8857
10074
450
1010
2216
9253
8217
8572
8227
2578
3958
5166
3605
3576
5340
7018
9715
6212
5506
6444
8488
10500
5560
961
1633
3946
1771
3373
1857
7549
5706
595
6140
5287
10266
10061
8209
3917
4079
2042
6229
10484
7993
6036
9552
7374
1409
3947
9186
9608
3343
3321
8914
339
8997
929
4048
5246
7974
3434
5661
8065
6093
7277
2977
7291
5215
2276
5313
3683
3755
769
5847
7100
8602
83
4426
3978
2639
8899
6796
6741
1099
4889
10105
8786
5873
8217
5810
6189
7722
2962
7827
7641
754
757
3037
5233
535
5760
3200
7502
4249
719
532
3804
7759
1721
1300
5608
2271
1586
8596
10344
5318
8322
3251
7449
9298
2762
2905
506
4835
123
3666
2130
2368
5386
10025
5496
1732
7607
4516
3542
824
7079
5167
7837
1317
5013
620
9957
2193
5078
8878
1370
7796
3535
7685
2404
5955
9782
1823
299
2449
8531
8634
3755
1785
7672
6128
4523
7901
9254
3675
9925
5355
2743
3490
2638
6930
908
10071
8961
4692
4937
3495
8236
9236
6163
5730
7137
5210
7090
5728
2677
950
10448
3638
10085
4371
770
1148
858
2056
3273
6847
470
9579
317
939
10477
4644
1040
8097
6690
6285
9479
7716
4698
8366
536
4102
7718
5204
820
3077
6329
5146
6424
8866
5138
10068
5142
4349
1724
126
5604
5604
8572
1625
4436
10023
7453
9200
779
10500
382
5536
