500
100
145
165
121
119
124
188
134
139
154
198
181
120
199
183
122
112
134
139
170
147
169
116
134
122
137
166
168
107
158
133
185
168
153
171
152
110
194
199
178
121
106
127
116
158
105
165
199
145
147
191
196
174
141
179
134
137
196
186
103
172
119
133
123
184
158
170
168
191
155
123
153
155
140
149
105
111
184
137
190
195
115
197
183
109
183
107
130
109
127
128
122
126
106
139
128
132
115
186
115
191
195
131
151
110
135
125
122
186
176
129
114
127
108
127
157
166
144
193
154
162
115
193
114
134
125
104
184
166
155
115
152
125
178
171
187
191
116
140
110
129
145
186
192
158
133
130
134
134
152
194
190
192
183
136
118
154
115
145
195
110
184
162
153
140
178
156
170
135
102
195
131
108
120
124
125
144
166
173
160
183
113
117
114
132
131
150
191
148
128
173
123
191
169
140
135
187
183
113
121
195
125
163
188
126
123
157
155
143
120
131
176
121
100
121
139
138
154
128
112
155
112
196
176
143
135
188
166
134
124
139
152
104
162
150
187
126
125
105
172
146
102
111
128
182
154
136
122
133
155
168
131
166
155
118
184
111
148
117
176
166
195
189
103
182
163
167
141
151
196
101
148
117
149
194
112
166
172
160
143
114
104
167
144
104
179
135
164
198
111
199
146
189
112
172
114
161
144
175
141
179
111
128
188
142
103
167
170
161
115
177
102
130
165
151
110
121
165
169
175
141
131
167
128
139
135
134
188
195
114
162
130
139
195
100
197
118
133
145
180
106
164
199
117
112
138
134
167
176
140
133
132
153
110
148
180
107
170
189
116
123
174
138
188
153
152
120
147
106
140
118
140
161
139
119
173
112
152
104
117
149
151
119
100
182
143
147
173
122
105
157
115
181
152
160
184
192
110
150
125
157
195
198
111
107
127
138
188
147
169
107
117
179
105
132
150
165
192
182
122
130
138
181
160
154
113
169
197
172
110
170
143
198
197
139
144
118
142
111
163
151
136
135
181
177
161
117
169
174
100
185
111
103
122
144
118
137
109
102
137
194
100
123
114
177
169
150
159
127
141
192
170
171
101
187
165
153
190
124
106
128
189
146
183
141
134
168
117
125
159
110
179
148
118
149
163
170
120
105
167
199
