161
80
53
49
67
142
40
118
157
130
149
115
4
39
146
65
17
45
4
151
28
155
86
65
124
138
119
116
27
39
145
36
66
15
122
45
4
62
3
21
83
121
116
144
66
44
150
72
138
8
82
144
102
114
77
147
51
112
136
128
124
88
77
36
139
90
65
128
24
109
71
135
79
54
76
2
80
138
90
41
137
23
34
30
57
9
38
40
54
9
88
56
80
129
40
104
27
123
116
109
130
19
112
94
119
27
98
71
130
101
19
99
116
10
146
74
12
34
28
6
85
99
16
55
8
105
105
77
94
64
18
4
72
123
72
154
22
68
124
58
9
143
63
108
14
11
90
27
50
140
135
61
1
159
130
60
68
150
66
60
88
158
152
