270
90
4
4
7
7
5
6
2
8
2
3
4
3
3
6
10
8
1
8
7
1
7
2
5
10
4
9
9
5
4
6
2
1
9
10
8
10
10
8
5
3
5
1
8
10
3
2
6
5
1
10
4
7
8
1
6
4
4
9
9
9
5
1
1
2
9
2
4
10
6
10
1
6
9
9
10
2
3
8
4
4
9
7
3
5
6
8
2
9
2
7
4
9
8
4
10
3
2
9
1
1
1
4
3
8
1
10
6
4
5
1
9
3
7
8
1
1
3
8
8
1
2
1
2
6
6
6
7
3
5
2
1
3
5
1
3
3
7
4
8
9
7
10
1
3
2
9
3
10
8
7
3
4
1
5
3
4
5
6
2
4
1
7
3
10
2
5
7
5
8
10
8
6
2
6
1
4
6
9
9
4
7
7
3
6
10
3
10
6
8
2
4
6
6
7
10
1
5
10
2
3
10
5
4
5
7
10
1
9
9
7
4
9
1
1
2
8
8
7
6
1
8
2
7
5
2
9
6
1
7
9
7
3
9
6
5
2
10
9
4
8
6
5
3
3
5
1
1
3
6
1
6
7
7
6
2
9
2
1
7
5
10
8
8
2
3
8
10
6
8
9
