500
100
64
81
99
63
4
21
64
88
5
59
55
14
28
54
55
54
95
58
34
87
11
74
94
22
77
58
93
64
45
71
51
37
53
2
82
37
13
19
79
63
99
41
56
27
36
49
78
73
19
15
63
56
84
31
1
53
5
56
6
7
86
75
51
37
5
72
18
5
53
80
72
94
73
49
88
52
9
55
2
71
21
66
63
28
33
14
80
37
97
61
57
13
59
44
98
35
57
75
80
37
10
17
27
6
37
44
7
3
37
91
13
33
10
10
79
49
47
21
99
79
86
50
99
99
93
18
85
23
80
44
95
12
65
41
23
22
59
55
89
61
82
61
95
27
98
85
30
100
29
35
90
59
37
87
64
30
26
17
37
38
33
80
26
26
60
48
17
20
93
87
74
24
53
27
18
72
100
87
70
2
88
30
7
69
77
17
41
98
14
66
45
52
4
22
7
14
90
21
8
68
48
51
9
51
86
43
84
21
17
1
21
13
80
74
100
70
69
84
62
73
16
93
86
70
27
72
63
41
9
77
96
56
17
78
42
22
89
29
14
25
95
41
18
46
37
85
81
3
89
89
59
94
52
56
78
14
35
65
29
1
91
55
33
51
22
57
60
90
9
43
6
20
69
58
6
18
94
78
32
100
52
48
23
57
56
65
5
11
78
4
18
22
12
72
55
92
71
71
1
2
93
48
73
61
43
2
35
90
40
93
86
88
27
42
15
44
36
32
65
16
59
42
74
72
15
33
79
41
68
34
87
55
61
10
16
48
97
99
39
7
61
86
53
14
65
24
63
47
59
1
53
31
11
63
60
57
8
70
48
77
46
35
66
14
80
15
56
9
4
21
31
39
38
79
85
63
59
39
98
94
93
72
3
93
54
28
65
54
15
1
91
88
38
12
44
88
13
68
41
71
100
41
14
71
54
97
15
31
67
65
100
15
6
40
62
9
27
43
38
72
53
84
16
68
8
24
85
24
52
12
48
9
7
84
30
66
29
93
63
15
98
65
61
24
21
73
2
93
98
10
44
48
63
32
98
87
64
67
64
90
32
33
39
54
85
70
37
67
24
79
43
14
37
91
72
49
13
81
22
31
49
9
66
28
38
25
31
8
53
59
61
78
37
16
84
8
26
18
85
60
