150
50
1376
519
721
352
1220
1267
52
71
214
234
303
991
847
415
69
1150
410
1323
1482
669
486
1232
739
674
708
1122
1396
356
325
942
1348
1023
1145
217
648
698
995
946
1026
1234
124
950
663
1449
1269
980
217
1154
336
123
360
147
423
139
1447
368
695
665
823
506
837
910
1142
793
998
1069
770
801
571
651
1308
1227
185
521
792
709
1293
1017
1500
758
1131
949
93
468
827
732
762
799
726
1476
744
237
980
606
1130
926
944
823
630
1061
1223
383
168
868
805
624
1006
871
55
1115
749
137
868
14
1391
562
1426
31
907
876
1218
1482
526
391
522
1476
411
1101
93
5
841
1291
1423
689
487
672
1410
1226
912
966
177
1487
586
241
1381
124
322
136
500
789
