300
30
92
58
19
81
94
86
63
27
64
25
65
50
61
32
86
81
19
24
30
34
67
72
83
70
41
78
90
91
91
12
28
16
66
77
52
57
100
11
73
52
64
29
56
13
8
47
68
76
1
52
24
75
45
41
37
39
60
79
1
47
64
45
61
45
18
17
21
31
93
33
13
26
69
36
71
67
14
62
50
11
3
99
43
56
36
94
98
77
37
76
38
9
4
56
97
56
10
55
77
55
13
99
2
67
32
67
15
47
39
45
48
8
78
84
76
59
13
15
52
63
24
33
74
54
72
62
8
86
43
1
21
31
95
53
52
75
54
64
75
55
82
61
24
10
40
73
45
47
94
40
34
32
80
26
95
14
59
37
58
27
96
74
19
22
6
14
86
51
76
45
90
64
31
93
93
73
28
32
83
83
43
16
63
41
40
49
80
65
79
5
78
29
35
68
84
57
98
33
79
12
42
74
31
48
45
57
63
100
11
99
8
86
38
45
52
59
51
62
66
73
21
25
55
29
13
50
50
54
71
16
26
21
100
15
38
27
33
38
62
10
92
90
48
52
74
52
15
12
19
29
76
1
75
64
85
7
40
70
56
36
57
79
44
15
98
86
7
9
33
12
83
55
75
68
11
58
72
97
50
81
76
51
14
33
94
94
69
57
28
81
64
17
34
33
98
35
82
18
5
54
