240
80
135
136
85
133
104
83
109
100
106
103
83
104
116
125
145
139
80
114
141
148
155
158
116
105
125
87
135
114
93
131
110
134
108
80
124
148
91
128
150
88
158
116
94
119
138
144
129
124
156
106
101
149
104
133
146
146
125
144
143
142
99
96
145
147
132
146
114
117
85
86
135
157
108
109
154
148
89
118
120
107
147
83
153
98
85
106
121
137
116
105
150
80
157
129
159
137
121
153
136
150
85
150
153
128
147
159
158
104
121
95
137
133
140
159
88
109
118
134
159
114
121
122
133
147
109
102
159
149
135
143
83
99
142
109
109
89
108
88
152
142
81
87
107
82
159
107
121
84
102
156
100
105
124
126
148
119
129
119
152
84
82
142
136
117
121
97
102
90
158
152
142
150
103
121
126
136
103
104
95
121
121
130
122
122
80
123
128
139
136
120
124
89
99
129
140
97
81
159
112
90
122
159
137
143
108
90
135
152
98
146
115
104
142
151
114
87
128
122
100
135
130
159
81
141
92
115
132
125
150
109
104
107
107
135
100
133
142
90
127
93
