1050
70
119
131
21
13
97
99
121
84
5
108
123
132
36
61
136
66
24
10
100
93
3
35
48
15
9
77
36
108
50
96
19
126
3
79
118
135
99
46
122
51
66
87
2
131
21
54
30
65
8
137
83
129
58
98
100
30
138
77
97
37
139
69
119
132
110
23
53
69
34
46
40
75
132
70
131
20
18
114
132
5
74
94
137
97
66
101
5
123
120
40
132
122
57
49
103
5
118
93
42
122
5
27
56
49
36
80
113
8
94
21
31
47
74
49
133
103
73
73
7
6
90
84
74
87
127
9
21
138
54
88
34
56
39
13
26
94
99
63
80
20
98
124
129
106
83
117
12
130
136
59
66
122
15
95
15
129
64
99
123
66
29
34
30
127
27
95
95
124
42
63
105
132
13
5
110
110
58
134
119
96
111
48
124
11
109
50
42
104
89
137
106
26
39
116
127
50
23
60
126
112
130
131
32
34
23
100
112
94
65
47
116
27
78
37
134
120
1
68
12
106
122
65
52
111
13
77
54
22
61
3
16
55
41
6
124
105
133
9
54
102
61
69
118
82
105
116
1
128
21
109
129
39
70
105
82
7
13
51
89
21
133
51
20
106
70
130
131
105
139
126
17
47
62
127
28
48
24
44
61
64
55
115
78
131
75
6
115
57
9
94
116
116
43
79
11
138
91
137
11
25
45
113
110
108
138
20
128
78
99
86
130
6
99
87
130
7
78
120
22
18
130
9
123
112
98
45
53
42
66
45
26
57
132
16
43
64
77
29
25
131
134
98
135
124
47
19
58
122
4
66
98
85
116
20
66
47
135
113
117
109
115
100
102
27
14
88
96
25
118
48
112
64
72
45
25
104
12
72
126
6
79
16
107
107
1
14
76
37
111
63
8
120
58
86
23
11
111
47
11
49
1
58
66
37
47
73
99
26
43
85
80
32
122
8
41
79
75
71
46
92
31
108
34
14
104
29
9
85
61
82
127
12
27
1
130
93
26
126
98
11
33
108
109
57
120
112
63
20
31
45
28
102
107
138
54
53
139
35
33
81
120
105
114
96
2
94
54
65
81
19
41
88
129
8
16
61
43
120
29
14
58
55
31
67
137
58
66
94
32
136
73
137
55
75
116
86
17
49
113
16
136
100
67
75
86
101
90
120
128
68
102
44
114
53
87
81
94
8
89
25
87
122
71
85
122
57
72
31
17
14
14
72
68
107
95
60
46
115
51
110
21
75
60
9
72
65
131
27
122
27
64
42
31
76
29
131
36
14
89
42
69
66
10
93
57
93
57
89
86
132
139
58
23
37
113
66
115
124
120
21
6
33
48
103
15
98
63
105
131
118
8
10
60
132
70
109
32
120
83
8
53
136
82
73
39
130
8
51
70
29
41
46
22
60
134
75
8
43
30
93
104
35
80
57
68
16
87
10
104
124
69
104
62
43
65
37
65
90
53
132
7
50
101
112
97
123
50
86
38
74
60
126
86
116
86
12
93
4
46
133
21
107
132
8
82
28
86
61
130
62
27
43
1
45
116
15
69
122
11
122
30
40
135
108
78
138
127
12
95
79
21
43
119
120
54
12
11
18
17
106
13
20
13
42
24
99
74
36
38
79
108
122
85
31
106
90
113
87
66
87
123
48
28
81
22
128
127
12
76
109
79
32
72
78
1
60
66
31
112
78
3
122
7
136
94
63
4
60
58
99
41
121
110
121
47
22
27
25
80
96
4
68
99
127
68
35
36
131
92
8
117
134
30
62
48
46
9
78
80
115
66
124
47
14
106
34
11
37
18
96
31
52
115
59
73
105
125
20
80
84
41
135
48
5
11
106
48
10
124
117
85
47
76
97
30
82
101
3
56
13
2
2
39
12
11
68
33
2
8
10
29
114
34
8
127
128
67
49
40
101
15
74
123
16
10
46
124
65
84
12
39
18
124
41
24
91
10
67
56
26
76
115
65
60
127
139
77
115
39
121
8
54
87
37
3
112
115
73
86
100
63
8
48
42
82
66
34
89
24
92
104
95
70
93
9
126
63
17
59
61
3
13
7
116
23
45
114
52
97
29
91
86
15
79
21
29
52
81
102
109
97
68
4
129
54
8
47
106
127
5
92
59
64
131
122
27
86
100
136
62
69
47
8
100
119
138
15
137
118
135
120
20
67
98
119
61
10
12
57
98
54
83
36
96
24
32
114
19
24
75
20
105
85
21
46
31
36
80
103
8
129
24
96
116
17
15
22
100
107
37
57
106
138
12
62
17
3
8
55
103
101
14
58
77
40
60
13
67
82
58
138
118
46
22
54
111
12
113
18
81
129
94
80
70
63
110
15
1
136
100
97
106
42
121
52
48
135
6
30
86
85
43
112
125
125
117
65
82
29
65
