150
10
101
96
104
99
98
95
104
101
105
104
95
102
102
97
105
99
100
104
102
101
99
105
98
105
95
95
96
100
95
101
95
98
105
96
96
100
105
98
104
98
95
97
104
102
97
103
102
101
100
102
101
101
101
99
101
99
98
103
98
98
99
96
97
101
97
104
100
102
100
96
100
95
103
102
96
95
96
103
103
104
100
101
98
99
101
97
104
98
104
103
97
105
99
95
102
100
96
95
96
99
95
101
101
103
104
97
100
103
105
99
104
102
98
96
100
102
97
103
103
101
105
99
95
99
96
97
99
102
104
103
95
103
105
99
102
96
97
104
96
105
101
95
105
97
103
97
102
96
103
96
