450
90
2703
465
3348
4441
1616
4443
2323
3636
3934
123
3186
1912
1070
2224
576
487
1546
430
1130
541
858
134
138
1521
1641
423
976
4155
2960
2749
3244
3399
714
2457
3926
1527
2021
2241
3855
3509
439
3382
1022
675
2953
1912
2532
2412
4069
590
3565
148
1186
3622
1184
3006
3535
3137
3323
2677
135
3328
1162
3644
1612
837
2917
3143
3802
2125
4027
3562
2306
3605
4068
329
2052
4412
107
2931
2794
2113
2786
1667
483
1164
2891
429
3027
440
2884
133
3690
3831
421
1846
3421
2227
942
3218
743
72
1994
2440
4089
672
444
2634
745
441
2097
3476
3925
1496
4271
3578
3042
4440
2824
829
584
1148
766
3579
3785
659
3784
1667
3441
1016
3254
3320
794
2049
3717
137
2385
58
1916
4450
179
1418
1845
1899
849
3400
2594
4166
2303
4184
860
2391
2609
2691
3824
2361
281
2953
2646
1583
1463
640
2811
692
2226
3885
85
2134
845
3275
1069
3576
864
2885
4491
4463
2162
4218
971
207
214
2821
1997
3182
439
1392
4162
3503
2463
176
642
3543
1493
896
749
523
781
3662
702
3189
1213
3643
2720
2412
3790
866
2313
3660
471
3474
3085
3142
3657
2166
3112
3416
3285
3811
4341
875
2132
944
2834
3221
1029
3855
388
979
4366
4121
1856
3893
3237
1636
1091
4221
919
4312
3783
1473
3311
1263
3335
341
2082
4124
451
4338
2290
2407
2909
2388
2439
3207
720
2160
1325
1132
3063
86
1982
2221
1403
2854
4180
1662
3065
1959
917
2670
1217
3905
647
4424
4414
2900
2913
1087
1877
88
2277
1069
3060
2579
3742
785
3563
3881
4027
3862
2054
1766
4337
1121
595
1121
3
3664
1726
2157
1039
2612
3026
2443
1301
1818
3851
1184
2578
2233
602
1398
2477
2083
1922
3899
3034
1360
3249
3370
1452
3711
4406
4424
1380
174
3013
3635
1284
3399
3643
4401
2835
3796
1625
300
2107
4226
2252
3715
3535
1350
2689
4012
4350
152
313
80
3441
3403
1894
3595
1533
3263
3919
4135
677
2078
3172
3905
1457
2407
2364
873
203
4181
3190
3748
1309
3619
2171
3994
3909
2269
3562
3296
1705
741
4493
4361
2465
637
3369
2565
3120
1736
2876
2516
236
3360
749
4123
1527
1368
1157
3570
904
3106
2039
3574
576
3173
2512
1392
197
1931
1605
888
2427
256
1655
4083
3804
69
3537
3493
3609
3675
2617
3598
700
2446
3418
2393
1402
106
953
3337
1244
899
243
276
3797
3120
4453
1889
2937
298
15
2282
1948
3703
3600
3426
2226
633
1417
4281
2006
699
