181
90
134
38
27
73
29
46
166
8
47
153
119
143
149
97
56
75
85
149
134
63
162
106
77
74
125
142
21
49
94
57
109
29
33
68
105
126
159
51
163
55
128
135
85
120
139
50
40
48
49
143
73
17
32
112
73
73
88
82
166
102
7
36
4
40
7
32
139
171
73
11
125
90
35
47
113
67
50
48
1
33
95
81
93
148
43
85
156
120
112
125
173
17
95
129
78
166
27
67
137
153
150
141
165
99
28
108
33
19
129
175
179
157
51
71
85
150
33
134
58
105
107
57
144
124
147
140
34
133
159
9
164
93
172
103
3
158
17
88
84
88
37
13
137
38
27
90
102
38
101
3
32
4
87
156
150
16
107
9
158
128
118
55
89
52
117
33
34
164
108
85
108
130
136
35
121
34
88
30
91
74
79
