200
20
104
99
105
97
98
95
102
97
99
95
100
104
101
96
96
100
99
104
96
101
105
96
98
101
98
95
99
104
105
95
95
103
100
97
97
102
102
104
103
96
103
103
100
102
96
98
97
97
104
99
103
99
102
95
105
104
105
104
101
95
104
102
102
95
95
98
99
97
100
96
96
98
104
95
96
97
95
101
104
102
95
100
102
101
98
99
96
102
97
98
99
104
99
99
105
104
105
98
103
99
95
95
105
100
100
98
96
105
102
99
103
99
102
98
98
104
101
105
96
100
101
100
97
96
95
104
103
103
100
103
99
98
95
95
101
96
96
100
99
96
103
99
99
96
97
95
100
104
96
98
95
98
103
102
103
105
102
97
104
99
105
101
101
104
100
105
105
95
95
101
104
104
102
95
102
105
103
100
105
102
104
104
105
98
104
105
105
105
105
104
105
101
105
99
104
105
103
102
105
96
