600
60
34
84
111
105
81
41
4
22
35
64
56
82
98
96
45
118
34
62
38
66
65
27
19
70
43
9
45
49
25
62
114
92
112
28
106
114
85
20
74
117
32
72
1
9
72
23
51
8
86
19
69
104
36
82
34
89
58
92
100
55
81
44
80
35
88
109
31
34
18
13
98
74
8
71
31
2
118
100
31
34
75
66
39
38
16
82
117
45
46
41
75
107
43
37
42
9
24
2
92
34
17
4
93
106
21
94
19
115
53
36
67
47
102
11
85
36
102
33
29
22
91
116
103
101
90
7
66
91
93
66
101
23
2
94
29
109
114
37
6
42
66
77
21
95
2
112
74
24
34
70
55
24
84
50
62
43
111
82
91
61
102
1
42
80
57
112
63
94
29
9
85
100
41
10
42
28
63
78
6
57
55
85
41
76
38
64
56
81
84
76
49
80
54
82
77
98
104
33
19
37
69
118
95
46
2
66
17
103
90
100
66
76
94
92
61
72
47
81
6
107
74
73
3
117
65
43
69
117
49
92
20
8
16
30
117
97
24
41
65
47
86
11
102
50
42
92
56
25
91
35
114
90
78
18
115
68
96
73
70
75
110
4
57
66
10
100
65
41
11
40
13
82
94
95
94
73
35
12
28
29
8
65
99
16
14
106
46
91
88
68
60
10
20
52
21
22
66
40
56
47
101
49
14
91
31
63
82
112
43
91
97
103
94
26
118
75
73
43
77
33
44
57
114
101
44
62
112
19
27
108
84
73
115
108
93
98
23
73
76
44
65
68
41
23
64
31
100
34
95
103
99
48
25
75
14
54
75
4
12
86
17
9
13
50
20
76
76
41
63
7
58
6
39
44
83
68
48
45
58
70
76
109
27
109
72
70
91
38
6
8
67
74
74
46
44
48
100
119
82
107
96
107
88
1
113
119
32
77
4
115
72
26
50
94
18
106
2
50
42
23
86
55
27
13
97
91
49
22
65
71
28
56
17
80
74
78
11
18
109
39
64
8
18
109
20
70
27
61
105
86
90
66
112
66
7
34
105
21
94
73
106
82
97
48
73
101
78
69
43
51
109
111
79
61
102
63
108
42
106
81
30
60
21
99
62
5
100
38
102
87
117
23
83
101
79
46
19
31
51
84
24
58
39
84
20
72
10
119
98
107
26
25
61
12
110
83
119
16
71
114
40
94
12
70
58
59
70
23
20
78
118
86
16
91
28
22
111
62
2
75
76
37
5
98
57
6
107
62
34
12
88
119
12
118
23
60
108
51
10
45
41
99
24
78
66
8
1
97
50
27
114
3
91
27
33
114
105
114
5
114
16
14
86
49
22
28
2
29
82
93
71
61
18
27
86
18
100
82
15
19
