300
60
11
95
68
84
9
48
99
77
29
39
39
78
51
73
40
32
61
2
34
48
19
93
66
78
34
3
46
81
5
60
47
41
52
14
88
64
83
1
3
84
92
61
75
70
14
68
58
16
45
78
29
3
72
29
91
65
85
59
70
10
1
81
24
13
56
3
64
59
40
58
16
7
71
6
45
96
41
79
76
37
43
52
69
63
83
61
81
63
22
14
59
3
76
2
89
9
44
94
66
12
71
79
6
71
33
76
31
25
27
85
87
69
84
84
42
81
58
94
24
39
6
10
50
21
57
44
19
49
67
92
70
25
60
92
94
75
45
30
39
23
64
76
78
100
95
84
76
53
46
8
94
77
29
9
27
74
13
8
27
66
20
39
26
76
84
98
31
34
67
84
17
65
79
56
27
79
64
47
13
100
32
77
63
86
97
80
40
21
14
29
22
8
18
83
4
58
24
82
67
99
27
84
94
82
98
38
96
98
99
2
13
86
92
66
59
14
71
87
68
74
75
27
15
5
23
85
61
27
32
42
15
77
20
99
44
62
77
25
39
86
77
93
53
97
84
41
58
68
28
54
54
33
86
57
100
4
46
6
25
22
70
55
20
12
80
26
67
58
12
36
52
20
72
98
76
12
6
42
71
90
37
74
59
14
58
40
13
87
80
42
92
84
20
88
41
42
76
86
39
92
