1350
90
92
165
112
110
122
153
160
91
114
124
139
118
159
131
117
121
176
139
172
117
106
130
130
170
119
124
159
125
112
107
132
146
176
150
142
107
121
165
124
93
151
128
141
103
173
179
97
128
160
138
128
132
167
131
108
112
95
176
136
129
91
105
106
148
159
156
125
150
114
164
102
111
176
121
124
132
177
148
164
125
161
174
129
142
122
164
126
123
122
118
144
163
163
114
142
123
122
91
126
140
142
158
145
125
166
158
133
149
148
179
116
152
174
141
179
166
96
166
107
179
136
170
142
113
129
179
98
120
92
116
173
95
139
159
118
159
165
173
111
105
106
114
111
171
155
167
106
141
150
112
119
125
99
123
103
108
136
114
161
95
121
157
102
148
91
107
119
106
127
153
109
90
130
124
132
147
138
144
100
170
142
93
124
156
125
132
167
111
132
154
166
146
134
166
147
152
100
149
111
133
135
151
104
96
95
143
121
166
125
114
104
163
108
116
169
141
163
176
119
156
164
130
125
147
159
166
144
163
122
139
161
99
105
128
159
136
145
133
138
172
106
106
157
179
153
129
108
103
176
175
127
172
170
102
109
142
97
112
124
134
174
151
169
155
124
154
94
112
129
127
137
145
103
166
148
171
177
176
148
102
174
136
118
140
123
127
98
113
165
141
109
133
118
110
165
162
90
90
144
155
92
140
95
168
128
179
102
168
126
138
140
154
103
139
123
176
157
136
108
174
173
174
113
122
111
92
179
91
101
107
134
91
168
156
100
136
139
103
155
110
165
170
155
147
125
108
165
148
168
170
152
99
172
136
155
105
155
111
110
128
150
92
116
100
152
107
164
95
106
119
91
143
116
156
92
132
117
162
143
171
168
128
137
145
103
134
141
107
93
126
135
128
120
109
131
90
97
149
150
95
99
99
93
107
135
134
162
171
164
97
132
122
104
161
144
114
176
110
124
179
98
119
137
149
131
126
179
172
113
122
142
133
130
111
116
97
132
138
169
95
91
131
95
162
123
105
158
167
147
178
93
177
95
120
168
146
113
174
122
125
160
122
106
164
177
120
97
105
108
108
153
153
158
162
118
122
117
95
176
166
130
151
137
116
125
103
116
159
135
147
129
130
145
171
115
99
150
165
164
169
141
156
170
97
134
117
95
130
127
169
114
138
118
98
153
151
138
148
153
139
100
154
101
100
116
120
137
133
172
162
147
135
96
130
128
146
116
101
112
95
96
139
97
106
121
116
135
138
144
134
171
109
136
126
139
142
120
140
128
139
99
163
97
123
163
124
166
129
167
175
149
125
176
150
149
112
148
161
159
148
117
143
100
123
158
136
120
144
139
171
176
161
140
100
136
170
168
123
137
159
163
141
106
145
147
123
129
93
101
137
94
140
164
137
95
131
143
105
159
94
134
137
98
103
117
172
147
101
153
116
92
136
142
146
122
139
138
156
153
155
110
175
149
176
177
155
145
106
110
100
169
145
90
158
139
120
103
168
128
129
93
130
117
91
143
173
103
126
97
124
148
172
122
168
105
176
169
146
112
138
112
138
114
130
120
178
125
97
169
161
154
163
173
107
101
102
130
127
125
91
160
139
115
90
96
176
108
120
128
106
154
169
147
143
139
167
139
95
114
126
137
172
160
162
158
92
116
158
100
102
97
146
173
99
103
177
109
152
177
106
111
155
93
144
142
173
112
151
99
106
126
143
113
167
144
140
141
132
140
114
104
107
118
131
140
177
144
165
146
130
174
114
148
171
149
102
124
93
111
117
91
115
137
176
102
154
114
122
109
124
144
94
118
135
117
169
127
146
92
162
109
135
157
176
150
92
151
154
173
126
149
121
169
105
92
101
178
143
102
178
149
140
175
128
144
120
151
97
125
144
101
120
147
125
113
153
177
99
110
155
172
142
116
112
145
162
139
96
127
100
98
95
92
166
159
98
168
106
124
96
165
132
157
169
139
103
107
169
144
138
129
168
163
179
105
166
165
113
112
143
99
113
139
171
164
154
128
161
139
106
96
135
113
103
99
131
146
171
156
107
117
179
102
165
116
95
134
172
130
140
107
102
118
123
142
146
136
103
173
95
163
158
143
90
160
173
131
141
93
119
130
99
104
99
153
102
156
140
145
175
135
139
173
179
105
167
145
136
168
125
92
172
137
139
162
116
143
119
114
124
98
177
125
147
141
177
98
168
95
103
138
159
119
119
93
171
143
103
106
152
116
111
102
129
139
170
93
121
111
137
133
108
125
116
154
158
122
158
143
157
104
159
105
124
169
157
93
111
136
168
109
131
90
166
99
126
151
147
175
174
106
136
163
131
116
111
137
129
108
120
111
116
125
90
125
146
126
156
123
130
173
122
97
142
168
106
149
124
109
157
115
178
97
119
128
127
149
150
165
165
126
174
129
147
95
137
117
110
107
92
120
137
125
179
156
145
157
177
129
178
131
147
110
168
93
157
135
108
119
141
131
133
156
90
132
95
99
179
156
114
117
114
132
139
177
157
158
130
176
133
175
139
137
134
105
140
161
138
126
117
106
138
145
166
117
110
140
139
138
122
108
96
111
143
104
168
138
159
144
132
109
141
177
118
113
100
171
101
124
128
178
140
140
168
140
138
142
161
159
136
143
120
120
133
120
139
124
175
103
146
158
95
156
106
175
125
138
103
153
120
124
169
93
129
169
91
116
151
106
133
117
133
99
120
126
138
94
103
97
118
149
154
154
104
167
163
104
164
163
145
179
179
115
130
95
129
116
100
132
122
171
111
136
166
176
100
105
156
97
129
112
110
144
118
109
95
96
157
90
95
91
146
117
165
122
162
176
174
161
106
132
97
135
143
94
171
148
167
149
117
119
117
155
132
109
121
137
146
123
110
170
160
94
125
160
115
114
110
121
120
159
166
108
173
104
159
110
147
132
133
176
102
149
142
158
124
163
116
158
124
167
115
99
98
96
126
155
163
124
154
173
93
98
110
148
130
159
112
141
129
155
141
100
172
91
146
123
168
126
160
132
127
123
115
135
160
122
125
98
95
124
109
159
116
97
170
95
144
157
106
