300
20
10
15
10
13
6
24
26
12
24
25
1
15
15
32
10
7
18
31
7
16
2
10
35
15
20
14
29
26
12
8
18
16
31
29
7
38
20
27
4
8
35
12
19
16
12
5
30
37
21
16
27
31
14
30
9
24
29
5
4
32
31
37
4
33
6
22
33
25
16
4
20
39
24
18
23
5
5
20
1
3
28
9
24
24
17
39
20
31
27
3
11
36
3
2
4
22
17
24
14
4
3
18
27
33
8
39
24
33
36
15
8
12
29
28
10
23
6
37
4
24
6
14
16
1
32
1
25
19
32
13
29
11
27
23
26
12
35
20
32
38
6
2
36
22
38
16
37
32
37
2
33
39
10
11
12
26
12
25
39
22
17
9
21
36
10
12
9
20
13
9
36
11
33
6
31
39
20
24
2
35
17
37
22
8
13
17
16
3
11
14
11
30
5
26
11
33
7
23
33
31
5
8
29
30
25
38
20
15
15
20
35
34
13
38
19
7
1
25
9
23
29
38
36
36
11
15
12
19
29
30
13
9
5
31
20
1
10
2
26
10
21
35
16
17
20
33
25
12
29
7
25
25
26
39
29
5
11
4
12
5
15
26
34
29
26
33
9
39
26
31
1
17
14
16
28
3
31
30
34
12
4
5
36
2
30
17
8
38
19
8
23
35
32
10
30
2
8
38
2
24
