141
70
231
686
436
351
262
908
1315
815
1129
1265
1380
811
1386
1282
859
29
957
784
294
537
508
512
507
918
749
613
744
396
1409
176
408
518
1157
1385
893
1308
686
1227
1090
523
931
955
1252
658
918
1182
1057
11
307
643
1057
830
996
242
1080
5
363
887
13
1159
331
474
296
593
608
1035
699
249
257
985
1282
1003
200
686
133
1265
851
1187
660
747
142
1034
1091
32
825
1369
579
947
210
162
1138
847
666
1366
431
883
1139
530
1407
79
182
737
878
779
1369
580
1410
1204
113
728
346
1124
917
66
615
601
821
1275
1295
998
1350
287
1146
710
36
1167
1100
1208
826
320
616
735
509
148
6
1177
1048
981
686
738
372
