1050
70
7675
948
9247
638
5107
2869
9480
2611
6661
7163
5882
3653
4191
404
1702
2700
8799
1020
5367
7478
7455
8017
800
2482
5708
1727
7048
5326
912
4173
4239
8530
1155
8700
1574
1408
4090
9188
8023
8151
6586
9087
1551
1308
2499
5772
1818
3095
8837
1675
3062
5125
2421
9657
124
3957
36
2287
10456
1610
128
5659
29
2664
3076
4186
9052
10058
10141
704
3400
2809
7899
4414
7886
9134
314
5474
7915
10422
9206
2799
5556
5744
5582
2650
7876
1999
4149
9096
6690
10111
1511
8600
131
9216
4349
6120
6582
4980
5263
8547
2683
6759
3760
6935
3227
1868
1688
9314
5639
1006
8732
7500
650
9045
3706
9484
7684
1627
6049
9866
6382
3347
8611
3137
4468
2714
7715
6189
1480
5858
7798
8978
8450
8101
645
1802
3808
1387
7562
2464
2236
294
3107
9917
9936
2000
5413
8485
5298
1649
3232
9906
827
3517
4494
3973
7434
1907
2962
10100
6203
8175
3321
723
4923
6353
3353
5794
7164
4923
631
6069
6551
6477
85
2100
9824
3127
2599
6213
7309
8911
7519
8420
8992
5136
8428
1360
6521
9227
6742
1715
7745
3313
6003
10241
6499
7463
7571
2103
4606
7253
3042
681
3501
4475
3872
9551
1449
4312
5510
28
6903
5721
2180
3125
6917
6872
5912
8033
3395
2155
6093
1565
2702
7755
2639
1997
8291
1769
1471
6796
8038
10490
8686
8791
9530
6986
3619
5297
10223
223
1177
9146
9104
5085
4330
8583
6236
3402
4536
3025
5335
8915
6407
10158
5922
8869
2287
6373
5774
5954
4167
5916
8279
5623
6334
1333
5678
8940
2400
658
5055
2895
2648
2214
4490
8697
4641
10194
7262
6724
6029
5723
9905
10419
5506
7991
7014
7085
9640
2165
5382
3331
2060
9517
1541
382
8885
823
8365
1968
9259
7014
4548
7072
4964
8463
3962
4960
3283
9642
8209
186
5265
312
6192
4836
5325
3360
5575
6132
5217
3893
8716
5654
3748
6937
5057
5049
9214
6837
504
5546
2006
4679
7231
4073
4757
3647
2137
9650
6385
7387
4366
4443
4556
6352
2862
5506
3897
8404
3564
8373
9791
1164
5220
8357
10496
475
3292
10168
6278
1325
1215
2919
5167
7192
8015
6101
7856
6884
4620
4383
8686
2683
5974
784
10469
1885
8418
966
7241
9086
10131
1185
3078
7013
7577
961
3274
2009
2095
3948
5712
4278
9513
1202
8814
7950
8792
3949
7384
10028
3121
9510
17
9225
9909
5720
9965
3601
2811
5471
2655
5824
8125
5900
877
542
9387
2426
9162
6717
5270
6794
9760
1270
2431
5693
4141
8679
4718
8472
6871
10443
4394
7663
6141
137
6731
2426
6824
3122
2761
3858
9715
6865
9820
8076
10255
6759
2570
10146
630
4458
8101
8
1831
5056
10233
3234
1677
8361
6993
2408
6328
2095
4914
8326
8638
1042
5750
8463
8180
8404
3569
2980
837
9068
7300
8943
5442
3592
1080
1788
6237
1405
5491
4898
649
7794
2820
1337
657
7226
551
8309
7744
7721
8645
5764
8998
4016
9307
4051
6257
8905
2741
6877
8640
2249
8112
8680
3016
1994
8616
2267
4231
9588
8267
9069
518
8096
4985
6410
1371
3409
2242
3552
5501
2806
9238
9841
4163
5824
4290
1359
7715
3575
10212
8039
8113
6429
2774
1507
9425
3763
7615
6892
4551
6570
2194
9609
4769
4616
3832
5113
5123
10065
3779
9324
3046
1044
9081
6507
1864
6427
5238
5009
1947
10438
44
6180
5624
10458
5887
9626
3187
7339
6290
5996
5283
3953
2416
2488
4735
10161
1424
5502
2312
651
702
9215
5728
9049
2891
5035
5629
2174
8129
8875
3238
10234
6841
5516
8490
861
3591
1820
3883
8556
7519
9555
114
2113
5464
10092
3780
9563
7328
8303
1680
2128
8546
10117
9024
9435
2015
1634
7676
8764
1422
9210
5299
7612
8828
9638
4984
6517
980
4369
10416
8592
1488
4033
374
9604
2575
3513
6604
4917
804
8899
722
6810
1090
395
714
8073
6701
226
9205
6745
8116
8453
6765
7147
1083
3497
10168
4372
1384
1492
6728
7170
1756
4276
2908
10495
1451
8421
6262
5199
7788
4487
2106
10368
6629
5420
6081
368
9442
9469
10333
7651
5642
1627
875
8645
10058
8476
1280
6792
6921
5790
7816
5874
5851
8171
9131
6866
384
5397
4228
4366
3365
10028
5071
7559
3661
2081
271
5946
6570
6923
1419
9370
2617
9660
9750
2607
3598
8554
6747
859
101
9441
1136
9826
1699
8065
9835
1651
4024
10005
8192
7403
2553
5475
14
6286
5432
9645
759
8363
6376
10027
7381
3706
9460
8782
5895
7426
5730
4803
2905
7319
3829
1667
8513
301
3917
7609
9380
2411
3644
4617
6863
4593
9657
6656
4804
2731
1746
7838
6575
7697
4279
4615
3017
1178
562
5739
3788
2129
2315
4711
3401
2152
6286
3394
3945
2982
5297
7579
6593
4575
2567
7889
1471
547
35
3590
6345
8417
5950
2468
5604
2791
625
4489
682
49
4424
3457
2868
8931
666
7495
820
10183
5940
2621
9333
4731
8117
7578
9692
3221
1971
4516
5138
2855
3790
4638
4409
5035
2724
5429
7930
3011
8330
8547
3695
275
1795
2588
9361
7402
1115
9854
579
174
10312
7641
6758
8947
90
5342
9661
6992
8022
2233
2579
8349
1026
5797
1275
6154
761
2483
9670
7154
2048
3395
1886
7328
9783
4714
356
2317
7386
5739
8509
3954
10243
10213
6886
8525
5033
7280
6758
1507
602
424
5487
3712
8325
2529
872
4033
10309
468
4524
2830
6128
771
1926
3474
3278
2708
532
257
2987
4971
8694
8752
6449
3864
8006
298
9193
830
5009
5385
4964
9542
6435
7396
8960
4434
185
9624
4874
4929
4664
4941
3267
7324
5862
2257
5749
8726
6979
6778
3776
7284
4574
1754
6008
9776
3627
405
2673
2362
9981
4859
1326
3015
8846
6576
184
6229
4052
8912
10003
5457
10237
1073
7684
262
6696
8895
2227
2716
9789
1556
4634
8346
4231
4520
8192
2430
3715
7668
7909
2707
1172
6252
10066
10019
160
1503
9734
7310
547
2549
8585
4182
10298
3716
9679
2632
4588
1090
4786
9371
9795
8104
3727
8376
7510
8245
9172
5408
2679
9275
8733
6638
10217
6088
9895
7559
8111
4741
9008
3407
8276
6570
8175
8454
9581
1409
3111
1153
212
3393
