141
70
83
77
81
129
87
89
75
72
87
132
88
81
95
76
86
95
121
129
97
109
127
139
114
138
118
117
79
80
113
82
121
96
103
138
92
119
102
139
90
122
83
71
100
104
134
120
120
134
116
136
107
72
96
87
123
139
137
104
119
132
103
121
71
134
126
86
100
100
83
95
74
133
129
139
109
82
119
119
120
98
88
130
77
111
80
122
74
138
81
110
130
97
71
79
70
128
113
81
72
126
76
117
127
125
83
115
136
139
109
127
72
116
70
122
124
120
84
99
79
97
129
70
112
123
81
121
117
127
134
120
123
76
81
112
78
78
100
113
96
92
118
