1050
70
119
122
134
76
70
88
138
91
84
90
116
92
105
109
70
130
134
118
71
86
79
75
102
115
131
127
74
112
125
76
125
125
119
119
109
122
91
136
83
87
111
75
92
82
103
81
75
139
104
138
89
76
100
92
131
122
124
124
138
98
91
116
89
95
93
139
96
97
84
106
111
94
128
82
92
92
103
129
111
106
134
116
135
139
70
74
76
132
118
88
116
111
93
82
106
81
125
72
73
82
130
71
100
118
113
94
87
117
70
107
99
97
98
87
129
119
109
138
123
139
125
87
95
135
135
112
98
79
82
89
72
109
99
75
106
113
102
132
89
82
115
89
77
131
134
131
128
134
98
111
134
105
131
79
125
106
133
90
79
110
70
102
93
136
130
110
127
138
138
106
118
79
93
98
120
78
94
76
93
83
86
118
112
129
130
118
74
79
88
137
83
74
102
139
119
92
127
115
81
122
76
136
72
107
82
70
108
83
74
116
80
128
91
111
108
90
132
70
95
86
81
132
93
123
75
91
111
110
82
89
137
72
91
91
82
91
133
116
129
109
86
109
95
104
84
87
110
98
122
102
101
131
81
115
103
89
80
77
120
108
94
81
101
115
70
135
118
135
111
133
90
101
105
117
127
93
76
102
112
98
115
98
108
139
76
129
115
109
81
106
74
85
71
131
108
116
136
115
125
115
96
71
122
86
131
104
107
70
71
123
99
99
82
135
70
107
125
123
86
116
129
85
123
129
102
82
85
73
134
111
83
136
90
97
89
118
92
116
98
113
139
134
119
136
77
80
73
118
119
102
108
80
118
133
76
74
123
115
79
80
72
72
107
89
138
80
119
89
126
127
96
107
135
129
96
122
121
125
123
80
98
87
125
103
70
93
130
90
108
93
129
87
124
120
89
112
130
138
100
71
70
98
93
135
115
73
107
135
132
111
125
115
80
112
109
93
104
114
118
128
84
119
77
100
87
70
92
117
101
100
138
109
96
102
70
72
118
97
124
121
80
134
122
79
83
80
134
76
107
88
90
78
122
85
78
119
105
99
100
122
139
139
83
108
121
136
99
80
71
137
99
89
135
107
116
107
122
82
81
108
115
110
92
88
139
75
104
71
111
87
77
118
102
125
76
106
76
115
83
124
108
72
91
77
119
103
132
99
127
109
123
96
89
93
71
93
111
127
93
106
103
132
106
92
109
116
81
121
84
103
94
135
83
98
83
77
99
134
87
102
111
110
110
107
80
85
110
82
95
132
99
71
105
137
73
107
97
104
111
106
96
124
90
122
80
108
76
128
115
75
136
87
131
110
109
125
104
123
93
115
103
107
125
77
70
88
72
82
119
109
87
108
75
137
82
123
105
87
118
117
111
87
90
89
94
118
107
132
90
129
96
83
70
109
100
84
120
127
80
119
108
115
114
90
112
98
84
92
128
112
134
114
99
119
122
113
127
92
74
112
111
116
132
95
133
76
138
97
99
136
103
112
128
112
117
97
119
91
113
74
90
112
88
137
134
133
108
105
117
113
123
94
110
124
112
90
70
135
71
122
137
107
88
86
111
79
113
103
87
113
95
75
105
87
79
103
70
120
93
102
92
90
135
99
76
93
132
73
129
89
132
110
139
99
114
104
97
98
76
129
133
132
114
80
109
122
85
116
99
96
81
115
83
121
116
97
87
130
118
110
138
93
83
94
109
123
139
124
78
128
70
119
80
73
136
78
105
115
135
72
91
94
70
127
121
128
98
74
82
113
89
114
113
131
77
139
103
113
139
111
71
122
112
119
111
135
124
110
89
118
133
115
70
90
129
96
81
117
108
88
80
135
122
101
119
118
119
114
71
97
116
93
92
71
102
116
78
81
131
126
81
82
81
106
88
105
102
125
85
107
137
98
90
120
89
73
83
75
108
135
79
101
137
128
133
94
117
136
110
107
116
90
74
94
99
126
89
95
100
132
128
121
101
109
114
132
76
102
110
104
100
99
132
109
114
134
113
131
74
134
132
114
116
99
135
101
102
85
83
101
138
86
130
118
90
121
93
85
87
106
134
123
119
134
116
87
81
94
127
76
131
99
96
81
138
80
81
83
119
83
97
114
110
90
82
105
96
117
84
106
100
91
78
75
80
80
124
112
70
125
132
125
70
78
97
77
119
131
88
137
122
124
85
116
71
99
121
70
74
84
139
102
77
138
104
139
104
101
118
116
116
111
133
91
98
110
119
107
107
118
76
120
78
123
112
121
118
119
81
134
114
84
118
85
130
102
111
90
83
101
122
82
97
118
75
86
99
118
74
89
98
109
119
127
71
94
139
97
128
99
137
94
75
127
113
96
133
104
92
85
114
100
134
109
96
106
86
126
134
117
79
120
70
95
70
87
95
114
90
103
