300
60
1971
660
1928
598
1452
129
2415
874
43
2793
93
2048
391
945
2725
2879
903
619
1602
952
2490
2371
1965
1116
1184
1403
1615
748
2704
1824
531
2762
2107
1225
2546
99
91
406
1180
2104
760
1977
1097
1705
89
2865
2871
1242
894
1939
1768
2233
1686
2664
216
2535
2412
218
1130
2451
1619
2065
2837
2767
2477
767
707
1557
324
194
2395
2371
992
369
14
1589
279
2802
1912
1463
2634
736
1813
512
527
998
760
2203
2427
2947
1582
1943
2926
1454
882
1556
1040
175
260
2987
2868
1203
496
2760
2739
23
150
1963
610
10
2808
92
1448
98
1541
1519
1803
2734
2974
1933
2692
1569
2750
2392
747
285
1432
2906
1488
892
1974
1682
308
475
1171
2454
1983
2701
2109
2445
1310
1511
1242
1375
2618
2859
2528
2131
581
1823
525
1419
513
1697
1362
559
1550
2190
865
912
720
1679
2671
1911
352
1247
2783
2568
1842
2270
1387
413
2107
790
1578
2087
1641
1468
1863
1760
706
1038
2975
1999
184
607
1515
885
890
1868
2249
674
607
1289
1888
2693
2798
101
2078
1679
21
2053
2654
913
895
286
2651
1600
81
2861
2343
2950
665
96
710
2603
2101
2237
1973
327
2797
699
1814
1741
128
1458
418
202
2430
712
134
43
941
482
1617
2200
260
1622
1036
284
170
2383
2421
2506
2424
820
463
1792
333
2998
1004
2770
1083
270
1889
2581
290
435
2025
2293
2131
2966
2539
1906
1075
932
295
225
2028
1904
1801
623
1819
2717
1760
962
2540
245
1969
1377
2687
1897
129
1450
2164
168
1732
2584
2258
785
504
2206
22
2841
2504
2410
2340
554
48
47
