300
60
97
70
67
96
95
75
67
95
101
67
119
97
76
61
91
75
97
108
74
76
67
64
111
112
62
69
110
92
105
112
107
115
114
81
73
97
75
117
102
93
114
62
71
104
115
75
111
118
109
66
108
104
65
71
80
75
72
96
107
98
109
105
80
84
82
84
113
117
114
64
94
92
88
67
66
74
88
65
100
76
91
109
112
82
76
110
105
92
116
76
96
82
72
74
112
111
82
114
71
117
99
81
99
92
81
119
119
66
77
84
67
61
70
100
112
118
104
79
70
78
103
96
102
71
115
75
91
87
112
88
69
106
112
88
111
82
84
82
63
116
115
62
86
65
75
104
85
115
103
102
77
96
112
78
71
99
87
64
76
66
94
75
96
89
92
90
96
80
108
63
106
82
119
116
118
110
112
63
69
115
83
106
117
92
114
88
70
63
63
61
76
90
107
105
75
116
104
69
94
114
69
68
117
75
113
84
73
89
71
93
81
83
104
101
110
76
80
77
86
94
82
102
80
111
105
85
62
102
87
72
110
84
79
78
108
106
108
112
87
106
97
75
82
63
99
76
67
113
69
74
99
70
70
90
98
91
105
110
74
114
116
80
103
81
63
86
65
119
70
73
88
113
111
93
107
92
94
117
78
78
92
95
116
76
100
91
109
110
80
75
79
109
67
87
113
96
67
104
117
96
