1000
100
73
136
141
113
139
129
108
140
154
168
56
157
130
130
186
170
96
152
95
57
149
74
76
170
153
22
163
140
172
106
59
53
57
158
157
9
158
36
151
14
15
134
176
175
189
199
116
4
23
123
56
194
109
86
118
164
127
144
39
38
103
197
132
103
18
89
38
82
28
113
39
94
28
164
157
89
156
20
178
72
25
34
194
28
139
60
43
98
188
49
26
180
149
148
93
78
171
182
40
2
95
121
106
117
109
11
165
14
106
60
152
145
11
187
133
68
197
6
76
164
120
30
132
174
113
174
121
197
183
18
82
94
96
122
43
31
28
83
109
171
50
60
4
160
71
73
184
138
186
39
58
182
181
164
38
92
64
60
142
17
199
189
193
53
159
101
156
98
169
36
80
139
115
184
125
127
109
138
57
197
156
47
147
192
129
118
13
68
127
23
126
8
69
149
134
55
56
77
18
38
144
102
38
123
177
26
172
164
125
165
99
120
106
23
29
93
97
22
156
184
10
163
51
26
110
124
161
197
135
169
62
10
118
175
8
5
85
156
30
5
152
91
94
117
71
184
182
194
158
90
171
127
11
181
110
21
60
83
166
39
119
191
114
63
103
193
133
84
22
158
121
72
160
105
23
134
123
177
95
147
163
5
77
45
86
58
129
96
149
11
16
40
59
100
15
59
2
13
186
1
63
161
64
34
90
34
67
111
83
3
161
112
161
158
182
172
38
178
187
185
87
14
126
143
78
163
59
177
50
100
37
79
156
167
172
128
195
22
147
190
128
188
79
113
197
162
79
53
18
64
173
66
176
157
121
53
148
103
134
147
133
45
125
134
176
91
137
116
115
101
69
11
194
179
123
92
36
64
158
130
24
67
97
11
179
160
43
57
73
54
44
122
186
120
62
48
36
48
93
151
38
85
123
44
62
28
188
148
158
124
183
152
25
161
171
36
105
74
179
72
181
8
61
8
34
1
11
155
158
19
183
38
67
6
192
96
191
86
103
153
38
24
195
160
46
126
173
43
60
143
50
59
187
110
115
91
188
112
137
95
72
150
67
123
192
133
72
164
82
159
177
173
97
44
138
170
162
188
186
55
74
64
174
94
28
37
3
67
140
191
168
19
165
56
12
72
91
140
124
14
190
95
127
136
168
178
132
74
138
85
148
146
96
24
64
173
174
22
176
28
17
99
62
30
65
23
21
55
72
190
154
39
35
17
8
41
82
194
112
33
117
95
13
151
52
145
187
59
42
141
138
115
17
37
97
118
97
63
112
94
112
78
136
15
178
180
113
110
67
114
31
21
146
69
86
82
91
120
140
81
52
169
34
135
38
172
83
114
129
95
117
69
61
197
44
98
81
29
21
150
178
38
83
95
178
91
14
43
155
115
13
134
41
142
3
73
120
111
3
78
71
126
106
89
79
179
172
8
181
33
149
73
161
106
180
67
89
149
155
15
21
141
119
3
156
82
122
25
141
183
100
60
136
4
18
27
17
35
167
197
120
124
106
23
2
150
101
166
160
83
82
16
13
82
118
179
117
145
170
95
131
83
41
62
176
17
112
114
20
19
31
172
85
23
7
41
199
177
80
176
73
108
66
81
162
129
162
139
182
67
178
147
150
133
85
99
28
93
174
125
60
145
126
110
167
163
73
158
11
19
59
146
52
184
170
163
116
106
144
28
120
15
177
178
186
75
14
188
158
54
182
2
163
39
143
86
97
52
31
158
170
196
68
156
161
95
38
19
82
104
111
131
4
91
182
138
86
85
1
180
20
71
61
170
148
3
108
175
138
102
9
116
195
30
196
146
148
29
49
71
59
13
42
56
1
52
118
121
185
152
153
102
47
17
12
113
25
60
71
18
164
68
118
15
84
112
117
193
105
2
131
65
103
90
118
24
146
56
94
105
4
24
5
79
167
146
171
51
146
90
57
13
31
112
34
159
150
117
198
156
158
171
115
135
94
196
91
158
106
169
14
167
74
179
20
112
113
73
111
107
68
25
48
66
75
23
33
81
125
38
141
35
179
36
116
60
95
178
196
196
48
13
118
120
31
41
155
79
61
102
166
53
161
158
153
142
151
38
20
108
152
177
145
187
24
17
29
111
2
185
189
8
167
128
84
3
107
18
109
4
176
129
194
82
112
78
165
142
51
46
51
73
75
169
49
42
67
45
21
49
121
96
169
115
147
78
179
1
132
4
161
130
137
98
22
32
147
53
54
126
39
24
155
121
122
52
181
25
5
98
136
148
137
141
20
67
5
130
130
109
