300
100
184
38
125
151
21
145
111
95
173
9
26
64
68
142
109
103
140
20
129
155
35
194
37
83
104
128
73
76
109
29
71
133
59
89
63
181
82
6
23
69
115
62
198
41
74
157
20
139
139
187
132
153
68
152
46
195
48
122
189
63
151
69
23
93
86
83
75
162
65
130
3
2
161
17
173
142
113
37
183
133
183
78
75
70
1
162
174
40
105
107
102
102
84
143
94
109
33
160
74
22
97
183
128
160
165
131
191
161
22
131
146
81
32
95
127
132
98
31
186
144
118
158
169
19
2
14
97
67
2
92
185
115
77
6
174
179
131
99
64
16
9
35
185
88
189
57
121
136
149
97
62
184
84
167
152
115
36
130
183
112
92
185
25
54
60
76
160
21
17
110
177
152
134
9
97
174
127
112
184
45
169
66
151
98
7
180
107
186
6
160
38
96
170
140
20
147
121
54
196
101
188
38
134
122
191
14
195
53
35
130
43
102
100
136
14
51
151
112
45
146
69
95
133
70
185
171
199
63
140
52
191
10
80
100
33
83
3
12
14
95
152
67
28
62
120
86
191
81
165
153
95
93
66
35
125
97
198
9
39
15
14
112
150
89
164
72
30
193
180
185
29
159
119
62
189
116
17
108
162
178
108
32
68
100
21
64
119
145
168
181
142
40
54
186
55
153
52
19
3
125
