400
80
95
101
100
95
97
97
96
99
97
99
101
98
98
103
96
97
98
99
99
98
96
98
100
104
102
102
99
103
105
97
96
99
98
95
104
99
98
101
100
96
95
104
95
95
102
103
105
102
99
105
99
96
101
96
104
98
96
95
97
97
95
101
103
102
98
99
97
103
102
98
105
98
95
103
104
103
104
105
97
100
95
104
95
95
101
102
100
102
103
101
98
103
103
96
103
100
95
95
105
97
102
99
102
101
98
101
99
102
103
105
98
98
99
101
101
100
98
100
100
98
99
96
102
97
105
105
95
100
98
99
99
97
98
105
99
97
99
97
103
104
100
95
99
100
101
98
105
100
99
96
103
101
96
101
104
102
96
97
103
104
101
95
98
104
98
103
98
95
96
101
103
105
104
98
105
99
102
96
95
98
102
97
104
97
105
96
96
103
98
102
96
95
104
97
100
102
97
99
100
103
105
104
97
96
97
96
102
99
102
104
101
102
95
99
102
99
105
102
95
104
96
104
101
105
98
96
104
95
103
101
99
102
101
96
95
101
95
97
96
105
100
97
95
100
104
98
95
104
95
98
98
104
98
99
102
98
103
104
95
100
101
103
96
104
96
104
95
100
96
95
97
101
95
104
105
100
99
100
104
98
96
95
103
102
101
95
98
98
97
96
98
100
99
103
97
101
96
105
99
101
97
103
100
101
101
96
97
95
102
95
95
99
103
105
96
99
104
103
103
105
101
104
101
95
100
105
101
104
104
100
102
96
95
101
95
99
97
97
98
104
97
101
95
105
104
104
96
99
104
98
102
98
98
101
95
101
98
100
100
102
98
100
99
101
102
98
95
97
103
95
105
97
100
97
99
97
103
101
96
101
95
96
105
105
102
105
105
104
96
103
103
95
95
95
97
103
101
101
101
104
