350
70
39
132
41
121
4
128
81
93
45
15
138
46
47
13
139
16
77
77
42
122
54
127
64
11
20
131
35
122
27
74
78
73
117
34
104
7
8
66
3
58
115
12
136
59
38
67
72
120
36
137
24
25
83
6
97
58
47
99
87
113
18
99
104
18
73
54
5
63
11
64
133
4
61
108
85
104
80
83
138
55
135
43
20
103
75
46
136
56
48
41
24
76
125
74
131
57
125
124
95
104
124
139
59
84
23
121
104
49
42
20
73
66
47
59
24
57
131
52
77
64
138
133
120
66
91
71
85
22
27
1
58
7
123
52
10
34
59
105
115
117
105
99
119
45
73
83
75
94
49
66
24
57
1
26
68
62
24
72
63
128
110
1
138
7
129
12
54
12
60
23
133
118
87
33
73
29
13
20
81
122
57
41
114
40
91
66
94
78
115
118
97
76
10
62
76
48
96
94
11
97
53
113
41
7
134
134
96
98
9
77
25
25
43
97
98
52
53
64
56
101
15
76
91
28
19
107
87
43
57
6
35
43
48
93
61
1
51
40
5
87
84
102
49
116
83
61
136
20
72
65
59
35
4
47
56
118
19
8
25
124
99
126
98
72
84
137
7
131
55
100
108
52
89
136
88
28
5
52
34
60
114
106
111
110
128
138
31
35
79
122
124
109
8
98
47
116
54
88
139
12
78
31
134
22
104
95
40
79
32
40
63
122
130
89
14
54
10
9
137
136
78
136
6
129
6
28
139
52
78
121
110
93
43
29
100
51
27
28
99
42
15
93
139
96
91
86
2
9
62
127
