180
60
29
113
18
41
38
63
5
24
31
24
48
100
115
62
104
34
99
72
66
64
105
106
73
30
82
63
108
36
64
44
19
36
56
91
35
49
79
103
13
1
29
94
117
71
13
23
75
12
114
23
61
92
103
99
111
12
14
56
41
58
91
71
52
112
109
80
112
34
94
6
2
5
12
50
52
62
111
37
76
96
65
74
22
101
2
46
99
31
27
79
41
86
111
9
47
34
44
14
63
96
68
31
114
16
32
3
10
73
17
82
35
101
35
80
20
33
28
58
7
94
24
113
43
95
46
12
93
116
75
89
5
67
11
79
7
100
27
64
7
75
25
2
100
32
34
61
103
81
51
6
10
1
10
13
67
32
65
112
31
102
88
4
90
41
8
74
13
10
110
105
69
94
33
16
26
65
115
95
60
27
