161
80
154
142
115
105
133
95
82
93
140
131
81
157
85
145
81
124
115
94
158
153
146
132
144
110
113
125
146
92
119
86
126
131
131
135
139
102
123
113
89
129
117
124
115
81
153
89
148
117
109
143
106
154
80
153
139
151
117
131
118
117
91
134
119
131
90
113
106
128
150
111
98
130
86
88
108
126
119
81
83
107
128
131
82
83
92
124
122
80
135
134
129
111
146
88
91
91
96
139
84
138
108
156
92
95
110
132
149
91
88
153
129
101
93
114
134
145
141
101
150
88
159
129
104
142
151
89
118
137
97
133
127
123
135
154
91
88
91
99
82
143
116
138
140
144
91
133
153
132
128
107
153
151
133
100
141
131
90
112
104
121
99
