800
80
100
101
144
134
146
130
126
155
158
81
155
93
144
137
113
134
100
116
156
81
133
109
147
94
82
148
121
115
84
80
136
142
82
149
119
153
101
124
132
155
135
94
141
133
100
84
108
112
146
137
118
83
83
109
153
120
119
81
125
138
128
92
128
82
103
121
109
105
85
154
126
122
88
90
81
90
142
156
82
105
86
144
107
141
135
148
146
140
148
103
144
89
148
153
80
86
159
135
127
120
114
107
154
152
159
129
90
144
107
89
117
156
130
113
156
156
151
104
151
87
109
132
154
126
138
88
100
136
86
92
102
142
111
123
131
91
158
153
155
122
134
94
82
124
90
128
141
90
93
110
90
142
123
115
141
102
148
113
152
83
135
82
108
97
111
142
155
158
133
84
124
80
144
105
99
105
128
149
114
92
119
92
109
136
154
103
123
108
93
120
148
93
158
129
98
130
89
158
133
101
90
158
116
147
159
148
153
155
111
112
134
142
146
88
121
111
141
97
135
152
84
147
86
105
90
126
127
146
131
147
148
111
90
108
82
115
130
136
131
150
118
134
84
80
87
104
124
89
143
91
146
113
133
114
152
109
113
88
105
114
133
121
148
128
131
103
120
132
135
135
146
158
136
143
147
138
159
97
152
158
135
152
117
133
153
83
97
141
106
152
86
90
140
81
144
112
154
87
159
120
115
141
138
129
84
135
141
143
121
104
93
91
156
131
129
117
136
155
138
130
118
108
87
117
88
153
93
95
113
86
150
92
124
144
104
114
107
126
147
151
115
97
140
115
142
124
150
103
137
125
102
94
123
157
95
136
80
106
140
142
138
145
150
105
86
104
124
90
94
124
117
159
127
143
131
154
151
143
102
117
124
134
89
159
98
96
141
146
83
151
141
137
154
100
106
158
118
113
84
133
98
151
149
141
97
145
149
153
120
138
131
132
88
81
99
98
131
110
149
135
115
119
80
141
159
147
98
114
94
152
152
106
157
145
106
91
136
91
89
113
99
158
118
106
130
112
137
82
152
120
89
125
126
140
157
138
136
143
109
156
104
87
96
96
152
133
100
154
103
126
91
144
131
98
137
105
152
132
93
130
92
82
152
83
151
131
115
94
84
120
132
124
156
125
80
108
133
150
156
142
139
84
106
82
153
114
93
100
104
158
119
102
112
111
141
159
85
89
118
92
127
83
94
146
83
139
115
127
88
107
100
144
96
149
88
99
81
93
89
132
83
157
90
159
98
159
95
82
135
120
146
158
95
127
83
84
94
83
118
157
148
133
101
155
96
142
155
111
88
148
112
96
124
138
159
94
106
141
114
91
159
154
144
136
157
138
125
140
104
124
148
123
141
122
106
155
116
143
107
142
140
131
92
114
85
127
145
151
83
151
127
108
156
142
129
115
82
123
105
131
110
121
101
151
100
103
81
96
98
156
104
134
119
103
142
114
154
137
147
147
119
108
82
127
147
133
81
122
159
132
133
132
110
114
85
115
91
157
83
87
135
159
107
114
156
80
154
127
125
147
138
148
110
96
100
142
100
154
117
148
115
143
86
94
93
112
121
135
134
121
89
108
158
146
145
158
139
156
113
117
85
140
118
89
158
116
115
145
127
93
112
84
152
98
115
116
135
108
156
104
143
90
158
144
100
103
123
93
134
136
99
99
90
91
129
154
88
101
159
108
80
99
147
111
114
156
144
148
159
81
154
121
100
103
115
154
136
124
134
137
123
106
137
158
129
154
101
126
155
99
138
88
147
132
81
127
154
156
119
104
107
86
103
140
127
106
125
149
147
106
158
86
98
150
148
97
136
148
122
136
