900
60
102
100
109
87
72
63
87
81
67
100
89
116
119
78
76
77
104
88
107
65
75
75
97
76
68
79
103
71
91
107
110
115
70
101
105
106
98
98
63
111
90
84
68
99
119
82
103
78
99
60
83
75
118
82
74
110
109
104
116
100
88
67
111
89
94
104
119
110
115
115
79
80
112
84
83
60
106
116
98
104
100
88
114
105
61
60
67
60
74
96
61
60
117
115
101
81
106
98
76
117
117
90
95
119
92
73
62
101
114
86
109
70
118
95
73
119
111
116
119
73
101
85
108
90
116
106
108
73
93
73
114
70
78
107
74
79
83
62
103
117
74
79
88
101
96
63
119
108
76
81
91
114
92
71
103
69
87
102
115
91
115
68
84
89
83
99
97
70
108
91
107
67
83
108
109
86
119
119
88
101
65
93
65
103
85
88
88
103
74
73
66
74
60
76
70
118
74
117
117
72
107
71
85
68
114
118
117
73
81
90
88
111
95
82
77
117
70
90
65
70
116
65
97
90
93
60
82
87
66
101
101
111
104
96
105
61
106
118
84
64
101
104
86
100
61
62
79
87
68
115
81
94
102
82
107
64
98
72
80
71
107
69
64
92
88
107
78
92
95
115
114
79
88
68
88
113
94
100
85
81
103
66
78
77
117
69
75
70
65
66
92
95
110
66
112
90
119
81
88
110
81
77
75
89
81
110
88
101
80
92
98
116
106
97
105
118
92
72
100
113
69
70
76
74
117
68
82
64
81
111
101
115
76
119
68
70
88
89
73
115
79
88
115
74
98
104
87
96
100
116
89
73
97
69
119
115
62
66
67
114
92
86
111
87
72
105
109
90
99
78
91
109
109
115
101
95
119
119
98
77
81
112
62
88
60
74
118
105
77
113
117
102
84
118
84
67
99
100
95
107
114
95
102
70
106
118
83
84
88
96
68
106
107
104
93
115
105
92
76
114
62
114
99
63
66
78
104
81
96
91
71
104
77
61
101
84
70
65
113
111
74
68
83
119
89
110
116
75
97
99
92
87
92
109
112
106
86
106
83
70
104
88
80
111
68
106
66
101
114
96
95
117
86
78
91
114
83
113
103
81
82
108
63
88
113
65
61
110
116
92
61
60
115
104
73
96
105
97
76
108
115
83
78
117
81
103
89
109
109
82
85
75
107
62
115
114
108
97
85
105
104
79
82
94
60
91
81
61
88
69
65
80
82
117
95
72
112
119
95
116
90
83
108
92
60
119
72
73
73
65
105
67
93
62
63
91
84
99
65
75
96
118
119
101
85
115
69
86
69
113
81
88
71
108
108
69
70
105
109
66
91
100
106
97
117
97
82
106
71
65
106
76
60
79
98
65
79
108
75
108
65
61
116
114
73
67
80
68
61
85
75
85
75
91
86
82
86
116
104
81
118
80
66
118
73
65
103
106
91
92
117
66
108
101
100
87
77
62
76
76
77
90
114
64
93
111
73
105
62
95
60
72
83
84
78
76
66
83
95
103
76
116
91
110
72
104
89
75
84
101
107
110
63
108
81
77
80
88
98
70
96
62
90
68
115
106
100
83
86
105
69
100
87
70
76
103
66
81
101
110
98
112
88
108
64
80
94
62
80
88
62
106
64
116
83
106
74
62
67
118
92
107
107
88
115
76
103
103
109
77
70
82
98
92
117
97
92
85
104
77
119
91
112
72
98
70
67
93
102
89
84
76
79
112
110
112
84
65
67
105
98
70
104
109
85
106
61
76
88
110
100
91
119
108
99
94
72
64
82
67
111
63
81
94
75
105
118
83
74
67
115
118
100
99
90
75
107
104
63
85
67
115
67
74
83
111
72
99
111
71
104
64
114
86
67
75
92
76
100
80
111
78
116
110
112
72
109
109
111
92
115
65
119
69
117
100
116
97
85
68
62
119
98
91
109
84
71
117
69
115
71
80
60
119
78
110
64
101
81
100
115
110
60
98
66
117
113
87
66
93
99
107
101
74
99
107
63
95
87
80
86
113
63
116
84
61
100
65
84
82
117
80
68
109
76
94
87
72
111
114
