270
90
103
102
105
97
98
96
95
104
97
101
100
104
100
97
101
102
100
100
96
102
100
97
100
95
98
99
102
95
105
98
103
99
99
104
96
104
99
101
105
102
95
102
95
97
95
97
97
99
103
98
102
102
95
100
102
105
103
100
97
102
99
100
102
99
98
103
99
102
101
96
102
98
96
100
97
105
99
103
99
104
104
103
97
105
101
98
101
104
95
103
101
102
104
97
95
105
103
99
102
98
98
97
99
104
99
100
100
101
98
101
95
103
105
98
97
104
100
102
96
98
100
101
105
101
103
96
100
103
100
98
95
98
96
103
103
99
102
97
99
99
101
97
95
96
104
103
102
104
98
102
98
96
101
104
95
100
101
98
105
105
98
104
96
97
102
101
99
103
97
101
105
95
96
99
96
99
99
104
96
100
95
105
101
99
97
105
101
103
99
96
103
105
102
96
101
104
105
99
100
95
95
100
104
102
103
102
100
100
97
99
101
95
105
105
100
102
95
103
98
99
99
97
102
96
104
101
102
95
100
98
96
102
97
100
101
99
101
105
100
102
100
97
99
98
102
97
102
96
105
99
97
99
101
105
105
98
96
97
104
97
101
99
103
102
97
96
105
105
103
97
