1500
100
3001
11532
11951
2788
9
11729
5241
1321
10036
7599
11531
5624
8574
10620
7605
2675
14807
12067
10713
11440
5384
6319
9668
13236
4173
8351
3389
13719
2152
11250
669
4709
1826
3942
11668
341
11660
498
4989
13438
6436
7868
6647
3868
11991
6621
14931
11146
5754
3576
14262
6167
264
12335
8357
7273
2784
11733
10421
842
1568
8926
63
14305
1814
13396
6306
2147
6549
5587
10616
14747
12425
9936
9200
10190
6866
2127
1542
19
1636
14534
6622
7394
12073
9582
1138
5076
7769
3576
10061
5848
10377
9659
690
5449
14464
9129
14249
9322
12521
9272
13297
13605
4901
10345
12099
8536
5187
1093
14173
13693
13683
21
12455
9697
10994
2433
4161
3026
14545
2941
8568
3281
2001
11400
13463
3618
981
1160
7220
10440
5401
2088
8477
11694
5061
11405
8879
11730
9038
8180
5186
9877
4665
5924
6211
9721
1159
9725
10475
11120
9127
7995
7142
7922
13499
5608
11656
13860
11729
3209
9513
7179
14576
5674
1968
12465
8758
2336
3382
7478
3810
580
9371
3194
12528
7306
2677
10925
13617
1446
5766
14615
14113
14268
11378
1388
431
2461
5879
10103
13522
2912
11823
9977
14034
11396
12610
11919
12424
10122
216
1869
7405
1574
5589
4350
9178
12856
1042
3031
5901
5537
11625
5561
11825
6004
8398
6731
6252
12115
193
14642
2472
9443
12255
8001
10861
1717
7324
2007
4260
9494
733
11310
2463
13257
3146
3495
9454
4946
12672
2633
11805
3472
14949
4257
830
7472
3364
10483
1498
827
12230
1875
621
11077
5620
9723
2545
12768
4855
5124
12477
7076
10127
13890
10030
14131
6672
11748
12464
5146
12476
2311
13426
2632
11627
14948
1218
8119
6556
2556
2124
3684
13449
9738
3999
2761
8815
11853
5433
13017
7994
9242
9215
9578
14393
9160
4497
1354
7756
7898
12731
10331
1093
5451
3157
3497
4033
4535
10623
5866
2553
2681
14179
535
2362
13521
2762
11223
4363
14430
13789
13046
13407
10777
12848
4519
9558
11684
3131
12984
13781
725
3179
11490
496
3572
4122
3937
6977
14397
12332
3799
5749
10097
11138
10710
14526
643
6518
14403
2990
10004
11223
3228
542
6335
5035
11328
9276
3671
1668
13596
9003
12572
7991
3847
5053
1729
7726
6891
8467
10846
7616
10105
10267
10180
1011
3761
1549
14609
7750
10427
7935
1797
14584
11124
6037
5103
5668
14403
6430
6938
2495
1682
2863
14513
4052
2006
14384
1764
11811
3998
998
4046
2517
9242
12053
3171
10313
9223
2984
1687
801
1959
8115
6490
8428
14715
6434
7874
11124
2444
7717
3830
13090
8104
11412
5121
3063
6777
5158
9023
14195
5956
5667
5400
3664
3283
1898
11695
5316
14914
7541
3179
11513
13228
12351
2997
8322
5109
1264
12444
4039
7362
6118
6734
8010
14664
1073
12952
5995
12065
4428
11085
4548
7005
1873
1265
4354
10717
10685
11111
12748
2127
3036
2856
1699
40
4754
12130
7619
9058
5491
5911
3258
14647
3635
14100
5816
1989
13799
12268
3515
3889
2806
5212
10570
5752
466
6111
2312
12894
10112
7685
14601
14102
1706
8678
7541
11606
13728
6544
9255
607
11446
9267
1310
264
13496
4504
2736
13806
6678
7047
11506
10292
13050
9040
3286
9281
2574
3773
13754
5405
12802
13318
7858
4279
10158
13522
3388
12203
10925
11598
7872
6903
14444
9886
14037
6207
2101
2227
14635
2291
3560
9345
369
6187
10824
5904
14801
2550
5143
4273
13289
3
12592
14889
11754
14532
3366
13789
12229
11624
13504
6422
599
14915
9747
9833
7276
6482
2636
13793
1966
3868
1951
4431
9831
11882
3245
14337
9281
6486
12903
7384
639
7534
11418
1532
12887
12395
13900
1175
1088
7054
6672
3008
6493
8181
11500
9681
14766
12832
4576
1104
12266
9950
2360
14240
11088
108
3116
5833
4553
14562
12392
14066
5993
14669
3110
10487
5058
8661
5162
13891
1996
5120
248
4545
12657
3553
10635
3588
6299
10867
2160
5879
9333
1414
9192
10114
10595
13647
12290
3231
1683
664
10345
2436
5071
4548
9536
2637
11991
3210
3616
11964
9292
4149
13244
4415
4095
14637
9833
10856
4280
1264
5085
5961
7040
12139
2175
10152
8087
784
3823
7914
11889
13048
10010
9170
11104
8084
6067
13062
7380
8264
6093
10336
14267
11675
4209
11019
860
2297
8336
2745
1545
107
7636
9553
3213
12123
8810
2398
6144
11044
3898
10936
10702
13092
3562
7931
9078
4725
8605
7838
550
12889
6069
1066
8366
13277
12377
8032
14602
3020
446
152
528
2317
8044
5430
8622
423
8575
11
14367
6499
4323
7841
13100
10672
5487
4325
6471
5489
875
1560
10293
8472
7367
5188
14226
10264
6062
534
3362
9620
6035
673
14624
1674
3372
12888
2694
8134
3459
8642
11362
12102
3365
6147
9067
5250
6906
4272
9060
12894
10788
3499
7308
1477
10932
11624
13386
14303
11461
8921
575
10490
14129
8691
11298
11339
1827
11288
13415
10773
13059
6558
11498
5397
14569
14364
6257
4522
5096
594
14400
3690
14125
3018
214
2194
4057
8641
9000
10962
5517
11634
1150
11816
7580
103
2347
3612
1494
7884
2459
891
12105
14726
3115
13878
7751
202
4923
14558
4426
1317
8406
8225
12759
556
10298
10784
7466
6080
1479
10608
6011
14532
13259
4865
1245
11347
1565
14897
2539
4609
7618
7477
10708
12016
13554
6076
201
511
5329
4615
7305
12692
4884
8344
4612
11014
9334
1686
11338
13554
3159
4336
647
7381
14754
11228
978
14710
13123
6424
6049
11863
5722
8460
10431
13749
8265
4816
6740
8758
8355
8561
10263
3951
12698
1010
2547
14277
7074
3853
5170
8421
6136
107
1896
14984
4590
5978
9255
9678
7490
10489
11135
11996
2093
8785
12142
13162
8484
9081
11426
3146
5560
12490
303
13953
11503
4660
10802
2275
4739
11446
11065
6608
8071
5203
6703
10691
14531
4490
1475
4314
8481
10694
4208
11968
11576
14885
4216
201
3354
5658
7879
2994
178
6245
12738
10687
9901
9652
9143
13542
5133
7064
3034
9107
4017
5632
10477
14639
542
11691
14004
13603
6597
9171
14076
8475
7531
2564
8625
8122
11552
12958
2181
9073
2453
4293
8059
1235
6493
976
689
4060
2485
491
10407
6256
1338
429
4723
2015
1892
84
5416
475
13670
13950
10254
11253
4031
6546
12210
10112
10427
6674
5889
7343
7684
7679
179
12581
1630
6507
9579
6468
9686
3816
2974
10629
13994
2369
12529
6000
5822
9413
2709
401
2357
5104
2445
9820
8423
3371
8239
195
5071
11324
65
5397
8835
1687
5232
10047
4571
13395
12617
10955
4660
3692
12349
9751
6813
596
3106
12971
5401
7226
10178
14967
6367
11446
3148
9675
681
4386
2538
6733
3048
1536
6699
2561
8874
6029
5472
2900
5781
8112
9647
507
148
5703
11168
294
6010
10833
2346
1614
6286
10917
9192
4647
12035
13369
1040
9054
2651
5028
345
6067
11509
792
347
69
6058
13867
7922
9910
3503
3992
3476
12375
9073
10651
6688
6315
14147
12409
12399
10718
5886
6501
10033
7776
13303
14864
2856
8673
8909
11805
2594
12500
7882
1999
7080
11068
14251
13798
10532
9135
5595
2982
7081
2751
13078
6240
7447
9748
7174
174
5478
14062
12058
14140
13818
6785
4016
7134
3082
2142
14296
5135
13377
5787
4066
8904
14095
14874
14216
2829
7242
12619
13567
11773
9291
3892
8691
2920
3343
8286
530
1498
1506
5152
5796
14214
10222
10439
3534
13614
6426
7930
10906
6792
3717
12865
7904
10125
10947
12092
13495
10202
271
772
12970
13464
4597
11343
4839
3694
405
7570
13826
4228
136
3856
13746
2532
4054
3662
9564
13315
14500
4158
574
5460
2011
7421
2651
11161
9586
2892
314
13192
13816
13042
2052
12076
14697
2961
14370
11958
9101
7971
935
9233
9133
3080
11574
4489
9862
7469
9650
1391
5907
3732
1229
825
13605
3278
13063
9780
8088
12162
6303
3599
8918
835
9941
150
3270
11590
13808
12076
11280
10730
8877
8437
121
7303
9192
8213
2169
9761
7809
10017
14684
13512
5743
721
8078
3885
2986
10882
1424
9668
3971
8477
5685
4676
13605
729
2225
5872
8764
9948
4640
11591
1332
8458
13112
5629
7336
10613
14823
4598
6000
14969
8491
8972
1040
8314
13107
6033
2597
7788
7577
6427
8112
6771
6759
13516
11616
12460
12994
12602
11982
5047
7281
11694
711
12038
1594
13402
13446
5091
8205
5701
7644
8504
13333
14693
4782
728
5317
13709
6143
8150
337
12107
3551
10222
10306
12500
8165
740
6616
6501
2902
12748
10722
6807
7871
1945
4321
11480
12593
13655
986
3625
8711
4073
6762
59
7403
7672
13210
6768
11127
9017
2150
8709
8356
14224
13864
13149
2634
9327
11485
11624
437
1252
7228
14607
10162
3552
4115
11346
4208
11809
6394
10101
13172
13060
10225
579
9589
12795
2411
11258
10722
10563
14806
5216
3200
5677
2797
4763
1703
5065
5706
13594
10005
5404
3808
5151
8155
9374
10965
13184
5088
13691
5442
6210
4129
10316
12987
5445
13962
5419
11524
1817
7842
9662
14477
3387
4971
4388
12394
5643
447
13991
9311
9510
