181
90
643
792
1089
486
125
1199
689
1704
1052
43
1294
1795
1111
1297
1621
1418
58
209
690
217
1506
1445
432
744
266
1150
697
1513
1562
897
854
1072
824
1129
189
1457
1783
151
1337
275
1729
1631
1601
410
1171
1461
46
267
1760
492
1439
1150
730
752
404
320
309
236
1356
1310
1224
436
1452
287
734
1800
278
531
1769
368
874
1667
444
442
1171
1128
1353
1256
1257
1411
172
948
689
628
1726
809
1552
1798
1125
527
261
84
1614
987
1160
1651
686
885
799
1198
197
382
1107
184
545
551
1624
849
748
1532
60
884
1566
765
1309
177
1090
315
71
553
909
1392
290
1583
1095
581
1664
49
624
272
105
178
572
616
552
1759
1317
708
488
1330
155
1551
1688
541
1554
699
793
1021
1128
943
1384
340
417
456
1116
390
897
1459
1705
1753
856
879
253
462
1630
637
682
421
60
1265
1166
1465
1061
1428
1304
1802
1435
842
1028
1117
967
