1200
80
12
97
63
36
3
49
72
64
51
89
83
20
71
86
2
95
95
21
41
43
21
89
59
43
78
55
87
34
18
52
52
79
65
100
64
64
80
59
11
29
89
62
10
93
73
35
70
2
28
20
92
48
95
40
67
68
39
4
89
54
100
23
83
66
48
42
11
77
13
73
1
87
53
50
56
72
24
77
27
36
96
79
86
68
27
28
74
44
97
40
33
40
30
81
5
88
41
61
84
88
30
36
56
46
6
47
29
28
76
25
22
15
98
28
96
63
51
33
11
97
24
10
19
97
18
85
41
27
6
43
19
65
32
82
84
12
19
6
16
79
67
45
3
10
72
62
15
42
14
12
73
95
61
92
19
78
50
77
24
80
25
90
8
54
100
54
61
64
86
88
67
42
84
82
86
66
45
80
57
49
21
61
81
31
42
27
20
97
51
96
67
51
12
87
98
53
1
28
83
76
97
48
69
58
88
29
49
70
49
38
60
22
97
80
81
77
2
7
100
21
10
31
42
12
33
99
26
9
50
17
30
39
39
34
58
64
14
22
26
82
96
92
61
62
85
22
27
87
36
27
54
79
84
69
22
68
64
60
36
86
76
85
15
24
18
76
82
42
89
65
68
14
36
76
44
29
60
12
8
11
99
29
31
100
56
24
11
51
64
18
82
58
18
72
75
19
33
24
85
24
13
48
79
39
69
17
44
68
48
48
97
48
37
13
50
32
78
37
32
2
59
13
76
54
26
100
30
14
95
54
28
100
62
61
91
74
2
88
24
92
40
18
91
76
92
83
79
21
62
36
64
33
32
42
71
31
79
68
72
64
20
26
4
39
82
100
8
7
32
100
51
80
41
75
69
62
39
80
11
15
72
7
11
72
30
60
91
55
70
28
97
22
57
43
71
79
46
94
97
15
93
92
77
40
25
33
10
81
84
52
53
57
11
100
64
58
7
93
42
62
69
12
91
62
31
31
53
11
43
71
29
28
70
57
67
80
93
59
3
82
22
59
26
44
28
22
93
72
92
79
6
59
58
91
32
96
36
42
88
92
69
69
57
12
31
95
50
18
81
61
74
23
19
33
18
6
81
69
57
82
57
59
15
37
5
12
62
74
34
53
13
26
58
98
49
67
54
90
63
98
62
19
31
100
19
77
95
51
89
20
4
4
27
25
83
77
16
89
85
82
85
38
17
60
44
94
30
96
73
73
44
6
73
86
73
19
51
16
35
24
92
76
15
87
95
76
18
27
93
8
88
41
56
26
47
7
36
72
37
7
78
80
10
100
23
4
69
35
38
66
24
27
70
43
79
86
56
40
54
6
19
18
85
45
85
60
23
39
98
37
18
76
41
45
67
53
96
23
25
53
95
37
97
78
85
81
97
68
82
27
61
28
3
76
60
15
65
98
23
55
90
13
16
86
69
14
46
22
41
83
77
98
85
98
79
22
37
70
26
51
64
14
20
41
99
86
99
55
4
86
14
12
24
31
19
35
59
52
12
58
51
8
9
15
21
78
70
12
41
4
31
27
36
7
14
33
32
64
57
94
84
5
55
55
55
43
44
73
35
94
100
32
86
90
67
68
33
60
7
97
72
96
71
68
97
53
20
50
5
24
16
28
27
93
43
43
84
57
77
18
46
72
34
97
11
73
98
99
42
44
15
67
45
2
5
49
53
6
47
4
11
57
78
43
78
23
36
49
26
19
56
28
21
17
87
46
3
62
97
26
24
1
19
13
1
55
80
66
74
96
42
7
51
41
53
98
85
30
36
7
26
54
4
93
95
98
27
79
14
91
55
67
81
67
75
25
24
64
83
18
11
76
86
69
63
88
51
72
55
94
99
91
53
59
98
32
39
1
43
30
9
76
88
24
80
69
53
43
65
19
31
26
20
84
48
11
81
38
76
19
4
71
72
46
17
84
47
45
49
49
41
70
19
79
55
23
53
66
43
83
43
82
80
23
14
72
88
79
52
12
82
84
52
100
49
76
34
37
63
3
64
4
67
5
55
53
76
72
21
62
7
28
90
5
46
24
38
3
36
33
61
19
29
27
90
43
11
26
76
7
16
2
75
47
75
66
40
19
87
21
12
90
45
72
54
13
15
3
8
28
72
35
58
49
34
8
27
63
74
88
74
27
3
42
54
24
33
97
62
14
55
46
90
4
84
15
93
23
70
36
77
21
88
24
75
38
14
20
74
20
78
91
84
52
70
42
84
5
12
41
50
41
50
1
89
37
1
8
47
20
85
57
48
15
92
71
14
15
61
23
43
61
74
75
84
74
9
33
82
22
90
12
42
38
97
29
48
66
80
78
10
69
82
70
76
5
34
40
96
92
90
14
57
77
96
77
93
29
11
89
23
7
1
81
88
9
86
72
39
25
64
13
1
38
16
12
1
60
12
23
12
63
36
22
10
66
54
15
93
79
44
52
99
64
83
22
78
87
3
40
23
44
64
39
12
84
12
13
44
85
70
50
58
62
95
2
74
63
87
36
7
84
22
18
51
43
93
35
4
37
67
73
83
49
28
82
52
44
83
80
74
27
20
11
97
81
48
99
84
100
80
42
26
53
54
55
68
27
97
88
25
46
5
14
45
53
92
40
67
37
96
54
82
60
49
20
95
15
11
86
47
93
92
51
44
39
9
45
31
4
97
51
76
32
27
35
44
26
14
53
18
52
89
99
78
89
70
48
63
36
54
53
40
76
24
11
66
80
59
5
