900
90
179
112
126
150
144
141
95
120
176
120
106
117
122
151
175
117
140
158
151
163
121
104
178
106
138
109
105
130
129
122
109
141
108
167
168
105
120
91
124
98
112
136
127
95
127
99
147
165
116
113
166
99
140
119
90
112
177
154
106
148
119
176
118
141
130
166
154
163
95
108
106
127
107
107
157
126
123
132
113
121
90
154
102
161
117
134
95
120
142
145
161
147
104
125
102
137
145
149
118
98
121
133
97
91
143
136
101
138
157
90
160
170
119
119
129
102
168
123
113
176
150
116
146
101
174
116
151
99
174
109
142
101
124
96
99
107
108
177
92
94
125
179
120
98
134
131
136
172
130
146
96
123
134
90
145
127
142
125
111
93
146
91
129
114
157
164
136
93
155
104
100
93
156
160
177
91
107
109
132
107
90
177
140
169
101
160
124
125
134
111
121
132
133
93
98
126
140
93
140
118
137
176
92
115
91
115
119
168
125
175
97
120
145
126
129
116
160
167
128
90
105
171
119
108
144
97
94
103
148
95
127
137
178
126
139
137
176
136
115
102
152
98
145
93
95
148
156
165
179
157
174
121
141
90
179
129
94
117
105
154
168
93
133
137
167
116
134
114
163
119
138
97
94
128
119
162
96
158
155
123
135
113
162
162
139
149
91
98
132
127
129
112
136
100
128
151
148
113
148
123
133
158
94
116
118
127
139
144
91
119
171
103
91
115
148
153
119
104
149
151
179
108
140
138
174
156
92
116
159
135
103
133
143
133
154
147
155
139
140
178
167
137
120
90
160
140
127
155
157
127
116
107
152
111
108
173
174
142
108
93
134
119
105
109
168
177
98
157
170
120
155
144
152
154
175
134
122
162
179
107
164
97
177
98
142
161
116
143
163
118
123
175
178
93
160
125
95
170
163
169
137
165
167
156
121
97
107
145
153
160
152
108
161
116
179
117
171
163
160
169
102
179
123
92
105
93
132
152
163
105
172
102
122
172
133
176
160
156
173
107
165
153
122
157
119
133
98
141
167
164
98
101
95
144
171
178
145
131
149
154
129
96
157
100
110
166
169
96
175
154
150
102
116
110
136
179
159
141
150
131
91
154
175
90
152
117
126
97
151
116
128
167
136
120
126
90
170
175
175
104
164
152
124
112
137
146
132
138
102
165
118
164
140
171
153
164
172
134
155
124
163
101
156
179
142
121
119
130
178
158
154
104
104
155
126
106
176
111
117
123
128
125
120
179
90
169
154
156
113
121
102
142
145
110
167
156
123
153
149
164
161
163
167
147
100
123
166
167
139
140
112
137
174
175
90
108
127
170
132
143
177
124
156
144
179
151
123
177
124
142
174
151
147
113
112
111
105
140
159
173
141
105
92
90
159
98
146
106
171
107
139
149
157
114
175
114
105
103
165
138
130
135
104
170
93
114
143
91
122
119
130
178
167
174
138
171
147
120
172
92
126
140
170
105
108
172
161
98
108
178
97
163
134
94
111
162
96
131
150
170
169
98
170
156
179
152
90
159
121
99
155
158
124
136
158
131
129
98
148
176
143
108
113
153
117
150
150
133
96
101
127
150
152
118
103
176
110
115
161
154
92
111
130
156
163
90
113
91
123
125
97
161
119
166
177
120
105
161
110
138
152
138
97
155
161
119
167
159
135
137
125
143
143
173
179
150
90
142
101
176
148
134
135
179
143
127
117
119
153
169
148
153
93
167
119
122
126
90
147
122
164
172
109
147
96
104
125
95
176
148
108
98
130
117
112
151
149
95
123
134
170
178
112
142
146
143
147
112
114
106
105
122
147
152
101
175
113
166
150
142
163
155
155
166
153
165
135
132
105
94
101
165
104
171
156
158
151
122
175
114
104
138
125
141
162
125
106
134
150
105
121
110
113
175
144
137
144
165
123
167
131
108
137
157
140
172
160
143
90
174
130
101
159
151
117
99
176
149
95
165
158
116
104
166
102
147
177
141
154
144
133
132
169
103
126
159
99
117
112
118
179
136
165
117
128
110
114
140
148
137
112
137
118
177
168
142
139
121
125
103
