1050
70
62
127
88
73
38
104
75
67
5
16
21
125
104
20
101
53
65
137
105
47
133
133
26
38
1
15
86
86
52
117
71
119
126
94
23
5
45
3
63
136
19
62
59
113
75
48
64
96
25
35
72
137
82
33
95
51
16
137
60
138
50
114
81
43
125
19
36
29
26
8
133
55
27
132
17
43
115
76
93
19
89
55
59
137
88
139
105
28
89
56
102
51
96
80
126
56
4
126
101
105
62
70
60
132
96
20
120
125
106
107
136
74
83
20
71
29
60
104
25
18
30
90
60
103
99
82
26
103
19
20
121
45
30
20
100
17
114
45
113
124
120
60
12
104
63
118
68
43
80
18
93
67
15
27
9
90
88
9
15
74
5
81
95
67
106
90
83
111
34
35
111
36
130
118
49
127
1
108
107
84
82
15
89
79
98
82
6
52
8
26
72
60
92
3
96
94
77
116
46
21
125
130
64
91
107
69
12
51
135
18
135
105
137
8
61
80
37
131
76
52
5
14
136
115
41
129
22
79
12
28
88
33
78
12
69
127
121
106
115
112
23
82
25
32
40
52
48
101
115
98
21
136
131
54
15
72
26
111
94
105
11
37
79
55
86
16
19
24
32
31
36
71
83
113
38
135
2
114
127
9
129
127
129
6
11
120
55
64
104
92
25
20
102
13
105
124
71
126
50
113
76
83
106
84
59
124
28
77
123
33
99
54
88
131
34
105
98
28
112
49
44
123
59
5
99
131
45
74
68
101
39
62
105
107
36
109
139
60
57
91
98
29
129
12
28
23
41
88
25
43
63
9
94
115
118
7
133
116
125
36
134
60
70
1
26
49
122
79
6
106
53
28
6
81
58
47
16
92
57
45
54
33
34
16
45
100
53
113
34
49
114
101
100
9
37
111
31
9
5
19
50
82
53
136
82
6
34
126
128
71
123
109
27
117
115
52
5
15
88
32
33
37
125
82
16
7
4
75
57
79
56
83
63
107
16
40
130
28
15
123
3
57
123
117
70
16
18
137
112
87
119
44
98
72
44
3
6
111
36
23
18
117
53
15
91
35
17
2
84
60
129
41
105
48
51
137
91
51
112
46
120
106
95
96
113
53
138
75
3
110
138
77
67
31
126
51
134
25
112
13
109
87
61
100
123
127
127
58
116
82
116
56
109
68
38
102
40
24
9
55
36
119
102
18
23
64
82
122
138
40
37
7
71
49
124
88
64
83
72
125
33
49
124
101
64
86
22
36
120
75
56
82
11
49
131
59
34
6
58
11
52
36
90
71
127
60
14
47
93
69
43
89
98
22
100
83
29
73
17
94
88
130
60
111
67
55
7
73
88
74
57
124
96
60
63
71
30
125
81
85
64
82
48
66
95
86
20
114
109
113
75
84
69
103
33
24
77
87
37
124
136
110
97
36
67
44
87
95
36
22
83
96
21
116
97
58
92
106
90
87
26
29
78
76
88
118
122
121
131
26
118
127
92
5
94
82
136
46
46
59
110
112
17
85
87
89
16
127
66
82
30
2
115
119
80
131
61
129
36
42
111
116
50
74
89
96
30
56
41
111
65
41
67
28
137
130
83
48
112
68
30
71
4
81
53
70
75
15
82
53
70
33
56
19
43
5
57
97
92
90
50
9
16
16
108
99
127
41
52
28
9
19
3
13
12
87
74
17
82
136
11
107
76
19
4
88
34
1
10
133
39
10
29
93
129
113
77
59
70
7
110
107
39
30
9
117
120
131
134
60
51
61
33
4
51
137
12
112
102
106
1
109
31
77
46
138
7
34
101
116
82
81
110
12
92
86
4
96
127
44
132
59
74
77
132
39
40
115
110
11
104
106
112
132
112
128
50
98
138
18
86
81
113
21
36
26
1
35
10
134
106
5
19
27
5
79
38
97
104
119
43
50
12
98
15
34
95
58
135
21
106
98
100
126
98
29
48
18
106
16
20
16
11
24
4
90
86
38
2
74
93
16
17
70
32
17
125
40
137
95
37
82
59
110
17
24
32
48
31
99
92
130
85
125
40
105
109
77
35
4
97
73
114
79
33
118
29
75
23
7
110
9
93
133
134
64
127
97
126
115
37
4
74
17
94
79
71
30
100
131
131
89
29
55
128
57
68
89
81
18
138
32
22
134
108
56
98
108
53
132
59
108
138
132
130
136
3
130
17
110
113
124
28
64
77
131
102
129
132
139
115
25
31
8
124
25
101
44
50
76
91
61
100
66
59
45
126
66
55
109
125
6
75
70
77
129
9
43
120
81
53
113
102
13
115
15
72
92
68
66
137
128
88
77
17
114
130
65
3
34
4
75
110
45
128
6
50
97
126
49
18
35
108
44
60
58
135
82
46
27
108
50
69
52
97
117
13
54
18
33
