600
60
100
89
60
117
97
107
106
64
87
62
114
102
64
98
105
108
61
82
62
92
87
111
71
100
94
111
66
114
89
89
73
107
71
79
71
101
94
65
108
63
90
102
76
69
70
99
60
66
111
60
78
105
115
70
76
84
86
68
95
82
101
70
84
102
87
72
107
115
91
111
74
110
112
103
117
61
66
60
93
74
104
68
116
92
76
91
86
91
71
88
87
103
97
63
113
100
92
100
94
92
89
82
111
97
74
88
71
61
86
73
92
97
97
66
100
69
94
117
112
73
110
115
119
76
119
64
66
108
98
90
103
79
80
88
78
93
106
67
68
92
78
92
79
70
89
63
64
73
97
81
92
94
113
68
96
89
65
94
73
76
107
98
78
115
103
115
96
84
119
68
115
118
72
73
70
82
80
78
72
74
110
80
81
107
109
76
74
80
66
86
85
67
115
85
68
81
75
117
106
70
106
95
104
106
65
67
82
72
71
89
117
60
71
101
75
105
89
64
85
73
61
76
75
100
97
69
111
64
98
110
67
98
70
74
108
117
64
113
106
90
107
78
92
83
75
86
111
110
105
86
73
85
75
95
60
102
80
103
61
64
83
100
92
110
64
83
100
99
80
63
87
76
86
67
63
84
115
80
65
89
118
92
68
63
76
67
79
76
111
86
97
105
67
97
65
85
100
96
97
112
96
116
70
73
63
102
111
100
117
75
105
106
85
79
89
118
76
87
112
78
73
107
99
103
65
60
81
106
82
67
82
103
97
90
75
73
100
83
94
107
65
94
99
103
86
100
118
66
67
105
63
87
73
64
92
117
107
116
112
86
68
86
94
117
94
107
109
106
110
86
60
86
92
72
60
62
91
65
86
76
70
112
71
83
75
108
86
85
111
101
79
90
84
63
90
104
108
99
78
112
70
113
109
78
70
94
102
88
86
99
76
119
110
100
65
78
68
67
118
92
109
91
78
99
93
103
91
80
64
85
84
103
93
85
75
103
113
90
112
67
75
68
101
78
74
72
108
80
88
104
116
63
91
87
104
71
88
96
88
82
79
60
112
76
114
88
103
75
119
67
83
79
80
77
85
69
109
68
92
96
119
69
62
76
91
90
67
94
76
77
115
67
70
68
74
112
104
70
109
82
112
81
76
116
94
111
99
104
83
66
67
102
112
65
86
72
108
105
94
90
83
97
77
84
82
88
75
91
118
87
92
92
111
116
77
62
97
103
72
98
111
77
102
76
80
104
78
67
101
102
82
68
69
92
71
69
90
80
97
64
75
66
112
113
102
115
112
98
72
96
116
116
69
67
107
71
87
64
84
119
90
67
64
97
97
78
66
110
95
74
79
111
65
102
80
74
112
117
98
103
