1050
70
8952
10293
9284
5077
5077
4157
370
998
3009
9367
5197
2994
6720
4019
10355
777
6527
7225
3837
7985
5906
3144
2316
481
9535
9725
10127
6053
2040
141
9459
6142
10050
3245
3
1722
9586
8899
9004
10388
3301
9696
247
1259
3157
7858
10405
9821
3892
8563
9555
8563
3422
7675
7841
4646
2092
10038
8493
10265
7970
2087
8310
5940
6340
4758
7064
6068
7992
7592
9882
9466
8596
2977
7342
9940
4286
8140
4631
432
630
4993
1200
7051
9790
3082
2152
3233
2360
3126
2336
3085
4577
4327
819
6048
2082
1507
3201
5005
10265
8808
2693
10301
9659
2036
6993
4941
10341
4819
8070
7394
2436
7645
4399
9469
10135
9973
9607
3949
2959
7057
536
9760
362
10204
2420
7702
2907
10075
10109
8920
3848
3692
6019
3763
3796
2775
5332
7379
8287
8675
5688
4655
10465
7408
4366
5345
6802
180
6545
63
4400
4474
3992
3972
450
3844
2787
3703
360
8232
6774
4698
6501
8518
5472
3711
8549
5266
6853
4064
9769
7009
3917
9853
9467
2741
2926
2175
9010
8721
10414
5665
1345
5185
7751
7257
159
9317
3229
7257
140
3005
1232
753
881
4626
3539
9505
5342
7670
1868
6163
8001
9179
7986
4952
4622
675
5796
8934
10468
116
10451
2540
5221
6704
7523
3052
974
4044
907
1600
7285
3217
1573
10090
2350
437
2616
6336
380
3827
693
10481
9420
9287
4759
7162
6623
7967
69
4483
923
9663
5083
5938
7581
5620
512
1454
5064
7703
363
8458
1169
3331
5690
675
6764
5898
6576
175
2124
4215
9018
3087
7084
3310
7294
5694
926
1739
5587
7957
3707
7599
3479
9287
1220
936
4687
2698
9423
7224
3181
579
6928
2093
4607
6085
2711
1381
5635
6863
2691
3020
2523
7831
5879
1054
4772
5131
4088
3156
10258
4457
8961
1992
3256
788
3210
3672
8389
827
9742
6576
5297
2449
8614
7879
235
10290
7202
7809
2437
8471
6594
6976
1721
7501
8069
5710
8533
5638
9949
9114
8009
7810
7657
3451
3536
7563
5298
7752
729
5150
6340
8977
7501
2023
7569
6131
9895
2575
8126
3963
302
5624
5427
9114
9585
5402
2484
2797
4731
701
4715
5987
1108
2576
399
9141
8060
1739
1950
4007
7715
5439
5831
2933
8381
5888
6768
5725
7156
9025
3769
9012
9496
585
1783
9091
9282
265
8888
287
6819
6804
2904
9257
9760
2710
4101
5053
4031
879
5396
1713
363
10018
4401
2310
342
1297
439
5409
6365
3009
1276
1832
2069
6653
788
3442
191
4437
8306
3553
10464
7898
10252
4360
6497
9992
7589
593
7929
2907
5472
6795
6501
2329
3149
9911
964
1540
9813
621
5630
5605
9471
7384
2781
329
5371
2555
1144
9422
2214
8853
1391
7336
9576
953
9806
9836
5596
9483
6603
9419
2514
1927
10211
3249
5525
288
4216
3504
6231
2822
8528
5407
302
7860
4595
2183
4831
6941
7424
190
312
546
7584
5631
7870
6580
8491
876
2504
1222
3756
10356
4737
1214
10491
10170
579
374
10234
2948
5235
8199
8934
333
91
4981
681
9767
4298
3225
10234
10400
10196
4661
8923
9571
9836
5782
5373
6396
3004
7112
10328
46
4700
6883
4238
2381
9488
10500
7074
3784
14
7108
7528
1788
1595
10050
4791
7103
966
9857
4949
2785
6286
5408
400
6795
8287
8576
7530
2862
236
7492
3174
9710
1786
4840
8118
2901
6580
6329
1665
8790
10098
6561
7449
10462
6051
9240
7535
9200
8741
3380
5495
5390
7773
2857
1821
2212
3041
10178
4834
6350
9341
6695
2097
10033
4735
5173
4111
2026
7401
8350
5655
7488
4272
4483
1270
9517
3721
2569
7192
6181
6311
8894
36
6051
7174
2540
3910
5912
9090
4413
2790
7776
8959
2273
9509
779
8790
9545
6056
7538
9020
710
5232
8530
1153
2181
686
1443
790
2687
4300
7303
6191
763
2773
8688
1113
2906
10053
1888
8254
4615
4201
3632
2538
7725
3691
7195
9819
5135
5769
4442
5947
3350
7070
9005
9071
7395
2276
4968
4643
2770
5464
5466
9731
5237
8494
8785
853
10372
3125
5361
2570
7308
7274
4319
7084
5343
3293
4635
9617
8600
8796
6864
5993
3910
9103
8589
6203
8395
800
9013
6916
378
10435
6890
5384
1476
10461
7998
6688
781
4716
5091
2694
10028
5536
600
10081
7980
9119
9009
9557
5103
3340
7106
6488
9652
9983
7881
6712
4961
217
499
5648
9108
4340
77
3454
1856
8916
6314
3551
6120
5897
8435
6451
222
7878
6329
10053
569
7183
2026
7780
9524
7080
3617
3445
1772
1179
9964
79
4553
4371
6191
7678
4423
4427
2575
9616
8578
7991
10165
3137
1610
5079
2942
6937
9920
840
8904
2513
5485
1209
4574
8803
10219
2220
9606
5778
8818
10132
9408
344
7675
7673
7072
3357
10324
2631
9624
10207
5390
7855
5726
5674
7331
1928
8383
8217
6944
6889
251
8716
1723
8031
6590
1912
3072
415
1983
8752
2946
4697
243
247
1803
6988
5026
1533
3179
6663
3305
6147
9897
4556
9572
4111
9154
8491
2057
10439
3750
3465
1448
7819
8041
6185
7590
10107
964
3649
2378
5333
4813
1593
9247
2194
3102
10396
6145
2038
6643
3845
2475
8663
9150
6356
6995
8858
3701
998
10320
6498
3898
1687
8890
10376
7250
7090
3264
877
1792
10294
9638
9147
340
6617
9068
3852
8483
9668
6231
914
9022
7647
3054
5906
5605
7718
5962
8663
7502
4441
1306
25
6987
9391
9773
5137
5648
5598
6275
9166
7226
8869
1957
678
5966
262
9258
2868
7137
2605
6195
8503
4724
4688
6663
2569
2862
8811
132
2867
9341
1695
113
2159
502
10186
10329
6826
1930
6933
2434
2651
8934
4235
6128
3858
6907
744
6066
2818
6690
5791
10242
4672
10154
8321
1902
5320
6770
4355
8292
8612
2113
6866
219
7406
1823
5317
1571
8798
9056
3186
6600
8607
2822
8890
4793
5173
3071
4026
3648
3101
9426
3723
3369
8230
5907
3499
4485
788
7745
5365
9356
4515
4424
251
10228
6486
5742
1879
6932
6449
2634
8943
5634
7009
1079
8792
10332
8659
6778
946
6356
6226
8271
2096
4363
9730
2077
3270
5314
2497
9096
4654
1146
9136
8009
1968
8113
8458
10168
6538
3047
5855
9020
6282
3130
4165
5306
