300
100
34
34
46
82
93
67
50
29
81
85
34
26
21
71
69
81
11
97
62
13
37
62
91
3
64
17
28
8
35
94
59
15
55
7
46
96
65
70
77
44
99
87
9
87
85
70
27
87
56
2
10
7
4
90
79
98
82
14
9
85
4
60
86
81
94
86
92
48
59
53
63
26
24
24
79
42
93
3
25
39
83
64
86
13
29
6
80
21
11
5
73
62
47
9
17
80
29
46
80
20
67
3
49
26
32
64
5
44
3
73
55
71
46
66
27
10
53
24
38
53
42
46
71
17
59
33
85
27
28
11
32
59
67
29
61
80
99
8
54
40
62
75
18
3
7
53
98
15
57
9
14
77
37
55
78
98
61
4
82
44
6
44
20
30
74
91
45
28
99
39
16
8
57
78
69
58
94
87
99
66
60
60
91
43
32
21
30
99
94
85
48
11
27
15
47
30
56
16
64
83
19
53
21
14
27
78
92
34
77
21
29
75
86
22
57
26
96
52
24
27
8
86
46
48
22
18
67
96
96
45
81
78
97
35
77
55
45
82
5
7
53
57
33
7
15
39
80
49
63
90
77
74
52
39
87
36
64
30
81
31
92
41
6
41
68
80
96
89
95
65
23
87
20
61
11
49
60
15
22
10
65
39
25
45
45
3
59
68
11
72
89
6
8
22
31
89
95
91
95
3
