700
70
97
134
107
135
89
76
88
93
90
119
102
87
114
130
95
88
112
119
107
127
88
138
132
81
101
99
101
95
104
110
124
108
115
120
116
135
132
120
82
70
86
120
90
71
139
108
127
106
75
98
75
87
99
87
122
88
127
89
77
113
88
138
112
128
94
138
72
97
136
81
97
80
92
71
120
76
114
137
139
89
127
71
89
105
114
79
98
101
84
117
111
87
108
100
101
107
116
96
85
102
93
130
78
129
101
131
85
89
128
115
122
115
86
101
91
84
75
108
127
85
101
109
117
107
74
84
99
135
129
139
106
76
121
103
104
72
92
92
121
70
95
73
126
87
103
76
100
100
96
120
138
99
79
76
103
83
97
81
109
84
123
118
112
116
102
70
116
126
80
81
75
100
138
71
116
101
71
112
75
80
127
94
133
75
121
71
132
87
77
90
132
86
105
92
97
98
75
113
84
79
91
93
128
90
139
93
132
121
104
121
125
108
84
115
134
96
108
126
96
111
88
127
95
73
97
79
114
101
112
133
89
138
130
85
72
114
133
79
109
124
134
122
77
139
127
124
97
98
85
100
107
115
109
104
87
71
126
133
131
129
76
101
75
112
124
115
119
135
121
123
114
134
130
111
88
73
121
71
75
133
112
131
92
111
99
87
125
125
100
127
79
113
122
107
92
124
119
122
76
116
128
72
109
137
106
70
91
138
108
106
129
101
134
100
85
95
98
71
94
108
82
70
82
73
136
110
109
130
131
113
109
74
131
128
70
88
73
134
78
83
115
104
126
106
127
125
123
106
137
94
139
123
78
87
83
130
95
73
88
123
128
85
86
131
127
122
75
77
124
118
94
76
109
93
86
133
120
129
121
135
137
108
90
101
74
109
95
76
139
116
72
100
109
76
71
80
138
91
136
121
79
84
124
122
126
84
139
89
79
82
114
115
114
77
102
87
97
87
74
116
115
70
122
85
132
110
84
73
118
116
132
83
110
106
103
120
84
138
82
100
120
123
114
127
126
98
88
119
80
94
77
113
121
135
74
106
89
79
106
121
101
82
120
127
90
112
114
109
117
70
103
136
82
91
70
97
115
116
128
139
83
120
130
102
80
134
138
80
104
118
107
108
132
103
135
105
95
84
107
105
115
100
109
124
138
80
111
77
78
75
133
77
71
133
139
118
133
132
88
124
134
90
120
89
87
90
101
125
97
101
106
90
89
78
76
73
113
71
123
76
76
126
85
125
124
121
85
105
76
87
108
131
106
94
73
72
79
73
95
77
116
105
115
81
82
138
77
71
135
136
107
86
113
113
71
90
92
73
130
70
107
77
133
120
79
130
133
125
137
107
73
139
122
70
92
114
105
116
120
120
84
86
108
97
70
107
129
89
117
84
82
120
81
139
134
88
92
132
80
81
102
114
130
80
128
93
101
109
93
82
93
74
70
84
126
132
70
118
131
113
104
119
84
104
98
110
118
94
127
133
118
124
126
70
103
118
103
80
120
106
102
135
106
105
132
93
138
139
88
90
79
81
94
115
94
88
106
79
131
137
102
85
128
72
119
89
85
92
139
78
117
110
107
96
113
74
102
118
82
98
