400
40
43
40
72
69
40
68
72
40
69
62
79
58
55
78
75
55
70
46
72
55
67
70
53
54
48
55
47
70
76
46
49
76
50
50
67
62
79
46
78
56
53
41
66
62
79
49
68
77
72
42
59
54
58
72
79
70
63
51
75
50
64
64
57
50
63
44
62
57
63
71
63
67
75
69
54
45
47
58
77
41
57
66
60
79
52
76
64
74
54
64
54
50
77
47
65
43
69
71
63
66
44
60
71
56
56
76
49
57
57
78
65
49
74
59
54
67
79
70
69
41
48
64
48
40
46
71
56
67
73
48
64
49
54
60
41
42
59
56
78
76
56
72
62
76
54
40
65
59
59
42
74
41
48
51
78
60
67
41
48
60
47
69
70
55
40
44
45
65
70
68
73
76
69
61
79
52
59
57
70
60
40
62
41
65
55
59
55
76
77
78
42
74
61
56
56
47
56
60
76
71
50
54
40
79
67
56
48
78
45
74
74
62
48
68
73
72
68
42
74
42
51
41
66
75
65
71
73
67
71
44
79
42
51
75
73
57
74
67
54
72
78
65
72
43
73
42
78
43
44
47
71
57
61
42
48
72
44
44
64
54
59
77
77
73
60
77
63
76
69
62
73
45
57
68
51
74
45
67
63
74
71
42
45
47
79
51
66
60
56
51
46
65
62
65
43
45
78
62
73
55
65
68
57
77
52
58
57
57
63
70
79
42
63
70
53
43
53
76
61
51
48
78
75
48
63
60
55
54
49
49
42
50
56
65
70
76
74
76
69
44
73
62
45
78
52
71
63
55
41
40
72
79
70
49
48
62
44
40
51
78
60
57
47
54
40
67
44
56
47
65
57
56
59
44
54
79
76
75
53
45
68
47
76
40
75
69
79
75
50
52
70
50
72
60
61
59
48
55
66
44
