350
70
419
3409
3007
1770
2286
1780
68
1459
2609
848
645
3242
2943
3478
1527
919
1946
2185
2202
3077
2793
1421
2358
3246
1897
2727
513
190
701
1702
1900
3438
3204
2133
1011
1819
1588
41
1310
2900
2188
102
3434
3172
647
2017
2294
3099
2026
3476
1002
3040
2187
85
2683
2339
1079
1893
3329
1526
2788
1295
3438
2973
3428
248
2815
2430
1731
3036
3465
317
2186
2733
2333
1812
3471
74
352
3393
2938
234
298
207
198
855
2390
2128
1750
933
3235
1776
2833
2862
472
1436
1414
1522
2903
2337
865
599
3342
2273
2043
1947
1391
3123
3485
513
327
351
2249
2252
2607
1707
1345
54
456
906
1705
1238
1272
3410
3217
3165
1625
2426
1974
3040
2526
3031
2338
1373
241
749
3451
304
1017
630
37
560
1088
1971
78
3253
1448
205
1386
2056
2071
371
3346
2830
1494
507
2110
3181
39
2574
3442
3079
1005
2389
325
3212
2910
2689
1740
1743
845
3171
2394
416
3494
1609
1895
1499
1833
193
2961
1531
491
1427
202
2138
1662
2180
3265
240
488
3273
1567
565
622
2468
715
2481
1506
2541
247
3118
2883
59
178
617
3243
894
2543
1165
3230
143
2941
1454
2605
3470
1793
1050
3117
2507
2628
474
2960
341
2184
3203
362
3473
2199
2958
1788
1332
2502
754
2972
2589
216
1749
2881
3230
1409
185
2957
1467
1177
3100
2014
762
1568
1438
3026
1571
2176
1519
1882
1094
2459
2017
101
2498
654
39
1504
1916
2748
581
264
2725
328
2291
2746
1303
822
2372
3452
1199
1564
2598
2874
1928
694
2394
769
2754
1773
2044
848
2325
1435
2372
1423
1896
1058
2956
2074
2316
877
2060
3435
1077
1380
2296
1261
967
763
3472
2063
1014
1497
2707
3115
2034
746
669
1978
2652
540
1336
142
424
1404
2352
1136
270
2554
128
1725
3222
383
76
644
906
2515
219
3440
1606
1048
3207
1597
274
2748
1319
2717
1932
1753
1307
3382
3146
1533
2386
