1500
100
121
127
157
174
160
197
133
133
148
139
140
122
103
188
172
142
125
168
109
132
157
112
189
152
188
133
178
165
135
161
190
176
191
122
180
138
117
115
193
190
127
173
112
195
130
199
142
163
153
125
115
128
145
106
158
116
174
103
142
145
116
119
103
140
195
189
128
154
103
144
132
162
132
115
127
188
183
182
168
148
125
146
152
119
196
133
194
111
145
101
169
116
111
152
103
111
101
140
161
102
136
162
131
191
189
127
164
122
125
114
120
100
115
133
168
175
144
132
156
159
164
102
197
170
126
136
159
161
152
133
119
105
183
114
101
138
134
187
133
157
117
147
107
166
177
167
173
125
134
188
118
156
131
155
109
151
153
142
143
107
129
182
172
185
162
171
166
126
176
180
168
140
198
106
106
136
175
130
106
155
100
145
195
139
146
194
162
109
108
106
178
192
178
195
136
155
115
107
171
152
134
167
163
119
167
175
118
187
182
163
125
106
148
102
144
162
188
179
168
194
152
198
125
158
159
157
170
185
138
157
136
126
102
157
136
183
109
123
154
162
142
121
158
161
161
110
143
140
176
161
138
187
107
157
191
179
150
174
120
188
178
140
146
109
199
153
199
110
113
174
175
143
127
114
115
101
141
107
112
133
140
125
141
178
184
111
144
147
154
164
150
135
112
188
148
111
162
122
191
169
165
162
132
117
194
120
162
136
133
171
111
191
156
162
193
117
169
147
116
137
171
194
141
121
110
106
192
104
148
134
136
125
169
152
142
119
159
107
115
179
144
135
107
185
185
191
171
135
193
143
127
141
167
177
101
109
182
176
112
188
156
109
151
173
135
142
184
181
143
134
186
117
183
175
154
188
197
181
179
117
161
138
130
127
112
151
122
162
198
194
159
129
150
152
122
133
151
189
184
179
179
117
180
168
183
145
157
146
147
140
155
117
133
165
106
140
110
138
143
147
154
157
155
111
164
119
196
171
177
185
109
185
174
135
122
112
157
151
104
184
173
171
103
157
128
192
159
102
159
199
136
115
139
129
127
152
147
158
123
180
148
123
199
176
121
186
122
149
199
194
178
116
191
171
156
183
146
188
192
183
168
135
164
184
189
142
109
101
157
121
119
193
140
102
121
174
193
159
165
109
184
114
130
160
109
113
130
117
161
143
178
100
155
152
127
132
180
138
119
168
143
119
179
183
165
100
132
183
105
114
187
135
151
100
100
140
168
130
146
130
129
106
173
185
154
196
150
116
107
103
104
118
143
172
181
183
101
106
147
174
114
128
128
139
123
113
115
165
121
144
166
155
111
161
170
197
104
180
189
113
156
196
134
120
152
196
158
135
157
168
135
134
130
111
176
119
156
178
130
114
189
126
197
117
120
148
165
166
180
152
175
103
109
112
190
121
128
185
130
197
113
123
146
149
176
115
189
132
108
104
115
152
195
164
138
108
187
123
135
122
126
137
114
166
172
107
115
136
136
108
136
127
146
112
164
154
159
179
148
106
155
170
133
121
115
181
160
168
119
117
171
142
101
175
184
139
108
176
147
188
142
184
138
173
108
158
177
145
150
145
108
192
154
171
121
174
137
132
102
105
150
181
193
171
197
108
109
188
183
138
102
160
135
148
100
111
112
196
169
140
161
124
107
117
178
185
166
133
185
142
124
174
117
102
114
196
160
154
135
118
157
120
100
128
116
147
175
120
128
193
173
132
135
140
120
139
149
187
177
170
105
188
194
135
157
106
146
142
101
149
183
172
103
112
192
156
149
184
119
174
172
189
168
137
115
102
140
125
102
184
140
166
197
197
160
179
124
105
141
173
114
146
142
169
165
130
160
171
125
161
101
110
157
155
159
137
170
178
193
142
169
115
137
131
158
122
172
102
130
100
198
106
133
166
153
187
125
135
153
139
198
132
135
182
163
142
128
174
111
140
149
160
163
189
155
162
139
160
151
163
113
120
185
195
134
155
155
173
124
122
162
175
136
154
188
127
104
100
158
113
177
150
119
189
198
143
135
186
110
142
135
112
146
102
197
153
138
187
162
137
193
166
109
196
170
163
138
153
168
146
167
196
123
161
171
153
161
102
166
194
166
172
152
111
167
131
125
195
103
132
192
198
166
167
172
132
135
145
116
127
123
120
148
125
128
138
174
184
180
162
171
178
176
146
195
178
104
169
132
147
134
102
193
127
168
146
199
176
183
170
108
181
118
144
155
106
128
145
150
108
134
175
111
131
190
138
178
124
101
126
111
153
137
163
113
160
103
175
126
139
118
161
173
114
180
170
154
154
117
170
147
114
181
152
197
183
158
186
145
177
125
196
141
166
108
176
190
159
148
104
188
104
100
117
139
185
128
144
127
169
184
123
106
165
114
154
150
103
198
136
154
183
131
132
194
182
173
128
115
153
110
178
100
117
121
156
153
185
184
129
130
166
138
105
117
125
168
103
128
128
165
139
154
168
162
178
187
100
111
126
158
197
148
154
176
136
145
190
101
130
194
113
115
178
154
150
156
150
166
180
193
175
149
177
134
146
122
190
120
176
112
182
120
167
164
114
183
101
179
164
175
169
147
144
125
138
122
115
195
142
197
164
145
125
124
114
147
189
178
193
116
124
128
197
147
166
171
169
154
146
101
187
168
155
154
172
137
195
132
196
106
142
152
155
161
143
178
125
112
181
139
112
140
114
172
159
148
149
107
176
168
139
160
190
197
160
159
109
113
185
187
151
172
154
176
163
162
173
102
121
145
158
142
109
182
109
122
134
103
168
132
194
164
151
164
149
100
107
108
187
106
106
195
115
136
168
125
148
173
186
115
179
170
140
175
138
192
151
149
108
125
176
188
150
180
130
148
179
100
169
130
160
136
107
183
195
122
158
173
111
157
182
115
191
110
101
189
130
192
152
124
114
113
113
150
176
133
199
119
191
141
166
177
122
125
153
149
189
122
146
138
166
184
197
193
106
198
195
150
187
198
160
148
149
182
149
177
129
156
191
185
196
150
158
101
111
165
132
170
197
192
196
183
150
186
183
135
154
198
175
169
179
174
135
129
164
108
182
185
131
105
124
143
140
190
172
160
169
145
147
185
197
122
166
179
172
135
177
158
113
168
194
131
106
167
171
180
100
197
131
110
154
156
112
146
172
130
108
175
169
151
111
115
173
112
121
134
142
150
119
148
104
183
162
100
145
148
147
188
181
183
151
161
155
107
198
145
183
179
136
100
196
129
120
136
142
180
132
110
148
169
120
159
116
124
181
136
145
152
168
187
125
173
141
129
146
112
180
112
107
137
118
192
110
110
191
129
121
117
159
129
117
191
107
150
117
157
135
135
161
121
195
169
198
111
122
142
109
183
194
162
138
119
185
108
137
161
113
107
121
106
151
191
159
191
130
148
102
177
137
