400
80
109
146
69
42
25
144
35
81
1
84
64
110
92
70
135
152
65
52
140
9
79
121
134
73
70
143
87
55
1
150
132
70
62
25
69
33
19
24
79
113
125
34
149
74
17
33
123
22
44
157
110
15
38
34
103
63
79
47
158
113
39
51
117
118
127
140
41
14
12
58
83
85
52
55
97
134
110
103
117
47
34
71
14
56
18
71
7
121
93
111
149
112
119
76
115
137
142
123
93
142
76
59
149
111
114
25
154
143
68
39
43
3
36
21
2
66
149
92
145
136
18
6
90
130
143
144
137
148
9
47
155
95
15
140
105
90
84
84
81
8
148
127
59
142
68
78
125
129
101
105
128
33
25
26
122
75
1
107
43
152
29
4
98
49
121
14
20
147
10
63
135
3
49
25
42
20
114
3
29
13
43
113
38
62
95
89
128
42
114
50
21
63
14
3
75
64
76
1
104
149
74
77
49
143
75
80
2
146
97
83
98
92
108
38
136
63
3
14
16
11
96
135
65
21
47
23
72
37
128
12
93
70
48
155
112
66
157
21
97
73
97
30
133
3
24
145
76
75
10
133
102
146
45
119
137
17
25
48
106
1
86
69
30
36
157
146
143
124
154
67
18
28
44
140
15
75
55
141
75
78
85
38
69
91
30
139
79
131
127
25
100
59
124
13
119
45
152
57
1
52
91
15
66
78
39
24
30
61
83
97
147
120
34
19
6
1
83
127
42
149
62
68
27
54
136
153
14
56
48
71
40
142
36
9
136
157
58
121
8
8
79
148
115
131
148
148
17
40
1
138
122
70
51
112
26
137
50
79
6
120
11
133
19
43
92
24
136
48
13
17
97
157
35
136
17
135
112
87
18
26
40
150
138
102
75
71
156
9
39
145
45
134
17
125
15
28
111
51
108
116
