700
70
64
18
1
55
47
39
97
35
86
95
65
43
49
3
69
38
67
29
100
10
35
39
59
24
63
32
64
21
38
2
77
10
41
59
74
42
55
4
66
68
12
42
43
14
38
21
19
72
93
2
55
13
63
69
31
3
56
95
4
53
45
25
31
38
42
17
75
90
61
29
49
92
11
83
88
28
61
5
51
59
65
49
98
90
67
15
4
18
40
77
44
57
1
25
99
5
75
52
68
92
5
67
19
46
12
6
90
20
65
82
10
45
79
67
73
40
2
19
4
27
48
17
85
9
88
53
25
14
89
78
18
21
4
2
43
5
34
46
16
79
31
1
80
33
13
1
70
15
16
58
61
59
44
58
70
63
63
83
22
59
81
94
79
15
77
28
98
68
39
19
69
60
78
31
94
3
50
16
56
77
53
99
51
69
39
47
1
66
41
26
72
81
50
51
35
78
45
68
68
98
94
3
42
10
32
28
87
99
48
27
90
32
79
1
92
33
6
29
97
1
81
90
16
31
39
61
69
28
20
57
80
85
76
6
39
74
95
39
56
50
51
13
89
79
75
4
39
14
56
23
29
98
4
31
90
66
69
59
45
67
94
17
61
86
8
21
77
84
70
55
87
28
23
97
32
47
35
32
92
80
13
61
58
36
79
44
31
32
2
24
97
54
54
23
48
77
45
27
33
19
76
42
14
34
26
97
79
59
19
69
38
80
10
71
90
28
42
16
80
60
70
78
54
34
55
76
13
57
98
2
15
17
27
20
57
82
99
95
25
69
51
2
56
15
4
18
49
43
64
92
69
62
85
64
35
52
31
87
34
7
29
40
54
96
58
2
36
45
51
94
1
14
22
70
22
25
94
89
71
71
61
42
31
46
73
31
88
98
64
67
98
15
29
46
63
48
33
7
46
21
24
97
19
45
39
92
19
8
71
35
30
59
5
41
27
96
14
47
40
9
31
28
35
9
33
54
46
71
19
97
9
30
4
43
2
17
4
33
15
28
75
38
80
50
95
37
18
66
22
26
2
23
7
11
62
87
6
68
10
20
52
82
75
78
31
41
90
41
88
100
73
42
97
49
48
71
21
21
9
55
81
23
42
79
93
92
28
71
35
63
5
28
78
15
88
42
71
44
99
32
76
8
6
72
78
98
93
66
16
21
50
18
82
21
43
51
87
31
89
77
89
15
43
36
45
17
75
52
3
33
38
13
69
97
74
74
21
61
59
71
8
65
46
7
4
59
13
23
31
2
81
66
22
73
8
57
96
33
41
12
33
70
22
15
67
96
67
16
76
5
93
54
12
29
80
18
27
9
100
19
21
41
88
74
32
87
49
53
66
8
76
26
39
59
95
12
83
48
80
34
2
88
36
45
86
84
28
79
97
47
7
36
91
92
8
63
62
94
61
7
20
6
53
64
66
45
57
53
42
26
8
97
35
73
86
21
3
61
32
73
21
29
18
11
33
78
53
39
26
29
34
56
61
100
13
8
70
16
26
78
90
93
50
55
41
45
42
40
39
20
52
69
50
3
6
49
96
53
33
91
12
97
76
61
5
3
27
9
78
25
74
45
40
69
64
11
25
51
59
97
