180
60
69
61
115
107
64
116
103
112
65
111
103
78
115
117
110
113
113
106
110
74
93
62
81
111
66
67
95
71
71
95
110
68
77
97
74
60
99
104
84
91
76
62
86
60
99
105
100
116
76
75
64
68
104
76
106
69
110
77
81
87
82
105
69
110
111
62
64
80
77
73
100
70
95
64
115
89
82
110
77
101
71
111
76
60
102
100
117
113
83
74
92
111
113
104
111
92
71
75
119
85
104
81
99
68
98
112
62
92
109
70
90
66
93
112
107
119
60
117
95
70
72
89
86
84
62
110
76
77
67
70
96
86
62
117
94
79
91
101
86
119
97
118
86
88
67
96
77
114
62
93
72
87
97
61
111
100
81
119
71
74
102
76
75
85
102
64
118
92
66
119
110
95
93
107
100
104
88
70
100
69
