600
60
96
81
88
90
41
64
54
70
22
35
30
40
35
19
99
13
83
40
57
54
80
39
97
72
89
94
91
65
24
58
99
11
88
52
24
6
84
11
12
37
26
100
91
73
61
70
33
69
30
32
15
25
4
53
78
9
19
32
90
71
22
80
6
91
42
13
68
71
60
94
57
17
4
9
27
43
57
19
57
100
57
5
94
56
98
76
28
33
44
94
26
8
38
77
57
35
89
30
83
100
34
76
90
38
49
49
95
24
94
25
18
38
22
13
85
88
89
43
65
34
90
66
29
53
8
82
8
48
36
58
41
75
4
38
37
84
81
39
57
96
16
41
51
64
20
33
70
37
10
85
19
50
91
34
58
19
100
9
68
81
73
19
83
82
6
30
80
16
41
90
75
6
77
41
39
53
19
65
86
51
45
13
86
76
59
13
33
29
7
74
34
26
39
6
10
14
70
6
7
97
23
5
3
44
9
18
82
9
93
83
6
15
25
15
60
99
92
86
4
82
3
34
87
2
69
42
63
88
52
99
84
49
55
37
65
48
59
75
66
72
33
36
23
98
67
96
73
25
64
66
29
73
32
65
76
76
54
8
91
76
97
40
5
18
12
29
33
29
86
5
1
53
44
16
19
55
84
67
88
70
9
82
6
66
86
77
44
80
9
48
49
83
11
96
52
8
57
19
76
89
19
2
90
8
73
75
61
47
3
31
34
38
2
6
35
19
40
23
89
45
79
85
82
72
6
6
97
74
32
20
72
69
46
96
49
30
20
61
27
91
43
9
4
41
57
79
30
76
24
92
51
19
45
59
4
32
39
71
36
36
12
48
10
59
66
83
46
49
40
6
26
58
56
71
100
95
56
33
53
80
89
89
86
69
62
21
2
22
48
5
3
53
16
76
17
92
70
65
22
43
80
91
10
75
97
72
66
63
17
17
6
18
30
56
94
82
26
8
54
74
71
49
65
81
84
19
97
78
82
35
19
90
33
76
47
45
73
11
49
5
11
92
35
51
47
10
68
59
97
95
75
93
13
71
67
38
25
57
29
48
45
72
90
83
63
50
6
90
28
44
42
87
24
47
17
100
55
86
53
90
88
24
17
78
11
64
80
63
1
69
60
43
7
11
21
90
70
47
96
90
31
74
35
58
2
5
77
34
55
90
83
40
89
41
67
54
52
15
57
66
72
17
65
64
21
56
92
69
54
22
58
6
29
8
24
22
40
77
59
9
56
45
28
94
29
34
83
77
72
76
27
61
29
18
5
51
89
6
100
95
6
89
86
52
73
16
67
73
97
72
47
99
14
9
19
12
29
24
30
25
25
27
97
27
100
60
62
81
15
46
39
88
68
80
96
37
77
82
8
9
