141
70
95
99
97
96
97
98
104
100
105
101
98
102
100
100
97
99
105
102
99
103
101
96
95
103
105
95
95
97
100
100
101
98
100
104
105
96
95
97
100
100
100
100
104
105
102
105
105
95
98
101
96
100
103
103
98
101
100
97
98
104
100
105
97
97
101
100
95
98
104
96
95
97
99
102
103
95
101
101
102
103
102
105
105
96
98
105
102
100
105
103
104
101
98
96
101
99
99
99
99
103
102
97
98
98
103
101
97
103
104
105
103
99
105
95
102
96
104
100
105
96
103
100
102
102
105
102
103
102
102
99
99
98
98
96
101
96
96
98
99
102
96
