270
90
16
105
16
85
156
41
16
157
100
37
63
78
129
3
129
172
81
164
68
76
102
31
89
80
162
21
79
82
90
170
172
66
124
112
25
6
153
26
72
176
27
18
15
99
164
50
81
96
108
52
43
72
163
135
163
55
16
40
115
173
142
29
100
71
33
36
12
90
74
131
44
101
136
71
86
144
54
179
20
99
8
17
42
4
60
48
47
152
154
166
40
93
79
117
49
179
157
141
116
82
172
19
136
53
144
122
56
49
36
31
95
128
97
17
11
135
16
126
105
33
82
75
137
20
110
176
6
78
99
72
14
75
42
86
170
30
144
113
72
144
147
153
75
72
118
5
89
2
84
79
19
49
75
52
57
113
178
81
106
64
164
85
3
149
66
169
94
104
6
142
35
79
106
167
73
104
107
132
103
130
51
118
73
102
20
145
123
173
43
163
6
128
60
138
61
74
154
119
165
155
163
29
105
152
101
157
160
82
28
33
120
68
158
20
114
115
35
80
157
70
72
72
145
95
85
162
43
129
100
90
84
117
17
52
149
84
102
54
171
148
161
10
46
54
7
40
84
134
94
144
176
152
89
88
66
77
101
59
55
22
52
166
164
94
12
72
130
127
21
52
