400
80
16
45
27
64
7
74
94
93
64
22
90
91
42
32
56
96
69
51
90
2
19
5
53
7
62
92
42
47
80
42
72
19
40
96
65
97
20
72
1
47
37
26
30
13
89
81
66
72
18
17
12
96
28
8
53
80
12
57
83
97
52
52
95
71
34
85
77
94
15
2
71
56
88
95
5
96
72
21
4
79
11
62
66
23
74
99
57
43
31
95
92
96
35
74
63
15
47
65
91
49
83
47
39
42
97
2
54
23
40
9
25
99
84
52
71
4
50
24
26
38
39
79
94
33
92
78
55
44
70
72
19
59
66
85
35
5
22
14
25
25
67
59
74
64
41
20
31
84
68
46
94
78
79
79
91
98
71
4
64
80
100
45
61
40
73
2
11
71
38
71
49
85
3
59
64
56
61
27
98
69
76
29
41
35
85
9
24
7
59
37
79
77
97
61
95
39
40
24
44
36
14
87
61
4
17
8
68
100
10
4
25
86
35
31
32
25
81
9
92
66
16
40
56
60
56
5
40
62
96
54
18
13
8
7
7
21
40
56
98
97
29
66
35
23
14
79
92
93
93
76
81
30
34
53
89
50
20
36
66
23
59
34
48
20
3
62
93
18
96
82
5
79
92
89
47
36
94
56
48
82
56
28
1
19
22
74
78
25
39
99
89
32
40
87
35
60
55
81
18
59
41
34
54
91
25
51
58
65
5
35
88
22
45
19
29
45
61
94
96
3
94
6
32
29
21
65
46
93
24
93
49
5
80
24
14
30
94
41
14
70
28
21
6
64
50
73
86
8
89
74
73
43
32
79
34
7
14
9
81
61
100
83
70
51
72
9
60
80
41
5
32
78
33
33
48
63
50
92
6
54
23
34
47
8
48
89
21
83
97
47
59
86
63
73
25
66
2
82
99
48
