300
60
78
92
73
73
67
77
91
78
97
71
112
107
63
117
64
119
79
96
88
67
80
89
67
83
104
82
76
70
114
71
118
109
64
110
76
110
93
98
60
95
117
108
119
63
73
72
110
70
70
117
102
80
82
95
93
65
85
61
72
67
116
91
114
119
86
86
100
69
87
94
95
102
109
62
69
113
109
67
60
102
111
88
114
81
73
85
86
86
71
105
118
71
61
95
106
66
69
98
114
97
94
105
95
71
108
98
76
80
60
75
67
100
87
118
113
94
79
98
109
96
74
119
65
82
88
114
86
111
117
113
86
82
119
95
107
80
63
108
105
95
69
93
104
98
69
71
86
78
93
111
117
76
86
116
63
68
89
109
64
95
94
84
96
102
115
91
99
108
83
60
65
85
64
64
93
88
71
91
106
105
60
108
81
83
88
92
91
64
60
100
86
84
113
72
109
98
108
95
91
71
115
60
77
119
93
73
74
61
73
105
68
107
114
98
69
73
98
83
100
114
97
104
68
106
89
85
77
119
102
90
80
110
63
84
81
117
70
69
74
77
70
79
95
113
96
99
100
96
86
109
95
69
74
97
63
116
119
96
61
111
61
87
61
75
102
99
91
78
86
110
89
117
102
118
64
108
113
89
102
100
97
75
74
84
104
65
62
80
76
103
94
99
90
97
96
117
81
60
117
76
