700
70
86
104
125
124
106
81
122
78
91
114
85
106
134
97
104
92
112
76
120
73
96
87
136
76
111
102
77
137
90
128
139
80
131
73
130
79
78
75
84
127
113
87
133
99
72
132
72
108
73
136
100
88
92
117
131
86
107
85
130
84
90
100
121
87
107
107
118
97
78
94
83
83
90
122
113
90
106
103
95
109
117
121
75
91
133
133
130
84
124
107
94
124
135
101
129
137
110
136
86
74
127
109
129
83
109
79
136
110
128
121
132
130
86
136
120
116
83
126
122
136
103
79
115
135
129
104
131
133
99
81
114
86
93
121
77
77
107
93
133
80
84
74
74
135
72
81
126
83
137
84
113
109
111
125
79
137
116
104
75
78
79
136
119
123
136
95
118
118
135
71
98
71
79
118
126
84
130
104
124
92
90
131
127
115
117
108
89
76
91
70
113
132
121
81
72
104
106
104
125
118
79
101
79
72
113
115
89
105
86
110
126
97
89
97
128
116
98
123
116
86
101
122
138
105
89
70
99
106
76
123
106
131
136
74
74
136
118
71
124
86
108
131
94
86
87
117
80
120
129
112
79
107
107
92
134
96
122
116
95
133
70
94
118
136
76
109
96
88
134
113
75
89
135
81
103
109
133
86
136
120
108
138
70
114
90
121
83
127
102
101
138
78
139
124
128
128
94
139
132
111
131
105
111
79
136
122
88
101
94
107
84
129
120
76
94
81
137
113
128
109
73
115
95
107
71
79
107
121
124
114
81
118
70
121
131
105
99
99
114
111
78
110
133
107
136
95
112
88
82
129
115
81
113
76
123
120
107
83
132
82
129
100
80
110
97
98
115
102
135
131
84
138
133
134
76
130
124
72
127
139
108
104
105
127
99
116
79
135
78
110
97
74
98
79
77
101
83
115
136
82
73
90
97
117
96
76
87
88
138
73
138
114
120
86
101
116
104
74
92
127
127
79
87
118
122
88
117
98
85
135
100
93
105
110
98
86
117
95
72
127
136
129
82
116
138
88
75
110
96
121
122
109
127
104
95
132
104
137
101
80
114
134
96
111
114
94
71
85
133
133
136
110
103
113
85
88
103
92
72
124
79
83
95
71
138
70
125
100
80
112
89
78
88
108
75
94
71
71
128
119
99
94
85
113
122
106
117
82
117
134
116
119
107
127
109
114
89
98
102
128
132
119
91
80
109
93
70
130
127
74
133
133
109
79
124
75
94
92
80
136
127
75
93
85
112
101
77
92
105
134
118
80
109
130
102
114
77
130
126
104
92
82
128
90
131
105
101
138
75
107
138
88
137
118
99
119
98
107
73
93
121
139
123
110
82
116
92
93
76
138
129
103
93
130
129
106
137
83
74
83
74
86
132
138
124
75
79
91
106
93
138
131
128
85
110
135
97
87
103
117
114
84
113
124
88
113
79
105
104
131
112
70
93
102
97
90
102
137
126
76
128
123
139
123
135
133
113
118
116
128
129
84
128
95
109
112
72
124
96
119
119
130
98
133
113
129
78
110
89
84
105
70
117
83
115
112
115
77
84
117
82
123
116
76
77
76
72
93
110
135
125
131
87
100
113
77
99
134
134
123
