600
40
41
61
13
54
57
2
58
76
57
5
79
18
20
29
43
68
66
4
23
45
75
48
53
25
45
52
69
68
2
48
74
76
48
66
23
25
78
32
41
37
3
67
45
33
56
70
34
25
53
44
16
34
64
79
39
69
46
75
30
70
18
29
61
63
76
38
48
47
42
59
75
74
37
36
21
34
78
57
7
1
46
56
73
69
49
78
40
12
9
78
11
63
62
11
62
36
8
40
3
39
55
3
41
14
3
76
35
19
54
37
1
60
57
41
45
51
7
66
68
5
47
2
1
57
41
51
48
37
61
76
65
23
1
71
9
75
14
59
24
4
72
78
56
36
3
29
71
13
63
45
14
14
44
2
15
66
1
3
33
38
43
67
25
12
53
48
40
9
28
19
44
61
19
36
26
53
25
1
27
8
57
48
23
77
21
66
72
51
34
26
57
61
25
45
56
23
61
64
21
28
52
55
33
18
25
71
20
75
29
21
50
47
22
35
33
38
43
1
16
32
73
67
61
55
58
53
20
78
12
76
20
50
4
57
52
32
61
76
31
2
46
62
54
64
46
41
37
69
25
44
20
42
51
2
71
58
70
72
17
28
68
54
22
65
13
65
5
64
1
70
72
73
55
54
69
71
48
41
65
57
45
3
14
78
72
39
43
37
59
69
53
3
70
36
3
8
35
77
56
68
66
23
50
30
47
35
61
29
41
34
46
24
3
8
74
70
30
43
29
25
28
12
64
37
15
34
4
34
28
33
57
65
76
57
50
9
72
49
47
40
19
4
31
26
53
70
13
52
31
64
45
70
78
75
24
58
43
8
45
9
48
31
7
25
45
70
47
78
29
27
2
62
26
37
33
73
56
65
68
31
33
5
11
3
57
62
5
60
76
5
38
39
23
53
41
14
54
54
31
26
27
26
21
57
35
31
1
59
8
29
17
79
42
38
42
60
21
71
22
35
50
9
23
58
32
2
45
36
64
35
59
23
38
17
54
68
13
69
9
14
19
33
56
45
14
40
25
7
49
16
20
43
39
67
31
65
45
3
6
48
22
52
64
65
53
30
61
68
3
3
32
69
54
54
22
13
72
32
39
11
78
49
32
35
63
79
75
12
68
56
13
63
46
77
13
79
24
46
13
44
22
8
36
61
18
47
65
49
37
59
79
6
74
77
45
65
11
48
22
6
33
60
1
76
23
44
72
38
48
70
19
8
58
17
19
35
55
77
45
37
1
6
32
65
1
19
34
47
19
23
42
26
78
22
79
58
10
75
13
75
8
42
16
1
71
34
71
32
59
2
62
22
59
60
37
56
8
13
78
22
40
66
17
20
18
20
45
5
13
63
45
30
45
13
18
33
52
20
21
20
