600
60
3732
2629
2931
3031
1457
5889
5944
1920
3345
5949
2689
810
4647
3023
2564
2263
5691
3427
842
5743
4678
199
5607
5367
2825
5458
5200
1822
1155
2765
2323
5681
2170
3770
945
3861
2693
5146
4183
993
3152
2507
2157
2983
1134
3297
669
967
2125
5684
560
4910
3733
5204
1655
868
3230
2613
1725
4025
1873
3093
2292
4695
4458
1151
691
4570
458
4345
890
4775
93
4552
4211
467
1351
3307
5821
415
1370
270
2616
4441
2559
5059
3066
1152
5087
5393
1224
3173
3121
5226
3255
5481
4826
630
5052
3501
3676
5597
4278
5974
5495
1877
2362
1238
3463
1703
4479
2407
1558
1131
2142
1504
1003
5393
754
3260
5388
4100
2206
1148
3259
5211
1749
5457
2260
1081
414
4006
5047
3537
2005
5828
4505
5095
1828
2372
4937
5475
4369
3542
1852
301
5022
5607
3843
1322
2596
1130
51
5211
4195
3621
4885
4969
5895
3614
4504
5766
1736
4202
2120
1700
1354
3781
4809
5343
2576
979
1274
5565
719
5972
3508
622
4173
2177
706
1593
4694
3082
1334
5168
3161
2906
5728
4420
5554
4896
1772
3061
2107
4753
4951
2749
1885
2486
2110
2626
3158
5745
779
2012
1633
3422
538
2241
3348
2835
4006
531
3590
1362
316
4629
4950
2300
5607
2032
4613
3087
3287
177
1680
463
1446
3123
3925
4176
1290
5549
323
5122
4408
5525
2251
4266
1070
1719
3181
5885
535
5410
437
5869
3857
833
3154
4231
408
121
4249
291
4206
4722
5466
409
2296
4220
178
3145
1421
2601
2434
1306
5930
3218
3254
4731
3076
2008
4192
1524
1369
2841
4084
3013
713
4600
789
2432
3116
2187
118
3866
4393
3498
5603
4240
4047
2275
210
3655
1321
107
1939
4845
5684
2103
4262
1514
5901
2252
1006
2308
2421
2050
5455
3138
3703
2371
49
1728
5484
2284
5400
3501
4304
1300
2720
4174
2661
4817
2568
496
2706
3270
1682
5898
560
4997
2250
5192
4332
1184
2007
4736
2654
325
97
3365
2240
5110
5414
1791
4705
2006
2517
5813
4792
2517
1975
5136
344
3880
326
4931
3752
2577
3308
3089
1660
4041
3407
2425
986
5656
361
984
4992
1012
5983
5955
2882
5893
797
4963
3323
1445
2540
5294
2984
741
4296
1198
3217
4884
5847
5950
3887
5845
4297
5986
3849
4179
4997
4920
5040
74
2022
207
2515
5393
774
835
1135
3044
3214
4351
4923
1985
4063
4641
1260
3333
3033
537
852
4422
1628
3847
5150
4840
2725
1398
5993
5998
5009
9
5291
5300
677
4922
1093
2281
2114
3718
4939
372
931
4230
3191
5874
594
3398
811
5011
4192
1518
1396
4633
1962
4728
2632
4048
2533
2855
2635
4803
506
2108
4393
2082
4615
4931
586
5488
4490
2468
2573
51
1943
5508
728
1687
2293
563
5249
1623
2413
8
746
579
1942
2076
283
4105
2662
1170
3178
4511
2234
2465
5687
3283
1225
3250
3236
2204
4423
5854
4265
1712
1488
4514
5724
3354
5338
2613
5471
4712
2066
4034
643
3023
5379
715
262
19
5697
3586
3809
1298
2242
946
4629
1810
3566
9
1924
3807
5312
5178
62
4194
3596
4703
3513
1750
5332
234
5705
3301
134
4448
1493
1283
5678
3664
3818
2625
721
3820
2023
1623
1594
1556
5290
1659
831
195
3546
5053
4475
5466
447
5924
5004
466
4451
329
2379
475
4600
4061
4750
306
1056
2031
576
750
598
5548
4510
1728
253
2077
4506
2721
3251
5573
5835
1551
1293
385
1714
4514
