1000
100
187
154
158
121
110
172
147
128
116
128
122
173
189
119
181
180
136
193
105
155
168
126
189
173
199
194
130
197
125
143
130
130
146
198
168
103
190
145
161
192
114
126
169
118
184
100
183
133
194
102
150
154
137
152
131
191
101
168
107
181
181
198
103
193
184
193
189
106
120
164
167
181
138
186
100
100
168
143
163
111
124
134
102
140
165
106
106
173
165
111
107
196
142
138
170
180
185
177
164
168
142
195
165
181
133
129
160
124
170
157
111
196
185
104
181
178
146
109
176
167
118
185
100
165
190
122
162
175
144
179
198
195
121
145
160
190
171
157
180
126
177
128
160
141
186
101
150
190
127
131
171
180
170
194
117
125
166
183
119
182
114
180
178
193
195
185
112
196
172
108
181
115
180
156
148
193
154
143
158
153
153
158
142
122
176
159
133
108
121
165
167
110
117
172
112
135
150
169
157
194
129
141
146
159
120
180
180
114
188
195
101
188
158
185
137
102
132
175
105
114
148
142
184
141
106
136
169
143
108
195
175
128
100
196
133
130
118
102
134
100
154
164
149
183
162
175
146
190
186
185
197
109
127
181
161
114
196
150
131
135
159
113
179
116
131
156
192
160
198
186
162
167
120
137
187
170
129
114
109
108
174
193
167
190
102
198
198
160
185
187
122
117
186
107
198
175
111
189
172
158
166
109
128
180
121
115
104
104
174
103
120
179
121
121
111
143
110
158
112
131
112
109
115
100
171
151
159
143
126
181
193
162
102
182
115
195
172
181
113
155
183
142
155
167
174
125
179
141
122
175
190
184
112
175
121
185
171
164
182
199
141
125
175
131
113
123
159
134
144
152
198
142
189
171
131
126
186
176
133
148
191
196
176
169
182
173
176
177
183
130
123
132
114
192
118
187
164
159
158
124
170
198
157
169
181
160
123
153
112
178
147
130
146
146
164
150
164
121
107
115
122
173
121
176
150
113
101
172
106
104
168
105
172
176
129
124
129
180
153
133
168
117
190
115
155
109
137
164
133
198
150
164
127
197
162
186
194
193
175
161
156
173
144
174
102
172
121
192
182
175
155
154
189
100
190
199
192
176
131
198
129
109
171
100
112
138
191
134
166
165
165
136
135
157
192
148
118
195
161
127
169
121
177
117
176
129
184
189
178
158
100
104
132
115
165
146
136
175
113
124
170
196
110
110
182
114
188
185
156
106
197
156
121
143
108
132
104
158
193
151
116
128
198
197
104
121
195
115
177
170
137
185
127
182
191
183
156
110
171
165
193
106
159
108
191
147
189
131
159
141
103
108
193
178
104
180
126
182
120
169
127
149
198
131
168
185
159
163
155
153
152
143
126
173
195
140
112
135
157
176
191
101
111
167
135
139
161
150
178
167
129
116
150
187
108
174
156
140
127
165
149
113
142
136
188
169
166
120
158
180
153
101
134
191
151
102
167
130
141
136
150
101
173
141
129
133
101
146
197
148
148
126
114
166
177
111
158
130
111
182
171
130
167
147
138
135
127
103
168
120
118
116
140
110
104
185
181
179
124
146
133
195
155
132
118
110
112
122
174
149
106
160
130
102
132
115
172
139
108
150
194
130
169
106
119
129
130
149
183
177
166
120
194
152
141
102
169
181
124
149
136
194
182
148
136
182
102
116
135
110
170
113
174
141
151
147
186
188
165
124
101
185
114
193
196
148
140
182
186
155
116
176
199
123
188
111
108
114
124
101
178
113
129
136
145
160
195
157
153
112
184
198
148
117
138
115
181
118
185
178
196
105
167
136
110
192
134
114
105
189
155
167
129
124
152
160
100
189
152
163
149
141
125
157
165
158
171
102
144
102
130
128
189
127
110
122
119
101
178
135
190
191
194
103
195
133
139
113
172
110
130
129
102
128
132
140
168
171
195
111
127
111
150
187
182
185
106
101
148
134
195
106
154
172
151
183
197
162
100
120
153
182
104
190
157
179
105
167
136
170
107
187
164
120
145
136
191
137
187
118
143
198
182
103
175
137
151
136
109
150
167
173
155
193
112
195
153
177
145
105
103
179
184
142
130
135
108
123
178
115
146
172
104
166
145
118
103
151
165
107
109
179
174
140
168
195
191
193
187
128
159
188
138
106
130
146
136
119
143
166
145
126
111
177
117
162
193
177
140
153
173
187
168
115
185
152
145
181
187
125
180
188
159
184
168
176
176
173
165
148
120
110
193
127
181
103
194
110
170
114
174
191
165
185
155
198
142
175
113
173
170
100
116
154
156
175
143
123
137
139
