350
70
4
3
5
1
7
5
4
4
2
7
8
9
5
5
8
3
2
2
1
7
10
7
9
3
1
7
1
2
1
4
9
3
2
1
2
7
6
4
4
10
8
10
1
2
2
10
10
6
1
8
4
10
2
8
10
2
2
1
2
9
6
4
1
10
3
1
2
9
3
5
2
3
6
3
3
8
8
8
3
8
7
1
1
5
3
6
3
6
3
4
8
1
9
4
10
10
7
10
10
10
6
8
6
5
2
5
8
5
9
8
8
4
10
3
2
6
3
7
8
1
8
8
6
4
2
4
6
5
9
1
6
4
2
9
2
2
9
4
1
9
7
4
2
7
10
1
9
9
10
1
10
10
3
1
3
1
4
1
5
9
3
5
2
2
3
1
9
5
5
3
4
10
8
8
9
9
6
5
9
5
7
4
3
6
2
7
2
4
6
4
6
5
7
8
8
1
1
1
5
3
9
2
5
9
9
4
5
1
10
8
8
10
3
7
4
8
8
10
3
3
10
2
2
8
6
2
1
6
1
5
6
8
3
3
2
6
8
3
6
10
2
1
9
8
4
4
10
3
4
1
4
3
4
7
4
5
8
7
3
7
6
2
9
4
1
5
5
8
8
1
8
6
4
3
8
9
9
2
7
6
1
5
1
5
10
6
10
10
6
5
10
5
3
8
9
7
4
9
4
2
9
6
6
5
8
6
10
10
2
4
2
1
5
7
9
10
7
2
7
8
10
2
2
2
3
9
2
5
9
9
2
7
10
8
4
7
1
9
4
5
6
3
7
1
2
10
2
6
3
9
