180
60
87
41
57
88
29
36
68
96
74
69
61
8
34
32
20
33
56
28
87
22
96
45
90
18
49
64
98
2
82
84
74
46
30
46
92
35
29
18
15
15
80
32
42
40
79
4
32
85
83
30
89
95
82
12
39
31
82
37
44
23
48
62
50
99
46
65
55
75
8
7
69
74
38
15
4
44
96
93
94
42
18
44
31
59
8
49
24
50
54
43
100
93
81
71
87
16
18
75
47
16
26
98
88
51
49
36
3
42
69
37
8
31
26
22
91
33
15
70
36
53
25
32
43
23
29
73
31
96
86
19
64
98
9
49
34
50
29
87
2
13
49
91
54
35
59
96
99
76
64
82
90
31
93
54
73
61
58
53
75
14
71
61
40
79
53
19
81
12
62
34
82
46
9
56
37
15
69
22
69
54
