300
20
103
101
95
105
104
96
102
101
99
95
102
101
103
99
95
99
103
97
96
100
97
100
98
95
95
103
96
101
100
105
99
100
97
105
96
105
96
95
97
104
105
103
100
101
102
102
95
103
99
99
105
101
104
103
100
105
100
101
101
102
102
100
99
96
103
97
99
103
96
96
97
105
103
98
102
95
96
100
97
99
97
97
99
100
100
104
95
99
99
96
101
98
102
97
101
100
96
104
101
96
103
105
105
102
103
96
95
103
95
99
105
97
96
102
102
101
101
105
96
103
101
99
96
100
105
97
103
104
101
100
105
97
98
101
97
103
102
99
99
104
100
95
99
97
105
97
101
102
102
102
105
103
104
105
104
95
97
95
101
104
98
96
101
105
95
100
96
96
99
97
102
102
95
95
101
97
100
105
95
104
101
99
104
95
101
95
104
98
103
96
99
100
101
100
105
99
95
101
96
105
102
104
96
105
103
96
100
104
97
97
99
103
98
95
101
104
102
98
95
98
104
99
102
95
103
98
102
100
101
103
98
103
97
104
97
103
103
95
96
102
103
99
99
100
103
104
98
99
97
103
99
96
101
95
102
97
99
96
97
105
102
98
104
102
96
95
103
96
98
104
98
105
101
103
101
98
96
99
97
105
98
99
101
101
103
96
95
102
96
100
99
105
99
96
97
97
104
100
105
102
