1350
90
27
18
27
87
67
5
94
19
83
6
1
66
59
19
52
3
98
55
98
16
65
42
45
25
79
81
88
34
56
25
87
41
22
62
48
97
72
74
63
63
100
14
20
93
61
83
84
44
36
34
2
43
19
58
45
91
86
62
28
58
73
10
28
93
47
40
2
31
56
20
96
21
91
81
21
4
37
56
43
93
70
85
25
53
53
48
30
99
35
93
10
40
31
15
59
97
16
31
27
37
22
23
80
89
74
69
45
89
48
51
2
36
80
72
8
77
34
95
36
33
31
65
57
23
40
29
50
87
56
76
94
80
75
25
31
19
72
3
45
46
19
16
96
68
58
68
4
47
63
64
78
70
17
85
37
84
12
60
56
89
54
38
52
74
21
87
52
12
49
36
50
33
54
88
63
2
34
48
39
88
89
49
3
22
74
93
12
69
91
52
98
85
14
36
76
35
92
30
12
20
4
78
70
18
74
68
83
30
63
24
32
79
26
32
23
3
97
42
12
27
94
76
91
46
30
8
54
98
93
47
38
62
67
49
68
26
31
35
16
55
30
16
20
41
84
42
89
62
14
36
62
75
49
49
70
67
47
32
94
61
34
95
20
81
34
79
57
50
7
85
20
80
82
2
49
85
29
75
100
38
63
31
52
13
80
28
61
24
22
5
89
56
9
83
79
53
99
10
96
25
50
35
67
36
19
6
38
71
45
84
69
86
29
25
38
71
88
34
97
6
6
42
75
83
62
80
78
79
65
75
84
90
68
85
90
20
57
78
53
42
69
90
50
45
58
68
27
67
46
10
37
13
46
8
74
84
83
38
78
44
52
2
57
41
78
74
67
69
60
37
72
5
45
72
41
90
20
41
68
16
75
49
40
10
14
62
8
59
94
4
97
3
14
75
22
87
39
71
53
29
100
53
18
33
6
55
77
66
32
88
32
42
53
10
77
37
42
9
96
19
37
17
59
38
39
87
68
29
72
49
34
32
95
48
32
61
86
20
45
27
36
77
7
23
99
10
4
39
75
30
34
92
9
59
7
62
90
4
91
84
9
24
58
70
63
64
11
79
55
95
65
83
85
88
10
32
26
71
3
48
100
100
12
61
62
10
12
4
75
73
84
48
23
51
30
82
19
93
47
46
18
11
56
30
75
36
65
35
56
91
26
87
42
16
62
100
35
32
39
48
55
71
67
1
55
8
30
47
82
68
93
74
73
16
33
84
31
11
75
9
54
39
57
44
84
96
76
50
6
51
38
91
41
21
33
78
56
92
57
97
17
60
76
88
24
76
77
18
88
82
93
34
71
79
57
57
80
7
70
79
49
3
95
95
5
50
23
79
7
23
47
66
12
71
14
36
22
49
77
2
9
40
54
20
63
88
54
68
31
89
82
20
64
57
7
58
61
55
21
74
29
69
90
17
73
81
28
44
3
75
38
19
42
82
81
42
40
64
54
54
28
37
44
71
45
58
86
76
47
84
58
98
96
32
73
100
6
80
53
60
14
55
64
7
20
88
87
88
9
37
40
32
63
79
18
19
84
9
93
80
22
93
11
43
32
75
68
47
46
9
100
93
67
30
65
93
38
56
77
95
59
72
94
13
75
51
60
9
51
77
25
24
83
14
41
76
55
77
65
12
14
2
79
21
51
51
80
3
19
89
5
25
60
50
38
66
10
93
94
51
100
80
42
75
38
64
63
73
57
68
34
42
77
7
6
100
40
30
93
97
50
89
14
46
71
66
12
98
59
42
75
45
97
47
21
15
67
68
4
50
7
55
47
75
22
76
13
43
18
74
7
58
30
50
25
79
25
23
83
18
3
3
15
4
32
13
98
98
90
47
9
46
61
90
58
17
18
28
42
80
10
80
23
49
60
60
56
64
81
88
59
67
44
22
34
52
67
81
15
99
99
82
5
71
38
76
70
64
16
83
9
64
63
86
56
1
1
100
38
75
35
24
56
34
28
9
24
36
50
5
32
68
32
72
5
3
91
86
22
84
58
41
7
55
13
11
68
77
45
36
25
39
28
29
34
62
87
72
93
80
26
46
92
25
77
40
85
68
81
91
58
32
26
44
47
88
60
88
29
94
39
94
81
24
86
52
76
43
31
10
90
71
53
67
49
14
69
23
77
83
29
43
12
35
27
16
15
9
21
69
20
27
37
1
54
64
87
1
95
20
100
22
64
88
89
89
71
91
20
43
37
33
10
47
49
72
99
75
66
54
81
97
80
67
97
75
14
36
38
13
25
82
62
89
63
69
93
91
10
100
2
13
96
5
76
34
20
57
41
63
72
68
24
33
62
21
66
12
52
92
37
29
48
32
31
17
33
67
13
86
39
34
1
27
22
35
33
69
11
36
48
76
27
22
97
47
46
5
61
16
95
92
2
32
82
80
36
8
54
60
67
24
33
21
69
85
95
96
16
60
14
75
40
63
71
19
24
66
27
67
36
100
99
29
100
87
20
93
31
4
11
17
78
53
39
35
95
29
64
47
19
32
23
88
77
34
5
25
60
8
26
6
53
1
94
94
78
89
21
7
37
88
87
59
29
65
87
53
24
89
43
24
52
9
67
20
62
13
54
71
82
32
60
43
11
10
29
37
77
95
42
10
93
32
88
28
50
14
21
43
82
13
27
48
44
99
100
10
44
73
29
1
87
26
28
93
50
21
96
15
36
22
47
31
71
81
85
56
87
69
85
90
64
86
47
47
98
55
59
55
53
57
45
83
53
23
47
35
99
95
26
37
27
40
73
18
78
88
85
43
52
21
36
38
20
50
51
50
4
22
12
50
66
52
38
70
93
83
74
8
36
27
63
100
71
30
94
72
65
87
97
15
16
37
88
38
11
70
7
46
31
85
29
11
58
29
47
75
56
68
8
91
32
78
14
37
97
56
35
87
47
85
53
82
35
79
32
25
34
44
52
77
43
31
99
85
26
32
74
57
73
78
34
61
74
18
53
13
27
46
40
24
83
16
13
74
45
88
65
54
59
84
29
18
98
75
86
90
16
90
69
41
42
88
74
98
59
15
100
54
65
69
18
85
57
87
59
51
13
10
