300
60
91
109
74
115
111
95
70
106
97
102
81
80
71
68
64
107
76
85
81
112
113
110
75
79
90
82
69
74
113
98
116
97
119
82
110
72
79
100
62
98
64
93
88
64
66
82
65
87
67
101
92
96
108
76
80
100
67
66
112
112
63
97
75
60
117
95
113
76
114
96
99
117
99
71
111
110
104
80
100
92
103
108
92
96
108
86
83
111
89
76
94
77
117
107
71
110
107
67
92
63
114
64
117
75
111
65
72
73
78
83
79
61
87
72
84
93
119
72
60
89
102
83
87
116
109
63
110
104
113
119
110
94
115
107
86
70
113
117
109
101
91
118
86
110
68
66
74
72
116
61
63
71
91
64
111
91
93
97
105
109
85
105
72
106
66
106
109
116
66
83
93
114
102
110
107
79
115
95
67
110
112
117
75
100
80
73
61
112
70
100
79
107
106
112
119
113
105
118
60
93
89
61
109
119
103
113
71
71
116
111
73
105
102
99
117
92
100
60
92
99
92
92
73
86
78
113
103
84
99
76
101
69
98
106
65
112
118
97
80
62
79
73
119
85
102
113
110
94
76
107
85
82
71
108
64
101
115
107
60
108
103
113
116
96
66
100
81
94
61
91
106
77
85
90
65
79
84
74
72
102
109
75
90
97
91
95
66
63
107
113
63
75
111
110
72
70
100
78
65
110
