1000
100
132
133
165
177
135
170
165
194
140
145
103
151
161
101
137
183
150
139
117
145
162
195
125
191
123
178
156
185
107
142
144
125
128
121
127
194
190
191
138
177
187
117
148
113
152
173
186
108
147
104
170
153
184
143
155
143
110
141
152
151
189
181
181
104
188
159
152
186
170
155
194
142
162
115
131
137
167
101
175
163
144
152
151
129
194
174
148
184
100
168
104
170
155
140
176
168
172
148
138
186
190
126
194
158
184
122
144
160
114
165
147
134
164
168
112
124
165
180
165
118
189
171
159
195
144
194
107
128
152
147
122
164
133
186
175
133
137
158
111
135
132
183
152
122
107
145
127
164
192
186
169
150
145
148
152
100
186
102
126
141
179
112
179
111
135
184
152
149
167
140
149
148
141
156
101
160
195
144
129
163
104
123
137
147
106
120
142
149
187
168
132
142
139
140
132
152
100
149
139
135
158
149
152
123
186
172
179
161
159
196
166
188
178
135
199
189
134
135
120
130
150
136
189
198
126
124
142
173
113
161
115
186
190
128
178
106
153
117
198
122
158
196
162
198
156
164
114
180
192
145
186
154
182
198
195
190
170
143
197
117
104
127
148
161
145
179
190
136
101
197
165
168
162
144
178
157
177
150
112
118
198
190
111
192
159
104
105
140
160
158
193
150
111
102
105
180
147
194
165
149
115
129
191
197
133
120
139
161
139
163
127
192
100
102
194
165
163
110
168
128
130
185
178
175
130
145
162
152
112
125
159
147
190
179
118
185
152
188
124
132
148
176
140
159
185
175
145
147
131
193
101
121
141
113
134
170
198
155
148
138
102
117
146
191
138
104
164
132
166
143
108
121
195
118
179
104
162
134
102
139
179
199
146
105
183
151
163
171
197
113
178
118
161
150
142
196
129
139
180
150
194
128
165
114
188
109
171
128
141
191
175
157
175
107
192
165
157
161
123
194
120
164
170
100
148
107
192
105
109
112
126
198
165
107
170
114
103
178
161
175
102
102
150
103
105
114
131
138
126
135
119
154
188
147
106
130
183
153
195
144
194
186
163
198
160
112
182
142
121
195
196
187
118
113
104
113
120
110
194
136
154
135
125
116
138
118
161
124
109
118
146
168
152
130
168
153
122
186
156
174
151
135
142
124
109
172
178
199
150
194
167
182
156
186
151
191
112
178
175
120
118
186
191
119
103
114
167
120
113
164
183
187
125
125
110
153
114
119
132
161
142
107
106
144
145
121
138
179
135
129
142
126
137
170
137
189
157
196
138
124
124
153
128
102
135
108
119
196
178
121
189
175
135
106
152
151
127
146
142
191
163
171
189
176
120
196
115
176
133
177
136
132
132
195
183
155
122
184
164
128
174
171
155
189
179
186
120
131
141
149
162
196
177
138
110
168
143
177
136
193
112
107
180
117
163
127
141
176
170
161
106
100
103
164
166
166
102
111
131
193
106
120
102
147
183
188
186
100
145
176
118
114
137
123
148
176
194
172
126
187
152
171
159
147
185
179
151
147
198
139
116
184
102
185
193
196
156
108
177
175
126
133
191
116
179
136
113
116
161
126
185
109
157
150
160
173
106
198
185
194
155
180
105
151
155
189
103
129
171
196
156
184
196
164
130
198
169
103
153
123
103
180
143
107
137
154
190
174
198
139
120
151
185
150
192
110
104
112
169
143
151
165
154
178
120
196
186
168
131
176
147
133
110
117
171
165
178
144
194
144
155
164
126
128
162
171
173
183
135
188
150
115
188
145
124
196
116
139
114
189
120
133
186
191
101
189
190
173
153
112
176
155
113
196
169
155
194
136
143
157
140
118
149
111
174
193
182
125
188
196
139
179
151
115
198
183
123
145
100
158
160
169
164
118
189
110
124
190
138
157
165
186
180
149
121
111
176
117
178
144
172
122
192
125
140
107
124
144
112
164
190
174
148
160
170
118
144
142
112
121
184
160
171
156
118
101
198
194
141
192
165
192
160
161
180
119
113
180
106
143
133
173
143
136
169
154
153
163
182
151
111
188
111
191
131
121
143
150
125
117
151
105
115
183
168
110
193
114
134
116
144
148
116
188
140
122
177
168
108
151
191
156
146
133
115
117
162
171
115
106
189
192
116
199
131
175
127
180
189
194
108
180
103
181
178
163
140
195
112
161
186
187
101
169
130
108
125
140
197
150
164
151
133
183
142
124
155
111
146
125
120
163
124
101
191
197
146
131
112
169
130
158
190
167
169
173
188
105
106
152
178
114
138
131
125
135
152
121
133
155
