300
30
33
46
57
53
38
51
37
47
57
57
58
59
33
36
46
45
42
44
36
47
40
47
37
38
53
58
50
35
38
41
38
45
32
40
35
32
30
40
54
35
51
36
46
48
30
58
55
50
39
30
32
43
52
58
54
58
47
53
50
42
39
34
44
51
51
36
37
59
35
56
46
40
37
34
57
45
34
51
51
42
53
44
36
58
40
52
36
35
30
38
51
55
39
41
45
53
54
55
46
48
46
41
52
36
46
52
59
51
42
34
45
57
32
50
53
32
48
44
49
46
49
49
48
33
43
57
47
32
42
48
37
47
57
45
56
38
47
39
53
44
55
31
31
46
47
47
41
35
47
58
42
47
37
30
33
57
46
46
57
47
59
56
32
30
51
35
55
50
36
38
45
35
47
54
41
36
43
51
53
49
33
42
41
52
32
48
52
48
59
41
53
57
43
45
57
47
41
58
36
42
41
45
48
41
53
33
38
56
56
38
42
36
54
33
48
45
32
47
31
40
47
57
36
50
44
55
58
42
56
40
40
48
32
31
53
46
59
53
36
30
54
51
47
39
54
38
41
55
51
51
38
48
31
47
36
48
32
36
49
38
34
50
56
38
51
42
38
48
33
47
59
34
46
37
44
58
55
32
50
59
59
44
57
30
36
41
58
46
40
35
35
52
41
41
39
31
39
59
38
42
