150
30
104
97
102
96
97
103
98
105
101
105
95
97
96
98
103
100
96
96
102
99
101
95
101
97
97
95
96
99
102
97
104
96
95
105
96
104
104
102
98
98
101
101
97
101
97
103
97
96
104
95
97
98
102
100
99
105
101
95
103
104
101
96
105
104
98
98
98
105
104
102
96
96
105
101
100
98
98
100
99
96
100
105
104
98
101
95
102
101
105
98
99
100
104
105
102
101
97
103
105
98
105
95
103
98
102
104
95
104
95
100
100
97
104
105
102
105
99
104
103
99
101
105
102
102
103
98
104
96
95
102
105
102
105
101
102
105
95
95
95
104
99
95
97
103
100
98
101
95
95
99
