150
30
97
96
96
101
101
102
105
98
100
96
98
97
104
102
105
98
101
96
103
103
104
97
103
100
99
95
95
104
103
100
104
95
99
100
96
100
105
99
97
102
98
101
99
103
103
103
98
99
98
105
95
103
98
97
102
104
98
101
99
96
101
105
98
96
105
100
101
97
97
103
105
95
104
96
104
100
95
96
96
98
102
101
97
103
100
102
100
103
102
99
101
100
105
98
102
105
99
100
102
103
95
104
100
105
105
98
103
96
96
104
99
99
100
100
102
97
95
105
103
97
96
99
95
103
105
102
96
99
105
105
98
98
97
102
105
95
97
97
104
95
98
95
105
100
97
96
99
97
105
100
