600
40
45
6
19
73
67
78
16
2
39
14
31
29
23
75
17
50
48
5
14
38
11
67
1
4
56
79
60
62
49
28
39
56
12
26
76
4
65
68
44
32
40
43
73
47
73
69
74
44
58
72
37
11
75
48
59
1
35
32
67
50
47
73
57
63
33
58
9
57
70
47
10
61
72
79
47
65
49
40
64
39
43
38
12
29
67
13
29
67
15
14
15
38
34
75
60
9
37
66
46
51
54
33
55
68
43
67
71
77
61
57
61
64
34
69
65
35
72
39
3
71
7
3
67
5
5
55
15
48
48
72
29
60
53
23
45
60
7
68
29
12
77
29
42
15
11
36
1
11
8
71
6
40
21
5
65
4
43
63
17
72
79
62
50
48
62
71
1
64
5
67
46
25
1
35
63
45
32
47
79
57
8
48
52
56
28
63
67
13
59
27
74
8
73
72
62
74
53
39
24
47
57
36
51
31
62
15
63
9
28
56
9
72
19
47
48
48
55
42
54
2
65
61
37
13
67
31
62
33
58
49
75
12
40
25
44
63
53
41
71
26
8
76
53
57
21
14
6
35
74
29
2
49
41
49
35
44
6
79
37
18
7
30
10
12
31
14
28
53
32
75
22
18
49
53
4
63
50
79
42
35
20
71
42
15
78
78
53
24
30
60
75
22
51
13
29
47
45
51
70
20
29
78
44
55
17
27
66
45
76
5
47
64
13
51
44
6
33
64
77
24
70
73
16
19
32
6
34
65
11
19
21
5
51
25
20
56
13
79
27
54
55
71
64
72
69
75
37
31
58
54
11
71
14
27
30
18
52
20
46
26
55
52
32
24
66
57
78
37
68
22
25
16
76
54
8
13
59
32
74
18
43
78
30
40
38
13
72
13
25
45
8
42
18
38
26
69
75
38
30
58
75
25
78
11
9
33
74
62
63
8
79
7
13
20
75
25
54
14
10
67
18
53
4
58
12
39
69
50
15
49
35
65
69
29
30
68
32
52
35
35
52
2
55
72
39
33
31
1
74
79
37
55
5
6
14
21
17
78
55
36
8
76
68
3
1
75
51
69
35
67
17
20
73
34
77
1
27
39
68
60
22
16
34
25
7
2
59
14
69
34
72
68
46
49
21
71
38
26
44
55
64
32
38
52
23
22
57
74
47
22
34
30
26
71
49
9
59
25
57
35
22
52
27
5
36
67
26
27
79
40
56
21
25
75
70
12
75
69
28
8
7
28
48
22
35
36
60
75
27
56
53
23
20
45
66
19
78
26
2
78
77
55
16
58
27
57
65
11
48
57
24
73
60
48
55
61
46
16
31
34
28
22
25
14
16
4
57
31
15
20
42
68
33
46
52
65
57
38
47
49
