300
100
103
95
103
100
104
103
99
104
98
100
98
102
103
102
95
99
99
100
98
98
96
95
101
97
97
97
101
97
102
104
102
103
98
98
98
98
99
104
104
97
97
97
97
95
103
98
98
95
96
105
105
103
95
99
98
101
99
95
100
99
102
99
97
104
96
96
101
95
98
104
101
99
102
102
100
103
98
103
95
100
105
100
98
98
96
97
104
99
99
95
97
102
97
105
104
101
105
104
101
99
96
100
95
95
95
98
105
96
97
103
100
101
100
103
103
102
104
101
95
99
102
101
105
99
96
101
102
104
105
97
105
103
103
105
103
96
95
102
103
101
100
100
95
98
98
101
99
100
97
96
99
104
97
103
101
101
101
105
99
103
103
96
98
97
100
101
96
103
100
96
101
103
96
98
105
105
99
102
103
97
101
101
102
105
100
98
101
102
103
99
96
99
104
101
101
103
100
102
100
95
105
104
97
96
96
104
98
104
103
95
95
96
97
99
98
104
103
99
101
99
95
100
97
103
104
95
95
105
100
100
104
103
97
95
105
103
95
104
98
95
96
97
97
105
102
99
95
99
97
98
96
102
100
99
96
103
97
102
105
105
98
105
95
101
104
95
101
98
105
95
100
97
101
97
96
100
101
97
102
98
99
97
95
95
99
104
102
105
104
101
101
100
103
97
100
100
98
103
97
103
