600
40
22
19
5
5
11
2
20
4
21
11
57
3
25
45
29
23
28
34
21
50
36
34
18
52
78
19
58
77
43
44
61
69
46
9
46
23
70
69
37
8
76
15
55
6
24
20
52
25
64
79
13
38
38
20
25
65
64
71
72
7
59
9
48
48
72
4
34
33
62
14
69
68
47
32
78
38
19
61
62
24
29
48
11
58
76
49
4
43
8
56
74
20
64
48
34
59
66
51
71
35
22
24
47
77
6
24
46
16
18
6
24
57
43
44
25
79
76
31
25
18
17
51
14
34
1
45
18
8
30
35
12
62
69
7
2
63
63
65
2
8
56
23
42
18
31
63
30
43
74
47
10
61
79
66
35
21
18
28
54
59
16
16
59
18
21
75
47
28
38
45
43
19
69
23
11
44
71
55
52
73
75
17
76
72
1
7
8
23
16
78
61
73
34
6
32
4
63
18
9
77
24
40
43
3
55
59
51
54
24
22
62
4
47
76
35
34
12
48
71
2
25
3
40
76
28
22
15
34
50
25
78
50
28
21
28
21
40
62
17
46
14
68
46
54
59
44
24
8
58
78
57
1
18
41
49
56
64
42
68
56
44
5
32
42
74
35
25
42
71
77
19
70
28
47
53
17
44
6
9
60
38
79
78
61
7
31
73
58
7
22
37
75
56
3
58
70
45
12
68
61
58
11
59
40
36
79
56
4
7
12
40
8
62
16
17
26
78
38
16
33
26
78
71
15
46
19
31
50
1
61
18
59
60
46
78
24
25
66
41
36
31
25
33
18
51
39
28
69
78
19
23
28
64
79
6
3
57
5
25
62
24
69
32
76
41
1
68
62
18
18
67
40
6
23
37
55
3
53
52
56
52
19
35
35
78
43
53
68
14
71
38
71
68
15
43
64
66
41
67
8
52
65
71
14
4
59
75
10
57
27
78
28
51
73
76
57
30
58
67
44
57
47
28
26
13
70
26
2
56
18
4
53
7
21
40
2
3
18
48
5
58
24
55
58
14
52
21
24
39
24
3
72
54
63
23
14
33
79
78
10
21
74
16
4
7
6
73
5
71
51
14
62
62
26
77
4
28
48
70
9
7
48
25
12
11
73
73
78
44
22
38
39
17
23
9
61
14
25
76
25
78
42
79
25
32
78
15
71
33
76
11
35
33
6
62
21
79
23
69
56
65
31
70
30
11
43
75
16
43
36
69
70
20
37
43
60
29
11
42
62
53
30
31
3
34
30
23
52
2
26
44
14
13
35
27
16
38
74
35
8
74
45
57
35
70
29
42
44
14
69
70
29
78
45
61
40
22
33
23
74
56
57
35
25
38
73
7
54
79
43
12
62
71
47
18
16
31
14
17
33
