500
100
96
101
101
102
101
101
97
95
95
102
100
102
103
100
104
100
97
97
105
96
98
104
99
102
96
95
104
104
98
105
101
96
100
103
101
102
102
95
104
95
100
96
101
99
103
103
103
96
101
102
105
97
103
97
105
96
99
97
104
98
103
103
101
96
97
100
100
100
96
101
104
101
98
104
103
99
102
99
98
97
97
96
98
98
98
105
105
104
102
101
101
102
103
101
101
105
105
101
102
100
96
104
96
95
96
95
98
105
98
100
102
103
102
95
98
99
95
98
105
98
95
98
96
104
104
101
99
96
96
102
95
103
103
103
103
103
97
103
98
101
99
98
102
100
98
98
101
104
97
97
103
96
100
100
102
99
97
96
101
97
103
97
101
95
100
104
102
96
100
101
101
97
99
102
101
100
97
95
105
105
97
96
98
95
99
98
100
99
104
98
100
102
97
100
101
103
98
96
102
104
97
101
102
101
103
103
98
102
97
98
100
96
103
105
96
102
99
101
98
102
98
105
103
96
104
100
97
105
101
101
101
103
104
103
100
98
102
100
98
97
103
100
101
101
105
99
101
105
100
100
103
104
95
105
95
101
104
97
100
98
101
97
98
105
97
97
100
98
98
101
104
100
96
100
100
102
96
100
104
102
97
104
96
101
105
103
95
95
95
101
104
97
105
97
103
104
100
99
95
101
105
99
103
102
97
96
101
97
98
104
98
99
103
101
97
105
102
104
99
104
95
95
101
101
95
96
98
104
96
98
100
96
97
104
104
98
96
97
103
96
103
100
97
95
103
103
99
97
102
96
105
102
103
98
97
101
100
101
102
101
101
95
97
95
96
101
97
96
103
97
104
104
101
101
97
102
99
104
95
95
97
99
96
103
102
105
97
101
105
100
96
104
105
96
95
101
105
102
99
96
99
98
97
101
103
105
104
96
104
97
100
101
101
104
100
100
105
96
99
98
102
105
104
98
104
102
104
96
97
104
96
98
104
97
97
99
104
102
105
102
96
99
96
97
102
101
102
103
104
96
98
95
95
100
96
96
99
102
102
102
103
98
104
95
96
104
104
95
97
104
97
97
96
96
98
101
98
102
98
103
97
99
98
101
98
97
95
99
99
100
103
99
104
105
95
102
96
105
95
95
