800
80
2357
6274
5087
3035
2803
3755
5231
4025
7817
6315
5723
2472
4501
7935
3850
6723
3819
1247
3689
944
2649
4939
3698
3308
6846
2450
2835
6008
7748
1574
7529
6270
7432
5678
1100
3742
5201
4734
1981
1544
5305
7863
5601
6939
195
5548
2436
5017
3898
3987
4902
2222
2283
6170
4959
3975
5450
7818
3965
6457
156
6697
1647
2417
1502
824
6792
435
7876
6055
2876
4475
6459
4870
7118
1373
545
7018
7443
3433
3240
3884
398
5080
2889
3353
5816
7002
1401
5751
3205
3531
465
1413
3148
2603
3069
4781
2811
6266
1225
3353
1312
1063
6903
5590
128
863
2451
3191
6936
3418
833
931
7160
1772
3378
4898
3671
2499
7076
7
691
1347
1563
7664
1782
2883
5497
6567
4524
6373
6045
906
6244
7516
6152
4166
3261
7676
3572
6860
7444
4850
2500
2524
4773
6036
3521
6165
2577
1666
7994
2379
1407
619
957
4928
1260
6409
4271
4114
2074
289
2349
5221
7377
1176
3651
2986
6765
3243
5265
6014
7520
5985
4261
1745
2957
5248
6538
6105
1125
1646
1271
7374
6598
1867
6945
4222
3369
6550
7482
2125
3043
5327
1175
1461
7877
3230
7668
7571
7237
2645
1017
6401
6873
3695
6069
2942
6092
7655
2588
4298
1995
978
3091
1741
1399
5505
6698
4600
7852
2550
3163
4309
1768
1964
4621
7532
1704
6635
6126
3343
179
1814
2826
2051
4185
6021
7077
3301
4852
6014
4919
6302
4620
4879
2543
2594
4877
3860
4810
1152
965
1996
6401
5805
6514
2515
2645
2192
1221
1403
3145
7055
3346
3649
1593
6377
1022
4001
2027
2637
2217
98
414
5285
142
1149
806
6057
2141
7887
382
103
7716
3997
4784
7288
7824
98
4375
526
808
2631
2120
7397
2213
982
5426
5952
934
3572
975
1598
846
945
7672
3400
7805
4497
2931
7930
6048
2360
5699
5928
4404
6678
6696
7381
2163
4372
6262
6097
2138
1195
7054
4150
4708
4719
3330
4816
6625
3834
3524
4170
4726
7341
6403
7028
4362
4429
6347
5158
3537
2601
1890
4753
6547
1589
7041
10
3996
7008
3455
2773
5252
7139
4118
6590
6715
5134
5871
109
2683
5219
4083
525
2470
2635
183
5296
3848
5050
2831
169
163
4314
4715
3260
4333
741
2297
2400
7947
6211
6574
5794
7616
528
3442
6891
1713
74
2191
665
107
76
6968
7402
5702
3244
1545
4399
6968
856
6255
107
6601
7331
3754
1510
3112
7013
7476
6780
4096
7285
535
1768
3016
352
2101
272
2396
6140
4184
7626
5474
725
4024
4602
5714
155
4654
5057
6069
2953
7623
67
3258
6629
4414
1840
3963
4440
2406
6174
1667
5403
3288
5483
6339
121
5556
4604
5663
4784
6202
5853
7403
1736
499
5730
7783
1814
90
4857
7316
7665
6134
910
7401
5846
2714
7639
5723
4748
3962
7049
2650
4433
517
5026
6254
3867
4618
7984
2795
6395
3982
525
673
4676
1405
3114
480
2706
1001
3474
7981
4157
4774
2167
1715
5638
4601
4404
5447
6832
5187
3262
6146
4459
6046
7300
1469
504
5849
2106
5013
7757
1529
6275
1300
4581
422
536
3458
3686
1831
940
2197
2639
1180
5355
2516
6078
2858
315
4486
5424
1980
7590
6842
4307
4327
7503
3728
5733
2109
4348
125
239
614
1331
1543
2195
2584
7853
4781
3237
7211
252
914
7080
7538
1578
4012
3772
145
3121
7400
3941
1296
7395
7483
4461
2345
5320
7141
7137
3713
5285
4330
2420
4204
208
2420
4057
1553
2037
3890
7163
2145
3563
6954
1279
7151
103
787
3828
1943
7968
4206
5912
2337
6287
7281
6313
2387
882
3975
7046
1828
7199
1611
2758
1398
6696
1083
5022
4020
3040
3906
6700
920
4502
3869
5843
5912
7046
5229
6748
3406
4356
856
1259
6155
7037
1309
2389
2350
2747
2633
2530
3216
1104
4038
6727
775
7627
2786
5094
4912
2999
6520
4125
7239
6073
6829
1096
2222
1324
5402
474
7896
6400
7241
1541
5161
1216
3234
4408
6095
5646
4422
5426
5437
682
5378
5651
2363
4233
3683
1154
3192
2947
5956
4612
7528
1143
3832
2061
5192
3273
602
1755
2671
6769
3745
4373
5068
2655
7790
3192
2582
4566
3685
7545
2974
207
7937
3913
634
770
2280
882
4043
3352
3214
7095
6657
1699
6998
118
6325
533
3069
4936
5655
3056
1095
7623
7284
4747
5044
3398
4841
6154
5801
7626
7244
3889
4282
478
4809
4808
381
262
3291
3084
552
2566
2221
6032
1327
4320
7196
1978
2511
1741
7874
887
1813
3987
949
5409
6525
4917
5497
5139
4577
3565
32
6182
1704
1525
3946
4421
3172
2696
6692
2134
5789
5307
5363
5220
1148
1261
5914
3098
729
1960
2300
1732
7365
2622
