1500
100
13
86
107
186
8
40
28
7
197
93
165
96
54
9
192
178
30
33
154
126
44
169
106
50
45
32
150
151
101
11
45
144
67
144
112
7
57
67
129
131
9
114
52
85
56
23
111
87
110
105
195
157
68
90
118
130
119
69
191
176
44
59
42
96
29
95
137
161
113
29
187
89
6
144
2
196
122
48
103
18
172
67
128
16
180
29
93
66
48
98
182
9
138
140
142
103
161
128
120
127
120
157
2
58
77
165
135
79
21
70
132
34
64
60
85
99
148
109
172
149
128
156
38
135
87
159
153
77
145
172
2
100
102
71
73
63
51
5
53
33
140
13
34
2
85
75
188
162
43
41
73
122
144
139
73
53
185
13
37
63
70
109
194
160
144
60
149
5
69
187
150
24
3
154
84
46
20
113
16
19
128
149
112
92
170
5
120
116
24
140
2
78
53
184
189
188
71
27
114
22
148
32
65
63
55
57
90
58
164
152
89
76
53
156
103
191
163
150
146
2
68
190
84
112
58
49
147
143
85
149
129
96
22
79
177
122
164
55
54
2
76
121
145
45
121
30
168
131
174
102
164
128
154
125
184
179
157
169
111
1
131
37
144
17
122
51
129
94
128
48
8
126
154
40
105
122
44
35
79
93
143
52
199
95
120
80
86
81
184
76
171
176
181
58
39
146
2
106
29
125
64
124
153
57
166
185
74
155
146
135
98
11
101
117
51
77
68
33
160
55
89
26
152
195
103
38
20
75
161
123
136
95
5
83
180
53
159
93
86
32
132
63
151
183
111
159
124
113
178
66
26
73
69
113
181
44
40
194
75
175
114
71
130
26
94
53
173
186
16
136
36
168
51
38
74
161
161
160
17
37
56
28
86
163
50
144
115
145
140
37
54
150
108
136
145
58
63
171
69
187
54
110
182
189
22
159
75
26
175
111
90
150
113
82
134
134
185
37
75
169
91
11
21
40
29
34
134
193
154
3
28
69
32
186
9
45
78
102
88
27
27
178
128
114
116
56
45
171
144
8
31
102
154
75
3
46
192
58
141
43
143
166
156
83
31
28
169
68
6
190
163
189
160
4
173
176
195
62
70
21
124
65
139
161
14
85
111
151
95
10
129
101
181
187
127
26
113
123
135
45
41
196
198
27
97
171
33
1
198
81
141
40
94
4
55
139
158
5
133
150
66
118
4
140
148
121
117
37
145
191
104
136
11
30
25
67
130
10
123
137
14
176
81
93
169
102
30
46
96
84
76
14
185
70
25
59
127
117
98
81
152
113
106
45
83
94
167
148
22
85
1
189
167
189
31
82
25
144
89
96
16
100
76
109
189
160
117
72
15
34
63
164
83
188
131
39
42
199
190
105
58
27
136
35
13
172
5
193
183
112
138
57
30
102
123
90
31
122
53
100
74
94
175
81
30
163
177
35
57
188
141
180
27
163
68
173
10
82
6
95
186
14
151
77
95
166
47
102
52
21
43
96
86
44
189
145
131
30
24
112
125
137
179
179
136
156
198
52
185
22
159
2
44
111
180
186
89
113
137
190
77
86
41
105
188
138
104
140
183
60
135
108
151
101
110
58
120
100
25
26
72
195
115
83
13
18
91
185
108
89
12
98
129
101
184
6
1
96
139
138
60
78
29
179
96
144
190
55
183
87
169
109
56
30
72
148
127
89
164
95
109
29
111
14
46
95
150
16
80
133
196
192
130
136
38
129
170
73
62
58
158
156
79
23
163
39
8
141
14
105
144
78
64
35
121
151
25
111
134
172
186
73
90
179
134
85
125
34
77
73
130
3
85
189
83
9
127
134
94
115
39
156
10
99
38
176
112
185
3
193
57
58
165
177
31
152
174
196
46
196
73
168
47
175
79
66
90
187
71
98
129
186
109
175
90
144
140
126
67
108
136
155
197
118
42
172
70
196
94
14
196
130
76
191
103
142
33
178
183
173
150
19
139
74
47
13
196
186
23
77
193
146
186
33
192
84
187
192
176
71
16
191
134
194
87
178
96
166
187
180
117
66
9
33
88
196
26
72
123
75
165
145
17
72
147
161
10
115
94
133
58
68
86
186
154
119
130
176
61
67
173
120
194
139
72
34
21
160
155
1
156
96
102
135
196
66
180
27
147
157
132
102
66
106
134
168
153
23
183
76
17
50
116
199
122
144
23
178
115
85
48
152
74
132
9
145
139
54
17
143
62
141
152
128
189
53
70
67
189
18
4
84
6
198
84
8
129
11
171
90
45
114
22
20
15
23
198
71
166
97
103
45
182
74
145
199
164
123
134
10
82
160
108
101
16
163
99
186
126
119
133
184
147
73
94
186
109
92
26
58
87
66
40
143
169
120
131
95
42
42
130
41
27
116
73
50
64
80
109
109
129
3
147
100
90
57
144
144
142
173
115
27
150
164
86
90
7
96
47
114
45
37
191
161
76
150
4
100
33
146
5
123
127
120
70
15
127
28
27
60
129
129
148
138
18
89
35
95
141
145
170
56
54
192
170
165
88
129
49
120
91
59
170
186
77
15
101
186
45
30
98
57
73
43
8
179
31
152
122
92
96
160
166
95
183
170
59
82
190
89
96
7
63
7
156
66
140
100
13
77
191
69
106
66
21
143
171
182
89
134
195
74
196
183
102
48
171
1
154
180
72
192
77
177
107
4
134
63
1
184
182
146
172
11
163
154
197
171
94
20
20
21
74
19
64
72
178
97
27
66
119
131
64
73
123
63
99
13
31
109
189
31
194
167
153
197
129
126
114
49
137
71
171
132
92
106
44
171
171
136
172
9
89
39
66
9
120
71
25
14
179
32
44
13
53
76
134
63
50
131
42
160
114
104
108
82
4
40
191
64
105
138
145
95
160
30
117
136
164
112
100
2
161
196
70
91
25
17
11
73
102
89
19
163
130
32
95
153
46
38
193
81
159
114
126
7
115
74
56
151
85
12
19
158
71
151
78
107
131
97
172
47
50
33
107
25
17
107
139
136
5
101
181
51
130
177
140
96
25
116
70
191
128
85
151
117
37
80
196
137
24
110
142
145
18
153
102
14
29
106
95
89
144
194
135
120
18
66
196
39
12
40
150
30
197
56
86
106
41
91
190
49
46
56
152
192
170
131
26
139
193
100
161
173
166
118
11
75
154
56
34
4
39
171
21
93
179
26
91
32
47
18
28
97
115
132
147
174
196
133
176
93
54
118
44
172
76
14
84
68
127
172
57
51
171
37
61
113
69
193
60
50
133
157
112
48
98
26
139
136
187
162
17
6
166
47
29
186
131
147
77
133
47
168
115
52
33
198
158
186
131
162
199
62
8
57
126
188
54
161
197
71
190
20
16
92
171
42
32
117
160
77
109
103
140
1
81
111
97
173
5
108
76
64
32
39
23
35
48
27
