700
70
101
58
17
7
91
124
88
100
39
85
91
16
19
65
67
93
82
81
37
10
68
76
38
121
79
68
130
84
120
116
11
95
36
28
111
98
104
92
127
71
19
127
131
69
71
115
87
38
114
139
136
121
36
94
23
117
132
103
53
104
93
18
3
1
123
7
116
106
132
60
50
110
100
117
56
101
38
95
44
82
93
87
49
103
85
110
87
61
99
76
84
105
73
30
66
124
31
29
14
36
5
24
98
58
26
102
7
17
22
131
96
116
97
74
137
35
113
88
85
60
109
11
69
116
59
64
100
21
52
29
81
99
69
69
13
125
40
81
40
80
133
41
30
107
3
16
56
33
114
49
118
53
50
78
107
78
18
130
18
85
62
23
84
113
133
60
22
70
120
57
20
31
103
114
66
41
84
46
43
42
51
69
129
56
97
39
18
68
63
135
69
49
21
111
32
65
92
29
124
56
126
57
87
25
38
109
110
74
123
11
96
97
129
25
135
101
56
7
89
137
17
123
34
15
24
92
17
105
110
52
113
131
36
22
52
52
11
104
64
20
136
101
114
75
9
50
49
102
37
49
6
50
43
111
105
2
130
48
123
11
5
81
12
33
129
35
18
131
90
81
57
55
23
56
52
86
100
81
57
52
57
44
105
39
99
9
139
56
32
45
27
61
62
14
132
85
113
111
82
69
119
126
54
44
106
110
85
29
65
89
121
7
104
3
64
24
53
10
81
18
89
63
12
133
78
45
35
46
75
14
107
19
11
116
46
104
11
136
39
45
128
93
58
5
132
1
39
50
93
3
131
48
112
93
49
14
38
45
75
103
5
48
138
98
67
125
10
122
43
88
124
114
106
113
95
92
126
74
130
112
107
123
123
137
37
35
10
58
29
23
55
69
17
79
134
1
111
129
82
102
46
8
60
90
7
94
76
23
10
5
73
11
95
31
87
83
96
38
96
54
14
107
137
118
79
121
9
82
110
66
24
63
80
73
111
122
14
106
67
123
39
106
32
32
72
33
43
81
19
49
126
21
117
31
15
48
50
95
8
118
55
13
86
136
113
51
112
106
87
12
31
41
89
71
91
129
120
56
106
138
134
54
134
66
18
112
44
135
121
48
135
95
138
93
136
89
63
113
88
87
38
29
132
104
60
94
16
75
30
42
129
7
104
54
119
76
115
129
61
132
85
42
38
133
78
32
94
96
64
113
49
13
14
89
80
35
92
44
135
23
86
19
116
76
64
18
73
32
71
92
87
138
45
62
81
95
46
72
9
126
105
62
75
135
63
116
29
32
98
109
33
37
122
128
38
97
53
130
53
10
130
132
134
113
138
90
77
121
36
99
139
46
38
38
14
12
46
26
104
50
90
20
30
66
120
124
137
10
70
14
131
80
100
20
20
84
78
112
55
49
17
48
32
48
62
16
68
23
98
82
109
7
38
55
39
21
21
95
26
137
22
9
61
27
100
68
112
20
5
73
88
91
138
6
126
96
8
30
47
24
93
82
132
45
70
62
60
118
88
73
125
42
28
70
61
90
91
29
58
82
131
107
91
103
139
63
13
27
134
28
20
73
21
59
91
30
30
82
138
87
