1200
80
121
144
74
142
129
133
45
64
79
101
9
34
26
54
47
72
116
94
63
66
68
58
64
140
97
146
42
29
81
159
119
35
129
74
41
42
54
38
107
88
17
115
43
102
1
98
65
41
1
9
11
117
50
109
134
122
91
150
149
144
13
30
60
62
93
86
18
67
119
141
33
34
79
92
152
127
140
46
47
152
153
90
26
92
142
144
59
26
76
79
147
41
117
157
11
147
90
44
59
32
105
36
104
150
29
110
118
74
110
43
26
133
43
57
22
133
84
28
152
75
144
67
109
58
34
139
114
157
155
148
19
125
98
115
140
130
18
21
69
63
152
65
72
100
141
104
135
102
68
48
119
7
136
139
68
100
74
72
70
159
121
57
40
118
150
151
124
121
143
53
114
42
142
53
111
6
56
35
41
57
116
129
104
126
82
71
118
80
37
104
39
33
151
136
79
17
93
117
127
51
86
158
8
10
61
29
78
79
100
64
71
23
21
44
105
102
86
109
138
83
154
56
148
58
135
87
21
87
3
127
121
4
14
149
50
34
110
66
10
95
50
118
106
3
53
58
61
45
153
94
132
30
159
71
59
53
47
58
71
118
62
105
117
125
148
21
29
130
94
149
144
82
95
152
59
83
117
27
44
130
49
157
103
36
40
157
141
60
12
133
47
7
159
10
21
107
18
75
23
81
19
99
132
76
1
77
3
127
28
62
120
26
127
54
130
61
155
21
79
128
75
107
62
74
125
157
139
40
58
32
159
14
53
104
26
143
58
130
115
8
71
23
107
70
61
157
152
66
117
98
14
132
69
48
47
127
47
12
93
159
65
97
155
20
126
41
89
46
77
116
14
10
115
123
156
149
153
56
43
138
70
130
102
89
43
142
72
14
154
139
23
65
149
142
46
92
120
86
98
95
73
104
132
74
14
24
135
47
24
152
104
125
8
95
109
157
146
90
135
92
41
28
108
65
63
15
139
42
68
74
15
78
123
152
11
21
123
32
152
96
91
46
109
47
93
71
125
30
92
113
33
117
61
128
86
150
122
138
46
43
152
127
79
51
50
77
103
142
157
123
10
119
47
100
36
69
158
7
158
71
77
78
91
37
43
157
136
137
83
136
20
95
141
32
29
35
36
140
30
157
74
76
66
33
91
108
31
103
120
101
159
67
143
132
82
1
121
106
42
9
17
25
133
121
78
3
146
55
118
127
1
159
108
28
64
14
14
73
149
153
35
149
55
115
138
21
34
97
41
93
78
34
19
69
89
117
70
68
140
83
79
89
82
145
144
50
70
42
32
72
116
155
27
105
6
18
50
91
13
142
114
6
73
13
151
17
57
107
98
101
103
29
48
155
29
152
30
8
28
51
25
154
128
115
107
113
75
91
62
120
77
62
112
78
48
60
10
40
78
138
111
55
139
33
96
138
94
72
128
114
65
78
136
98
105
3
18
47
117
102
11
114
81
93
110
126
89
74
21
159
84
122
29
135
44
43
139
98
98
100
78
122
114
54
17
1
17
69
113
44
102
136
145
44
131
3
62
31
26
92
117
24
73
100
123
81
85
141
33
122
136
7
106
121
48
72
19
74
31
69
44
37
146
98
42
36
103
19
77
46
152
117
101
107
153
152
62
5
147
27
74
4
17
77
58
75
147
22
149
142
158
43
36
147
104
29
46
115
47
11
108
108
112
25
71
157
9
58
139
158
12
11
71
72
107
97
146
29
118
67
61
79
110
88
104
109
124
89
14
45
102
129
123
17
34
155
142
94
52
61
65
2
155
61
133
7
136
89
52
30
12
49
58
61
69
9
89
147
128
23
138
66
92
59
45
138
138
143
117
32
14
101
87
112
97
26
114
107
57
93
115
102
34
101
56
12
97
81
99
107
46
55
66
8
43
54
25
151
104
146
156
8
121
77
22
144
32
76
42
159
48
153
21
54
131
139
21
25
15
7
106
90
68
86
4
57
51
71
75
21
41
112
36
29
37
16
105
6
157
148
72
36
101
148
91
8
159
75
26
108
14
60
151
9
130
159
25
139
34
147
15
26
151
157
96
88
26
43
125
62
136
10
76
140
77
63
116
78
124
56
8
1
91
69
101
81
96
72
4
36
159
123
92
33
9
9
64
103
107
2
130
4
63
147
5
158
146
104
133
49
49
130
47
18
46
59
128
115
44
28
90
43
140
88
134
38
77
96
24
20
157
115
129
143
12
131
78
124
101
88
63
86
27
50
129
3
114
140
74
10
83
122
47
34
143
23
90
8
123
151
142
35
150
73
159
14
159
22
28
89
33
134
120
56
45
97
84
97
61
115
70
93
114
109
66
61
147
90
52
35
18
18
33
60
23
139
45
147
128
2
127
36
120
108
29
93
36
142
66
112
154
134
33
96
129
21
143
13
30
113
97
28
148
117
148
122
156
126
55
127
94
154
49
84
79
11
142
77
127
55
99
143
15
145
140
51
15
13
62
7
11
47
83
23
91
145
125
13
75
3
54
45
14
42
150
91
159
106
127
48
70
144
145
103
58
12
137
37
101
8
66
21
107
141
32
99
133
151
63
157
96
131
136
81
71
47
137
32
156
102
90
141
116
56
98
22
61
109
131
111
110
86
3
150
99
72
140
156
92
59
139
15
87
15
32
33
116
97
28
77
134
132
58
135
51
157
9
146
158
127
62
101
66
116
131
37
105
112
127
32
85
5
120
25
113
149
127
6
82
34
