450
90
44
30
106
165
171
166
83
170
137
75
14
126
136
10
16
152
36
71
119
82
139
82
114
29
80
179
122
101
146
132
129
145
67
25
71
16
93
42
25
45
79
163
102
17
6
55
108
139
28
119
102
65
109
106
100
123
102
52
62
4
85
106
40
171
68
6
161
6
34
15
27
8
108
136
143
76
108
106
65
102
31
140
57
20
138
144
68
32
176
133
88
87
176
135
122
101
13
128
81
27
104
85
3
56
78
4
142
28
174
134
125
17
161
31
15
54
161
139
53
172
145
26
131
91
120
86
119
41
85
73
135
36
27
37
155
45
150
20
115
59
81
17
155
61
112
64
123
143
59
144
126
124
32
28
52
172
21
20
71
62
5
125
2
150
92
149
176
39
29
38
173
36
64
93
15
66
60
136
177
103
111
12
121
177
37
132
48
148
48
91
6
102
123
68
133
82
143
106
92
78
102
154
45
81
88
85
103
5
61
145
127
83
52
49
141
162
80
168
29
142
64
44
4
53
130
57
86
6
170
95
79
69
177
107
173
88
66
34
170
67
168
83
48
25
142
148
111
111
119
96
100
171
44
56
98
77
66
38
41
47
123
56
114
169
119
62
90
5
75
59
93
27
25
61
91
74
26
78
106
42
67
116
35
28
96
109
63
63
89
52
81
84
49
31
132
33
147
128
7
153
168
150
80
145
166
148
106
99
159
162
72
127
14
121
115
24
146
148
4
93
65
133
68
64
13
18
166
101
160
124
6
30
21
123
144
103
61
120
59
87
133
2
110
117
80
21
115
156
161
56
121
110
170
11
106
75
88
136
44
55
42
140
34
7
129
83
59
56
125
16
133
106
178
27
10
178
96
87
10
163
35
80
71
91
127
163
147
5
52
28
156
132
76
49
119
75
91
160
31
59
9
101
10
13
37
46
43
129
163
47
29
112
37
45
28
37
74
155
86
42
106
127
78
88
144
23
173
117
14
57
96
147
138
53
39
89
129
87
81
114
121
34
148
100
163
28
119
54
50
84
