600
40
930
357
4591
993
2025
953
3954
4243
1306
1536
128
5539
5658
5877
4628
3172
5142
604
4071
3687
4138
4215
3199
3769
5990
2091
3470
4493
576
202
4097
1290
2324
3023
692
3312
555
636
477
4386
2148
3630
1731
1689
2801
5890
2296
5963
4705
2812
4199
488
5384
4865
5040
3789
5217
3380
2638
40
167
5952
2451
2748
1797
4147
3368
1910
421
2724
5864
5854
1555
4951
5197
3083
3137
4378
5620
5330
5016
3840
1647
1043
5921
2902
4481
3079
1112
5176
965
3601
4422
4965
1491
2751
5281
251
3593
4160
411
4492
3118
2907
3728
1131
3252
4456
4301
3286
5820
5941
762
3603
1767
5604
2254
4270
2850
781
3437
781
2526
4067
2526
295
5414
4978
1312
2251
5531
5454
328
1980
2386
5305
66
3214
2210
580
1051
3261
2934
5915
3343
336
1449
4524
3914
5525
298
2973
4060
1559
4955
338
5650
3756
2693
5790
746
2980
5960
1819
2087
1438
2089
5310
133
3538
2184
2172
120
400
2105
4462
2320
989
5483
5971
3936
390
795
4547
2098
1146
3052
2715
3844
5616
727
859
4163
5307
4670
1392
3794
4287
1103
2570
1296
1663
701
5751
2756
5078
3802
4023
1662
4631
4665
4081
4484
4204
4195
4702
3634
1848
4946
4109
5998
4286
3388
4206
2781
2166
2850
484
1795
3216
1627
3644
245
1145
5196
1002
3616
206
1599
690
3277
4881
3045
2712
4414
5455
2530
1651
5313
3703
4545
2579
2078
4332
4142
4299
102
2462
4981
3181
4518
5159
963
2097
3874
1135
5982
416
3512
1588
3342
462
2931
3882
674
5509
2220
5976
1386
1510
1690
3091
2801
4679
1887
2380
3227
5280
749
3015
2796
4384
2398
5019
2995
538
792
3008
5102
5692
5497
4369
4608
5467
67
1442
5285
716
1287
1114
1339
2541
3236
3895
1084
4441
4004
3332
760
1884
291
5533
3734
5465
1594
1631
5517
1009
1688
5784
2124
1111
2236
3172
4049
2882
3457
1326
2661
3360
4753
3590
510
3750
4563
343
3368
5924
1840
143
4056
2902
4775
4914
4159
3574
4258
3106
4917
5258
750
4584
3841
5032
4816
939
1779
3216
5168
82
4348
192
1916
3893
5656
1754
5299
4048
1476
2713
3209
3327
5956
819
894
3545
5674
3170
5180
5573
2034
2156
4012
4851
2536
2239
5875
1200
2920
38
2297
1307
3646
1234
501
5161
5741
4372
2957
4221
3518
3444
424
3186
3905
5499
2689
3090
1618
2466
3252
5202
1228
3943
5192
2521
2691
4945
4151
5012
2221
631
4124
1955
2986
2843
3195
4811
2984
3070
5857
64
1896
3853
792
1950
109
2674
4621
2599
3890
4148
4236
444
2813
4624
4981
48
4686
3826
5721
3028
3547
3406
3317
4234
4568
5679
3676
1584
4426
268
2095
3008
324
2809
3277
4280
4729
574
3659
2557
4828
4067
171
649
2640
429
315
3183
1702
4361
578
1044
4011
1990
5894
5352
3958
5901
520
5798
3899
2634
5036
5872
5471
2571
5770
5248
970
4615
3328
4988
1821
2408
1327
4953
2517
5653
2384
899
2695
5995
3337
5618
1312
201
3976
4985
234
1174
5976
386
4750
3775
1367
1883
4519
3152
692
3569
1118
5619
4887
1129
4973
4348
2845
2885
4466
4311
4223
3606
2122
4261
5156
5153
5979
5264
1950
1493
3321
1310
316
2411
3714
481
4458
3885
42
5281
856
1493
1556
2560
1496
928
4082
3464
4021
1832
2569
379
3245
4696
5852
3389
174
5412
2800
2020
2816
4933
5751
2900
3112
1282
429
149
