500
100
73
92
35
36
22
9
19
92
32
35
49
17
74
54
52
96
13
1
51
36
36
100
61
57
79
50
77
18
81
100
1
94
62
4
81
4
67
17
9
4
40
39
81
50
39
22
75
53
59
57
58
46
95
29
51
13
41
21
68
69
23
86
69
64
60
4
53
38
39
77
57
31
80
58
5
48
34
83
13
74
64
7
88
5
65
58
42
50
65
79
73
47
11
26
2
94
28
96
21
72
19
18
68
73
4
13
16
29
20
75
83
36
40
44
68
15
36
76
48
21
79
92
61
86
73
83
60
77
72
69
83
37
36
14
73
14
96
26
13
59
34
16
53
58
38
33
98
69
87
28
19
3
7
25
19
84
45
66
2
79
56
4
76
82
28
63
56
94
30
36
48
4
26
55
58
63
74
97
92
90
35
93
70
46
9
32
17
85
5
26
52
89
60
29
79
69
13
89
7
43
85
66
24
35
86
55
19
3
82
63
33
17
31
42
22
61
6
68
63
70
7
76
40
81
71
15
48
2
68
80
80
60
24
39
56
65
71
96
25
51
9
75
93
96
37
15
73
57
60
64
49
86
76
6
38
99
63
34
45
33
28
14
71
36
88
46
62
66
44
78
37
41
45
27
52
65
91
13
40
44
50
28
60
2
86
96
44
49
43
30
78
66
5
43
81
32
71
45
50
96
1
12
83
70
7
71
8
38
78
30
37
74
26
69
90
13
64
52
75
93
48
7
16
69
34
24
44
26
79
92
48
54
91
54
84
43
18
34
28
19
41
96
55
21
68
13
65
66
28
27
13
54
20
16
77
33
55
11
63
38
19
22
30
21
9
34
51
49
20
10
14
33
56
72
72
54
88
30
69
16
89
41
99
90
13
8
40
77
61
76
100
24
69
66
93
87
21
90
5
27
17
40
67
1
35
21
39
72
95
17
19
71
12
41
86
56
39
55
44
50
21
58
66
33
20
49
9
83
14
40
5
89
89
71
78
13
45
45
12
97
51
26
12
59
17
84
40
23
74
100
59
57
20
82
80
32
36
89
1
79
55
18
30
86
88
66
6
54
68
37
51
57
14
25
44
17
16
79
64
10
35
23
21
61
61
90
44
16
63
25
16
36
83
58
35
86
94
84
89
17
