1000
100
60
38
56
96
30
10
16
60
78
23
91
92
2
38
56
50
82
26
45
16
10
86
49
9
18
72
67
33
68
19
36
38
12
57
15
20
21
88
9
87
76
52
80
17
55
9
51
12
76
27
79
90
57
43
49
69
8
11
84
87
14
48
68
87
38
30
47
12
29
72
51
10
68
52
91
53
92
48
2
68
23
88
89
51
80
80
36
90
50
60
21
74
66
38
20
48
95
27
4
13
19
91
55
24
38
41
52
10
30
2
84
100
73
16
28
10
40
80
42
54
10
53
20
44
77
98
57
89
47
3
85
17
73
11
88
18
59
79
73
1
54
67
51
68
32
73
39
44
41
21
91
15
28
77
40
50
58
16
95
26
51
88
81
45
32
38
7
21
21
100
37
7
15
65
50
70
59
7
68
44
80
100
56
20
43
34
22
24
46
3
82
8
12
53
78
35
47
7
62
69
32
98
15
22
34
48
50
51
49
94
39
92
41
81
34
50
5
45
10
89
66
47
15
75
5
40
33
99
45
98
20
100
38
64
60
39
51
25
46
80
94
54
11
69
7
12
19
89
46
44
29
94
40
67
68
23
23
12
79
52
74
89
10
87
23
57
24
88
27
3
24
42
30
15
27
55
41
36
26
28
88
92
54
38
33
91
64
87
23
51
37
43
36
30
57
19
70
33
42
49
15
52
17
83
17
5
10
2
75
84
86
41
4
63
36
94
13
9
79
40
12
3
36
8
12
73
83
16
83
1
72
25
45
50
17
80
23
3
45
49
46
6
56
69
7
41
86
12
23
59
79
20
26
76
98
49
58
48
41
20
39
42
97
93
6
84
91
59
29
37
87
99
2
61
33
10
33
75
32
35
96
76
83
95
38
10
54
78
65
36
95
2
90
27
82
32
14
80
36
65
43
94
6
100
15
70
22
73
66
87
43
33
8
77
54
24
48
67
47
79
67
24
2
41
27
76
24
5
82
35
56
7
67
46
11
5
40
35
95
97
80
15
24
15
71
27
95
67
14
24
8
2
12
36
44
47
15
28
88
70
33
33
65
91
26
6
91
36
21
2
92
77
2
1
76
90
42
51
97
18
15
80
24
99
51
87
83
5
7
98
28
22
4
36
77
71
79
26
58
35
91
8
39
6
48
64
89
77
75
67
86
68
52
28
57
5
87
10
90
93
35
69
58
68
97
45
86
34
78
25
2
59
60
86
16
25
83
83
66
47
62
50
89
11
37
39
78
14
38
11
87
44
49
89
60
78
59
19
100
88
43
80
15
7
16
48
75
89
32
44
70
34
13
71
25
87
14
12
60
17
73
69
59
25
2
34
69
16
88
11
96
53
57
29
15
75
95
36
3
93
78
96
3
89
19
19
32
81
60
50
56
72
91
99
38
28
93
53
43
93
39
9
46
76
94
35
47
82
33
62
17
5
63
90
35
29
8
84
66
35
3
44
3
80
69
24
90
34
91
47
34
26
28
58
7
100
15
19
19
51
49
65
71
37
35
12
86
80
35
65
19
10
19
23
20
94
64
73
75
70
79
25
61
7
46
3
70
94
5
56
59
100
66
34
92
25
67
4
69
57
25
77
65
67
17
42
10
17
33
93
53
17
57
21
65
98
25
99
72
46
17
67
72
92
75
51
62
39
45
100
95
39
18
69
95
28
31
37
20
53
97
27
66
32
42
38
90
34
58
29
57
5
7
53
51
86
52
15
68
98
69
59
45
95
4
59
53
42
78
23
33
19
58
68
13
48
73
19
30
57
24
52
53
71
14
47
50
91
74
59
7
54
73
31
55
1
79
56
64
8
84
34
38
100
18
4
43
100
6
52
51
41
50
12
16
80
48
68
20
53
83
40
28
21
57
79
36
93
93
60
70
4
30
67
91
94
21
7
5
1
51
93
94
27
76
39
35
12
20
76
34
53
39
74
33
80
9
45
32
84
13
51
94
29
16
61
82
93
55
87
71
55
31
70
74
80
34
24
77
39
15
97
72
60
67
2
65
45
72
78
79
70
10
20
97
64
33
47
27
36
99
68
20
53
40
93
22
89
92
31
80
71
65
69
2
24
79
45
55
70
5
77
50
88
28
68
67
95
88
26
13
96
72
3
86
38
43
7
18
90
28
36
29
39
62
75
54
84
15
82
17
97
48
81
45
46
93
68
66
99
1
37
77
65
3
20
46
86
60
26
24
31
79
6
44
59
64
28
29
80
28
32
86
23
15
24
19
13
70
45
92
50
75
2
4
80
41
82
53
24
