270
90
34
69
92
46
41
49
41
57
80
30
8
90
32
34
31
91
31
12
13
13
7
4
97
81
85
9
86
48
94
47
37
37
94
39
79
61
44
60
25
50
75
69
86
37
69
20
20
7
38
81
42
94
19
85
7
51
10
29
71
55
37
85
53
20
88
9
94
77
55
64
85
11
62
22
76
15
13
84
47
64
37
25
62
69
14
28
97
51
74
36
97
18
7
8
60
74
96
38
93
27
65
43
22
94
55
24
86
73
15
61
84
17
23
26
37
88
99
49
39
14
77
12
65
85
24
88
20
61
49
81
37
23
45
3
13
85
64
4
84
51
12
35
93
36
62
33
85
30
94
77
67
66
95
5
81
73
60
19
56
1
17
88
37
60
15
86
3
7
67
95
49
72
65
74
16
37
25
40
69
72
47
21
7
81
84
14
27
19
100
12
2
14
53
20
3
49
81
47
16
2
99
39
98
55
17
82
30
34
63
76
78
97
21
44
27
43
44
28
36
23
4
12
81
16
99
97
91
77
30
64
65
91
60
70
62
72
27
56
31
59
34
99
41
37
85
49
68
72
77
25
16
86
50
25
54
39
13
72
38
21
6
19
30
14
56
8
26
90
13
3
