300
20
3
7
4
6
6
8
3
7
7
8
7
2
8
6
3
7
6
1
3
3
8
1
10
6
10
9
1
2
9
7
10
6
7
6
2
6
9
6
10
5
7
6
1
2
4
3
4
9
2
3
3
6
3
2
3
3
4
5
10
2
8
8
9
8
3
8
6
7
9
4
9
5
6
7
4
9
9
1
6
10
4
2
7
7
4
6
9
5
10
8
1
10
4
4
5
1
1
6
1
5
4
4
7
3
3
7
7
3
8
1
1
7
9
7
3
6
8
4
1
10
8
6
3
10
10
3
7
2
7
7
10
3
8
7
6
3
1
10
9
7
10
9
5
6
4
3
10
8
1
6
9
3
8
1
6
7
3
5
2
1
7
9
6
1
6
8
4
4
2
10
10
8
10
4
4
2
9
9
6
2
4
8
7
2
6
8
4
1
4
7
8
9
7
8
10
1
5
7
8
4
8
4
5
10
10
2
1
1
8
10
7
2
2
4
7
8
5
10
6
6
2
1
4
6
4
10
5
5
1
3
10
4
10
10
4
5
5
5
2
4
8
6
5
5
6
10
9
3
4
9
9
1
1
1
7
10
1
9
10
2
2
2
4
1
4
1
5
9
1
4
3
10
2
9
7
9
10
7
10
3
7
1
5
5
2
2
9
10
8
9
9
1
9
1
7
10
5
3
9
2
