300
60
16
93
83
57
90
111
7
92
107
118
4
9
78
6
1
86
115
52
36
97
3
76
14
118
101
116
40
99
108
10
15
1
24
24
50
113
20
32
78
14
17
109
47
63
77
105
90
47
96
80
75
13
93
110
94
10
45
22
109
10
98
34
16
79
101
13
100
94
117
55
118
50
65
59
30
2
35
108
109
112
59
10
86
117
28
4
116
20
112
101
110
27
72
50
31
54
108
99
88
42
13
93
61
72
24
79
44
53
2
15
19
115
53
4
62
49
45
10
17
80
55
47
69
76
83
119
42
94
13
12
96
60
104
103
10
42
38
11
18
84
38
69
62
39
7
74
26
43
45
82
68
73
51
69
65
1
44
5
69
8
35
18
61
113
108
70
91
101
62
106
38
81
34
29
43
113
81
10
17
118
59
67
10
21
68
107
23
99
26
65
97
73
9
58
101
24
103
26
11
20
22
5
23
18
88
61
111
90
118
93
82
47
105
58
2
54
112
29
117
103
68
36
27
10
30
31
37
39
42
48
110
59
11
4
32
112
31
81
52
74
51
15
12
14
64
51
11
48
12
8
75
77
28
39
115
65
10
100
71
61
107
55
74
103
22
31
53
63
11
68
26
53
102
115
105
49
47
67
71
95
55
14
101
90
17
37
85
107
39
28
30
14
67
68
81
92
43
85
105
100
