161
80
87
107
133
87
147
147
144
155
146
157
103
88
119
99
96
137
135
115
140
99
98
116
80
93
90
107
118
98
140
93
148
96
148
116
114
131
87
110
146
107
84
102
117
147
146
115
144
112
119
124
92
117
126
113
111
111
147
150
109
147
143
128
83
127
129
117
100
139
111
153
106
124
86
159
145
152
91
142
126
121
110
158
83
157
116
152
113
132
90
150
137
130
123
142
123
87
153
104
95
81
136
151
90
136
139
137
132
120
84
106
85
85
120
157
81
82
88
159
136
88
111
145
100
102
90
128
100
119
125
140
150
129
150
102
92
111
144
85
130
155
103
83
149
157
98
113
137
84
101
121
96
84
112
85
143
144
100
108
89
146
133
