201
100
95
98
98
97
100
99
98
96
98
96
96
99
99
98
96
102
103
96
105
102
98
104
99
99
102
103
101
97
104
99
96
98
97
105
102
97
97
103
102
102
103
102
98
102
103
100
95
97
104
104
96
100
95
102
105
99
95
96
103
100
96
97
99
95
96
96
104
105
101
100
101
101
101
105
103
96
105
99
97
98
101
100
97
98
102
98
95
101
95
101
105
99
105
100
97
105
95
101
101
102
99
104
102
96
104
98
102
99
100
102
99
95
98
95
97
102
98
96
96
101
98
101
105
97
104
100
100
101
101
98
103
104
97
98
100
98
96
101
102
102
98
98
99
100
96
105
102
102
95
96
101
105
101
98
95
101
99
99
95
101
98
101
101
104
105
103
101
99
98
103
101
95
97
103
96
105
97
100
104
105
95
103
99
96
96
97
104
105
96
105
99
95
96
96
95
105
105
97
99
98
98
