450
30
4
46
17
2
92
45
89
97
39
35
1
66
7
73
27
18
96
39
43
23
50
97
9
55
51
47
48
99
85
99
25
26
48
80
56
23
85
51
4
15
1
5
96
46
71
82
26
77
67
92
93
38
47
52
45
71
95
26
22
41
79
66
87
9
78
59
64
65
9
44
92
42
55
69
79
1
26
46
21
72
31
19
29
35
43
52
38
83
3
96
46
79
11
84
28
68
49
66
22
66
4
95
33
26
5
45
35
28
56
29
27
71
30
63
39
32
30
71
58
3
41
44
99
98
37
88
73
25
87
70
47
66
87
69
65
57
18
9
66
94
27
8
96
43
91
26
69
32
87
7
64
4
12
68
10
57
18
41
34
38
6
46
24
14
57
25
93
11
20
52
70
33
18
89
55
5
43
77
3
66
43
53
92
73
20
71
84
92
79
70
99
98
79
27
2
84
91
82
1
17
86
16
32
26
78
46
21
20
74
82
6
6
67
21
48
89
3
89
89
63
36
95
93
9
16
13
38
71
81
87
20
37
94
29
7
18
61
13
31
37
18
70
25
95
100
45
60
45
9
71
45
17
18
23
13
64
73
86
94
82
76
94
5
22
81
4
55
100
91
6
67
63
71
66
73
41
70
55
72
45
89
51
19
78
35
31
34
95
80
63
32
100
81
99
95
10
67
66
71
54
39
38
46
1
46
80
5
47
40
43
40
46
3
73
26
11
15
44
69
34
77
7
99
59
33
59
34
31
3
97
8
55
23
8
5
29
68
5
18
1
45
26
17
32
49
58
62
17
70
85
98
38
81
14
26
60
50
29
4
29
89
14
21
40
37
88
46
62
98
60
29
95
44
36
35
96
58
11
69
63
53
11
81
58
18
86
38
55
88
78
76
51
15
46
86
48
92
4
34
35
72
41
3
92
16
33
38
90
29
84
95
48
42
44
90
35
64
64
66
38
27
51
59
99
30
4
92
57
49
29
24
22
29
20
39
29
38
6
42
23
59
35
88
49
82
84
67
19
94
85
