200
20
96
98
103
99
105
98
96
100
100
105
99
96
98
95
105
104
95
100
95
98
95
98
102
97
100
97
100
103
98
105
97
105
102
103
103
96
105
99
102
99
95
98
98
98
99
103
99
98
97
95
97
97
97
97
101
101
104
104
105
103
95
95
100
100
102
95
102
97
104
97
101
95
101
104
102
103
99
105
101
101
98
99
95
100
104
98
97
98
100
96
96
96
95
98
104
101
103
100
99
105
97
103
102
98
95
100
103
103
99
96
99
105
103
105
100
100
100
104
102
103
99
102
101
98
96
99
98
101
103
101
101
102
101
99
104
98
102
99
103
105
102
102
102
98
95
97
103
96
105
104
101
96
104
102
104
98
98
104
101
101
99
103
97
95
101
101
98
102
99
103
100
99
99
104
102
95
98
96
105
99
104
105
98
96
98
105
103
95
104
102
96
103
102
96
101
105
101
95
103
97
