1000
100
92
55
4
150
57
101
152
18
18
86
35
193
119
92
34
40
88
69
77
156
171
43
70
161
139
118
162
36
198
56
28
141
181
77
4
118
36
123
89
20
168
20
40
167
46
49
92
97
161
52
190
21
118
90
65
191
185
3
185
105
175
91
92
191
131
33
70
182
185
157
69
130
196
81
190
136
190
87
164
176
20
35
175
187
114
30
64
35
121
54
27
192
95
78
30
161
8
84
142
160
73
124
97
105
137
57
20
71
42
44
22
139
105
40
3
74
77
87
167
24
49
93
11
85
163
29
97
158
73
163
49
143
20
88
195
53
59
11
182
131
71
21
166
170
73
124
199
49
168
150
58
5
66
70
118
141
8
26
175
103
95
72
91
190
154
161
161
139
21
199
25
123
189
51
45
136
86
77
116
9
130
130
50
36
156
192
89
164
144
140
29
94
62
90
133
196
196
12
182
109
15
20
82
8
195
176
152
79
51
139
100
32
189
118
83
48
16
17
11
106
76
47
151
89
152
99
100
150
186
123
155
57
36
173
14
192
80
10
137
14
177
133
191
72
105
10
54
136
128
176
129
126
176
116
80
142
20
109
91
41
95
123
86
21
65
41
23
196
55
145
132
172
180
132
22
63
139
116
160
114
155
163
54
70
60
77
120
81
26
43
19
172
188
30
100
162
104
109
84
130
77
34
130
47
76
145
140
123
75
69
183
164
165
70
98
54
132
7
53
65
71
10
178
133
156
137
84
74
12
114
116
165
179
93
15
18
68
8
197
166
128
129
136
56
22
96
126
138
63
92
78
99
172
134
77
196
131
119
120
182
73
163
101
41
6
168
43
129
171
59
29
67
1
187
161
61
119
181
100
41
132
48
100
50
45
58
107
42
13
144
158
25
167
89
101
13
168
86
170
80
132
142
158
21
195
135
25
148
9
105
125
32
162
153
120
183
49
94
129
187
122
176
8
64
175
147
170
128
53
114
180
34
183
194
132
22
193
8
149
51
41
88
43
112
80
199
176
78
195
121
196
57
112
163
50
68
15
61
105
52
168
34
165
125
180
87
121
179
134
57
10
183
143
164
164
2
117
94
142
2
180
163
198
102
196
91
36
198
78
147
171
163
183
178
13
197
29
36
147
76
196
60
101
199
126
53
134
175
25
57
70
163
128
95
20
2
99
132
158
15
64
53
156
87
107
28
149
157
48
199
35
56
94
12
191
43
150
92
173
39
152
27
197
117
41
169
60
49
153
193
20
141
52
42
129
101
29
130
173
180
152
18
180
73
44
135
140
198
115
97
197
21
79
7
1
167
14
15
179
164
192
196
148
153
196
185
117
113
196
98
108
8
27
120
58
7
196
136
187
170
92
133
36
74
95
14
97
142
83
35
117
153
89
162
93
89
74
159
18
174
52
180
89
153
108
95
21
21
2
103
109
115
56
84
176
68
167
61
67
20
108
137
12
174
153
132
101
198
73
191
161
76
161
181
1
103
93
52
170
147
21
136
167
88
192
148
87
115
157
5
127
61
168
97
185
84
75
70
78
126
126
77
179
21
190
26
169
43
70
62
158
71
57
86
46
154
39
72
122
89
170
85
63
41
104
153
56
14
158
10
67
137
45
94
3
172
143
178
181
89
145
81
46
52
152
100
144
12
154
63
99
106
173
105
182
161
32
5
20
145
130
96
63
185
24
136
89
5
76
34
133
160
123
55
68
170
104
155
157
120
171
186
4
169
49
183
153
10
40
151
167
104
147
186
95
176
40
164
110
117
69
154
110
156
31
158
167
82
157
92
148
13
99
31
135
50
68
80
173
146
66
148
68
84
58
185
102
34
188
6
190
14
131
99
199
15
168
154
110
67
109
77
68
47
1
47
176
191
83
41
102
10
140
113
117
75
4
120
119
85
71
91
44
104
34
18
80
41
171
101
15
99
178
137
170
123
11
31
168
106
90
185
3
191
55
82
192
31
131
138
165
74
123
84
95
52
119
3
113
147
138
154
81
184
164
102
90
1
86
5
91
40
187
10
132
84
158
29
16
148
121
96
49
136
23
53
186
43
38
105
173
107
120
76
85
138
145
43
132
72
8
49
45
44
150
130
15
120
86
18
98
75
36
164
168
108
116
185
25
62
83
85
43
177
163
187
83
199
167
114
15
52
120
108
139
60
130
138
127
4
22
74
166
84
120
114
162
132
101
56
107
74
135
134
32
22
176
96
38
49
90
105
148
100
130
137
156
141
2
7
174
85
72
115
1
147
91
163
62
126
