450
90
48
13
149
47
8
33
72
149
67
90
159
132
161
137
39
55
151
27
44
72
15
160
77
35
128
108
14
121
179
26
154
96
8
122
136
41
2
87
8
85
131
148
81
112
104
50
11
104
115
15
4
159
127
152
65
174
139
55
47
128
85
153
11
123
62
135
76
89
144
142
156
160
116
85
172
147
172
35
118
110
46
3
98
151
128
173
142
128
43
139
131
66
106
161
81
39
2
146
114
148
69
158
102
138
175
37
138
131
95
178
19
140
44
41
71
160
95
62
40
108
6
122
122
178
97
144
105
76
167
171
82
124
20
46
98
147
4
149
112
163
102
59
157
40
100
37
122
28
98
163
114
96
109
25
141
108
13
63
83
147
102
175
105
107
36
39
94
178
100
169
100
118
139
158
156
7
125
91
166
123
80
98
39
106
140
50
47
110
163
149
120
53
105
59
38
159
111
130
138
125
111
36
50
118
78
107
43
84
76
147
118
113
88
129
96
35
98
6
179
50
114
35
135
82
67
88
30
124
129
115
4
20
136
51
9
176
37
150
96
53
166
125
83
48
90
172
52
153
154
148
35
59
109
179
94
44
149
20
36
108
14
115
75
123
51
36
38
179
153
74
67
125
100
164
127
141
171
11
57
141
2
40
105
66
39
104
149
38
47
23
62
64
150
12
67
143
59
73
85
81
142
100
71
141
15
27
108
104
14
86
38
134
73
155
116
19
37
80
120
57
159
110
50
3
137
90
30
49
144
65
24
38
56
151
93
131
135
108
111
122
153
102
161
171
79
133
27
63
8
117
87
93
83
155
119
158
85
44
52
84
22
112
25
37
147
174
157
179
27
109
25
84
155
130
63
125
140
57
62
89
87
119
164
29
33
53
143
54
131
53
176
6
142
98
48
118
35
122
118
119
11
32
60
142
166
133
45
153
65
119
135
178
143
8
96
117
50
103
14
171
143
47
85
99
56
120
167
175
53
5
28
138
80
23
133
43
58
173
41
77
55
96
173
87
167
170
104
12
127
72
