181
90
34
20
3
62
87
22
17
22
23
75
56
95
21
96
3
17
28
14
29
3
82
45
60
47
23
44
16
12
5
65
40
26
88
66
93
96
93
70
78
60
6
86
5
78
49
63
82
97
2
56
19
77
11
97
70
65
16
92
1
92
26
4
42
100
91
3
97
24
74
57
16
53
21
55
35
77
25
60
27
27
48
74
3
92
68
22
3
22
21
79
56
52
100
26
76
83
14
33
46
25
53
53
93
52
13
2
19
44
1
93
2
2
5
64
93
37
14
84
1
13
88
39
80
5
65
61
67
56
43
30
95
42
90
26
94
8
100
94
100
52
69
91
29
97
14
24
80
91
98
44
17
61
73
52
2
32
38
32
38
66
43
3
23
58
27
43
69
23
25
3
8
18
97
49
17
49
9
27
58
69
69
