500
50
4686
174
679
285
593
1520
1380
2576
2218
3474
375
4176
3264
1031
2428
4855
1381
393
292
4507
1956
2401
2522
1739
2080
229
3087
4124
292
1990
3775
4202
4503
825
3078
1599
3684
388
3603
3163
2164
4573
627
2385
189
2738
3420
3255
2979
2610
1516
3402
2684
4399
1989
2313
1878
4612
1149
2637
2110
4696
1972
4572
4070
3985
1649
1590
1250
3324
108
2684
4941
1787
2140
3007
1834
1149
391
1121
2196
615
2993
557
1651
1505
1831
2386
1416
779
1018
1745
1818
4171
4095
2224
1066
3854
3444
462
869
3193
893
525
4102
3146
3554
657
3285
1583
3722
2543
3687
4066
4265
3303
2887
1680
2989
4919
4121
202
4965
2926
796
3081
4080
5
1302
4670
1709
2840
2199
4344
2149
3058
1730
265
4039
2188
3027
2197
1432
465
252
2905
1524
928
2150
705
522
2927
4550
4699
3942
996
2795
4317
1510
3430
4400
2299
825
3207
3011
4386
4450
4586
1368
4393
4946
1788
963
3952
3184
2985
2452
1597
3932
2720
3629
750
38
1863
1568
411
4320
4303
1158
929
773
922
1646
817
2071
7
2906
18
3178
4539
128
571
493
4592
626
4819
1803
823
1405
43
3263
4762
2041
1483
4778
2095
3453
2798
1960
2075
175
4442
1771
3634
3253
4353
1573
1987
1374
4987
765
1854
4566
3509
611
3121
110
4963
1207
3676
4668
733
1314
2104
4608
3448
4973
3785
4553
4100
4169
238
2949
1690
2904
1666
3640
1638
3832
422
792
770
1484
3456
2833
533
61
2708
2530
4796
3883
3824
4335
2274
1466
1822
2730
2707
3111
2207
1539
4540
2806
4747
4209
1853
4901
4768
2034
1839
4949
196
2650
4904
2810
1289
574
580
1067
2154
2234
363
4712
3923
825
3883
3541
2296
1308
4079
3773
1160
677
4460
1371
4523
1185
218
4139
1483
2775
886
156
2409
1851
1823
2904
4992
1047
3962
590
2845
2498
1560
4076
2084
4823
4381
1193
782
3642
3766
2470
2003
4974
4122
418
1783
2788
769
1822
1037
2398
905
4785
814
3338
2237
1897
1372
2323
21
1590
190
823
4747
2339
1357
1017
982
1458
2483
835
2589
3454
1770
2265
1803
4878
4280
3869
2791
893
2856
1174
1531
3690
1717
3757
1114
3984
4875
1952
3368
4658
2520
638
1146
146
2390
285
2869
1508
2853
348
658
2346
1803
1630
4501
795
3442
2354
4024
811
954
2757
1659
932
2901
2819
2770
3818
2289
2550
3632
1
2192
2152
2479
2734
4343
422
4155
2993
3626
459
1353
3324
2072
2268
3612
1790
1175
1804
4876
1770
600
2631
2914
4495
744
683
1358
1993
1688
1297
646
3373
3747
86
2178
2014
3377
3615
670
2996
1384
808
1654
2104
2267
65
2760
3420
3224
2602
167
2343
4088
3606
3068
4442
3896
4440
757
405
1342
435
3116
4370
6
3392
4145
2543
2866
4137
4364
3857
379
