1500
100
195
183
170
196
182
147
170
188
133
176
105
106
125
142
125
197
144
107
181
107
125
113
165
150
179
119
169
134
126
152
154
164
199
146
149
130
164
142
144
195
126
198
139
165
109
187
143
157
164
177
106
135
187
126
132
124
134
116
133
156
162
133
184
143
121
168
119
192
165
167
177
145
128
141
187
124
159
174
142
188
183
192
128
123
114
181
127
195
118
199
127
192
185
183
199
131
154
164
177
103
122
168
188
197
162
101
116
186
144
192
107
197
182
167
195
130
162
109
192
157
111
166
109
125
184
133
197
116
110
191
157
155
159
117
116
175
144
156
113
186
172
175
156
129
186
199
193
137
113
148
148
150
168
101
121
145
193
157
113
179
190
175
112
133
136
177
104
189
178
116
100
124
156
145
180
167
144
175
148
168
120
193
178
150
131
117
169
192
100
105
154
132
165
176
159
184
105
184
174
123
154
185
130
177
170
146
192
173
110
114
188
101
152
136
152
105
132
195
199
115
103
191
127
189
196
148
179
154
192
177
188
102
138
123
145
199
162
152
159
172
116
173
191
163
147
139
157
165
165
107
199
104
106
174
169
110
146
128
154
176
187
119
107
166
132
109
135
161
150
172
132
118
107
154
166
145
185
185
195
132
181
140
165
184
127
159
183
131
178
164
128
174
106
186
116
119
189
119
104
122
103
124
195
134
156
177
122
179
152
109
186
103
177
143
143
117
153
175
166
132
101
197
107
107
137
193
193
144
152
177
109
177
135
154
192
101
141
155
101
178
110
193
114
161
194
117
162
140
130
116
181
127
107
105
148
162
123
124
140
147
181
142
159
191
188
182
162
185
102
106
187
196
156
100
186
180
106
132
109
129
110
147
119
187
145
128
154
103
152
172
163
195
182
159
141
168
146
198
153
190
156
107
187
118
170
104
121
129
189
118
195
142
178
153
116
119
118
160
154
140
175
150
122
163
147
188
107
152
175
150
152
133
111
138
121
155
167
178
187
125
137
192
199
149
187
165
166
137
152
128
138
125
169
168
184
127
125
164
179
118
198
147
153
162
146
197
174
124
166
141
164
177
195
135
108
113
120
110
163
143
112
195
116
155
135
109
199
126
131
132
181
108
155
158
162
136
118
125
148
161
126
158
167
192
173
199
158
163
105
128
150
146
110
121
185
166
186
122
165
133
101
153
129
189
140
125
122
184
133
132
195
128
119
136
140
135
197
142
154
187
133
196
188
194
111
138
137
170
160
128
119
156
140
161
159
157
124
165
145
138
197
147
195
169
129
114
150
128
146
120
103
114
123
108
106
162
133
110
144
190
115
121
100
160
103
115
192
197
118
135
146
146
196
103
173
142
169
175
118
105
120
115
110
102
145
129
146
122
149
143
192
182
153
122
129
165
111
138
145
182
113
121
151
128
151
185
146
148
148
110
182
111
162
140
119
180
170
155
162
161
171
154
145
156
195
174
198
199
107
198
157
116
164
161
144
132
111
164
131
150
157
173
163
121
146
153
104
184
151
113
167
198
114
168
102
113
121
192
197
173
189
181
177
109
194
187
145
150
182
143
138
150
121
134
111
193
165
119
186
110
135
126
133
109
124
127
128
125
106
108
163
180
165
132
117
139
188
113
146
141
134
168
121
122
181
168
170
170
150
143
162
166
120
187
197
173
168
153
169
184
116
188
185
148
156
176
104
177
140
191
195
161
100
178
137
142
162
148
163
155
116
189
162
173
129
137
119
117
155
188
112
187
176
144
146
158
128
176
188
186
133
196
148
175
163
154
110
168
114
137
117
159
168
141
193
108
151
114
178
116
133
174
143
176
166
162
179
108
154
126
144
186
101
160
113
172
144
172
114
195
171
145
109
195
162
163
113
197
136
119
179
198
160
161
155
192
169
192
156
147
164
144
141
160
117
170
158
186
121
114
171
148
167
154
164
130
178
146
129
170
156
144
116
150
189
122
127
170
144
102
169
179
119
105
138
141
129
118
147
132
164
165
126
155
184
117
108
141
127
118
169
151
197
140
174
161
174
169
120
131
118
111
158
132
192
106
153
165
130
165
177
142
106
130
187
154
191
112
130
175
150
120
119
131
107
193
122
124
118
182
182
168
114
175
127
187
158
132
173
140
140
192
123
151
105
115
151
145
162
135
164
177
187
178
120
195
175
179
119
131
168
179
118
125
193
113
152
130
160
148
181
137
101
124
112
115
180
141
124
181
130
172
191
188
139
147
112
148
107
136
138
120
132
102
125
173
145
163
186
150
110
100
193
178
191
151
111
156
114
166
185
199
118
169
183
168
115
113
166
192
105
142
146
129
129
112
199
117
187
121
187
103
104
123
142
117
162
187
149
191
109
198
169
171
144
188
115
197
106
165
113
153
175
192
185
166
156
105
135
156
155
197
163
133
120
180
199
170
124
134
119
140
144
119
149
169
172
184
167
161
131
178
106
125
197
147
175
175
122
199
116
171
162
139
114
198
138
164
190
151
173
134
172
167
195
139
118
183
194
175
161
134
181
137
180
130
125
194
126
101
142
192
184
194
194
115
173
127
198
173
105
199
106
191
154
148
194
151
104
110
117
102
199
177
195
148
137
179
133
173
145
156
173
114
192
137
195
110
164
132
112
156
104
164
186
180
185
171
162
104
191
138
122
182
147
147
103
108
141
126
143
110
125
171
180
110
199
159
114
136
132
120
159
197
127
127
166
131
124
144
177
145
116
194
101
150
187
187
139
121
128
139
136
167
127
194
186
112
131
114
183
176
160
178
163
164
132
150
152
116
192
190
180
140
188
166
163
112
173
144
128
148
161
101
184
168
187
190
185
194
180
182
153
195
151
128
192
117
161
127
197
129
134
100
135
143
101
110
188
171
102
104
194
101
154
172
154
120
193
123
135
113
173
199
112
158
171
127
186
174
188
144
106
156
192
194
108
147
199
173
147
184
191
139
119
114
184
156
165
119
168
156
189
111
112
153
121
102
193
167
186
161
153
126
189
172
182
173
142
140
107
143
180
190
133
174
188
123
165
171
126
197
104
131
148
112
197
175
122
139
113
153
182
133
152
134
128
119
145
100
111
120
152
103
181
155
106
112
179
144
100
139
131
199
197
185
165
117
187
149
199
118
106
151
143
197
126
167
197
181
161
113
152
104
140
177
168
151
148
154
116
176
135
167
155
125
191
182
112
117
122
149
190
170
157
130
143
162
125
156
144
156
189
130
148
142
117
156
180
128
154
180
151
114
197
162
196
140
150
154
191
126
101
189
192
147
128
174
199
195
163
148
199
100
165
146
110
111
179
138
165
185
197
199
120
136
111
177
190
118
111
192
179
173
107
169
119
149
110
151
128
143
136
152
168
171
185
110
121
144
119
179
139
101
144
156
198
145
124
122
