300
20
16
13
30
31
15
12
22
20
24
15
13
24
22
35
12
11
6
30
35
1
32
39
20
33
25
13
21
18
22
1
36
23
13
35
1
19
1
23
1
36
35
24
39
17
3
20
23
31
17
30
4
29
7
17
24
39
30
33
7
28
19
24
20
31
12
36
14
24
26
10
14
11
5
29
11
7
18
19
37
18
32
7
17
10
31
32
30
28
12
32
34
6
30
20
30
6
24
20
23
3
33
24
5
23
18
9
27
24
22
4
22
3
37
2
18
28
30
18
10
7
8
11
35
33
19
31
8
17
27
13
16
28
32
28
22
29
21
34
9
2
32
29
27
24
8
16
25
28
37
33
22
25
38
26
8
36
34
21
1
10
25
3
20
26
21
39
36
12
2
28
10
23
31
11
11
20
25
20
31
33
33
23
32
5
19
7
25
7
9
19
5
13
21
26
23
35
25
2
8
14
38
13
14
6
37
7
8
36
13
11
36
30
8
19
35
7
3
38
34
25
10
28
35
36
19
9
9
24
17
19
4
3
23
26
30
17
15
13
19
29
11
12
5
26
25
20
38
32
36
27
35
1
19
33
23
33
21
1
24
9
26
13
10
14
3
17
35
15
20
13
3
27
39
10
22
29
8
10
28
39
38
26
28
16
2
24
15
31
1
39
14
33
3
20
11
30
39
39
39
10
