450
90
102
95
98
97
99
97
95
103
95
95
103
100
102
104
104
103
105
105
101
105
103
105
99
103
97
96
102
99
95
102
96
102
104
96
96
100
100
96
103
95
95
105
100
95
99
99
96
98
96
98
96
100
100
96
101
104
95
99
97
105
99
102
99
100
103
105
98
101
104
99
104
100
99
105
100
105
96
101
100
102
97
101
95
101
103
100
95
101
101
100
101
98
102
102
98
99
97
105
97
96
96
101
100
101
96
101
96
100
104
102
95
95
96
101
103
97
97
99
103
99
101
96
103
103
98
97
104
100
100
105
105
103
96
101
104
102
103
98
102
97
102
102
103
100
95
103
105
96
104
97
104
99
96
99
104
105
97
99
104
98
105
98
98
103
96
104
104
98
105
103
95
105
104
98
104
99
95
98
103
105
102
103
103
105
105
96
100
100
99
103
105
104
101
96
105
96
104
103
95
95
98
105
105
97
95
95
95
97
96
102
95
97
96
104
95
103
98
104
95
104
104
102
99
101
101
97
100
105
105
104
100
99
104
99
100
103
96
102
97
96
96
104
99
95
105
97
97
105
98
96
97
99
101
96
95
101
100
103
104
95
102
98
101
103
102
96
103
97
101
101
99
103
98
97
102
98
99
104
102
97
97
97
101
102
95
102
103
99
98
99
104
97
96
100
97
96
98
96
95
97
104
104
104
97
102
97
105
95
97
95
104
96
100
105
99
98
99
105
98
105
100
97
100
105
102
102
97
102
97
95
102
95
98
105
100
99
98
98
103
97
97
105
105
98
103
99
96
97
102
100
98
103
100
105
101
103
104
105
97
97
99
105
102
105
95
101
103
99
102
104
95
104
103
96
99
97
97
96
102
99
102
102
97
105
102
98
95
104
105
97
100
99
99
95
98
103
97
99
95
104
103
102
99
102
101
98
101
95
104
100
97
96
103
101
98
103
105
99
98
102
102
96
99
105
102
95
96
104
104
96
102
105
96
96
101
103
103
98
105
95
96
101
102
103
97
99
95
100
96
97
