500
100
113
120
133
128
16
81
48
15
149
122
8
151
141
29
173
164
139
25
150
153
17
119
140
116
64
125
167
18
30
2
19
20
141
126
180
135
138
11
46
20
180
10
99
164
59
199
33
196
196
95
77
49
30
160
83
145
118
156
145
108
195
123
84
87
149
131
186
71
156
59
81
18
76
42
95
97
76
150
141
12
45
35
128
190
136
81
91
174
159
31
197
95
17
138
9
10
106
111
14
194
84
69
103
199
137
23
196
73
72
14
177
172
193
63
141
17
42
20
142
162
124
89
161
11
4
42
60
63
122
9
135
7
66
60
187
65
88
50
152
36
148
47
21
143
138
47
158
114
78
84
174
146
145
19
90
139
5
10
102
3
109
139
57
160
119
182
152
141
114
66
95
102
86
82
182
104
24
70
27
150
69
184
91
17
176
13
105
23
182
127
41
187
32
85
109
62
162
86
59
93
68
20
97
125
167
96
37
98
18
56
148
29
94
16
160
63
180
107
174
82
32
39
138
145
85
113
31
81
88
29
147
65
127
64
31
139
96
11
53
196
154
67
194
19
144
176
184
196
16
139
22
19
109
145
49
63
171
172
149
87
167
77
34
171
191
9
187
16
143
14
150
88
184
149
89
26
136
147
179
193
29
41
152
122
21
8
37
100
59
27
192
98
153
36
20
96
156
30
12
8
83
152
31
160
71
96
98
77
114
166
170
115
193
21
125
163
61
85
119
47
33
15
159
157
168
101
35
56
61
144
53
143
171
43
84
160
76
89
51
11
96
146
87
88
85
173
7
98
31
94
16
104
10
191
161
179
145
108
60
147
3
84
182
106
104
194
68
110
25
101
77
140
129
144
36
142
112
161
73
146
65
161
75
136
134
14
169
89
178
86
50
114
115
58
55
132
93
192
133
190
183
66
50
24
180
4
23
125
172
144
111
131
171
119
57
37
186
9
8
136
83
131
145
101
98
148
181
67
19
195
63
54
10
27
162
135
52
34
50
59
187
95
169
118
122
68
159
25
60
148
32
98
110
14
118
37
78
56
18
173
192
123
51
67
97
4
162
176
99
160
78
64
193
160
147
134
5
37
193
99
7
74
142
61
111
150
24
16
117
128
168
191
35
53
173
155
170
26
29
115
