350
70
9
6
9
10
1
3
2
6
2
9
6
5
6
10
2
1
2
2
7
9
10
2
6
9
6
4
6
3
6
5
4
6
10
8
7
9
3
6
8
8
1
4
5
6
2
4
2
6
1
2
8
9
5
2
6
3
6
6
6
7
1
5
7
7
7
2
9
6
4
8
3
2
7
10
9
5
10
6
9
1
4
7
9
5
2
7
2
3
3
3
8
9
7
1
8
6
7
3
2
3
10
6
7
1
5
1
9
1
3
9
10
8
5
3
2
5
5
5
6
5
8
2
4
6
1
6
9
7
2
1
8
6
10
8
4
10
4
9
1
3
4
7
3
1
1
2
4
5
9
5
7
9
10
2
10
10
2
5
2
2
10
8
3
10
10
8
6
7
9
10
3
10
9
8
8
5
8
9
4
1
2
5
9
4
10
9
6
2
1
7
3
9
9
4
1
7
6
6
4
7
3
6
3
2
6
6
7
6
5
2
6
4
9
9
8
2
1
3
8
6
3
3
8
8
4
9
2
7
6
4
9
3
8
9
3
9
6
6
9
6
3
10
4
7
5
7
10
5
9
2
9
1
5
2
10
10
9
5
10
9
3
6
8
2
1
2
9
3
8
1
4
4
7
8
7
3
5
4
1
3
1
3
9
4
10
10
1
3
7
3
8
9
6
4
1
6
8
8
5
9
3
1
4
6
3
2
5
1
9
9
8
2
9
10
4
7
5
4
8
6
8
10
2
9
1
5
3
6
6
9
1
3
10
9
7
9
2
2
5
2
4
8
10
1
9
6
9
9
8
1
