181
90
45
94
43
94
95
56
56
40
62
92
81
31
66
44
61
17
91
35
99
100
71
17
13
83
71
99
72
28
69
46
91
33
100
45
37
35
77
83
86
72
1
59
67
63
62
79
83
28
13
73
88
94
86
84
32
54
36
37
84
98
73
100
2
23
92
90
20
23
84
63
23
9
81
63
43
52
89
1
26
47
94
42
92
46
14
37
81
25
43
44
6
72
60
86
60
92
52
41
80
55
42
15
33
60
31
39
56
65
27
10
45
5
51
1
15
80
12
82
99
67
12
28
82
47
19
70
55
96
85
27
91
82
5
18
93
81
45
74
41
51
63
28
67
68
83
10
57
61
18
77
61
68
75
68
49
43
71
59
22
77
18
80
56
14
17
49
41
32
18
73
92
89
99
87
41
50
84
65
91
80
23
