1050
70
55
99
65
73
98
33
34
17
47
40
74
68
52
49
26
20
21
9
95
96
4
58
56
9
78
8
92
86
70
26
43
79
71
95
37
37
40
84
89
95
95
54
14
35
85
9
55
25
40
57
65
40
17
71
7
88
22
39
64
46
90
25
13
37
2
60
80
68
28
65
10
37
71
20
10
32
57
80
95
93
52
27
82
70
80
65
100
76
18
72
52
70
8
35
73
83
77
56
82
87
48
68
99
13
20
2
86
18
46
88
46
89
57
31
54
47
78
100
2
48
83
29
74
49
15
23
69
89
16
41
62
88
77
47
53
47
57
94
99
58
94
51
33
60
25
21
48
46
52
55
4
31
87
100
27
8
61
58
16
47
60
29
31
43
45
81
58
22
38
23
29
49
57
68
2
37
27
97
66
33
59
11
32
5
12
12
88
8
37
82
99
22
96
74
94
84
99
63
60
91
95
65
31
45
35
48
10
83
22
49
50
5
42
84
62
6
100
79
60
85
25
11
33
43
83
71
33
26
53
43
41
8
49
32
54
83
16
41
96
39
65
93
76
84
31
67
68
15
73
85
15
25
68
16
73
61
75
91
56
80
21
50
87
41
81
29
57
14
94
48
80
73
97
75
72
5
13
40
86
71
35
3
37
43
57
19
90
7
100
95
41
20
92
31
2
42
17
9
96
71
24
8
40
90
82
60
28
92
50
47
62
95
9
9
62
85
17
68
87
6
77
66
94
67
69
54
31
82
48
23
72
45
48
13
96
10
88
64
23
78
61
12
13
85
48
78
36
77
16
88
41
93
2
9
12
35
22
40
20
19
90
6
31
67
24
35
79
53
51
2
100
38
21
20
49
27
12
54
76
18
79
15
68
13
75
23
15
1
54
93
10
64
51
5
31
87
10
21
86
45
12
26
20
33
55
85
51
77
12
90
59
53
41
4
20
67
37
42
3
9
41
50
85
14
88
33
91
61
98
91
47
26
35
93
37
52
98
19
32
24
17
2
29
59
73
27
95
32
89
80
80
19
6
74
38
27
34
46
69
88
45
89
37
91
67
75
88
36
1
92
27
53
47
66
36
73
93
29
58
61
63
32
70
6
78
95
36
84
62
22
17
8
52
61
54
89
46
60
61
69
63
62
76
47
55
39
81
18
68
91
43
8
18
70
58
81
10
86
99
69
47
63
24
61
78
69
92
35
18
100
75
5
49
82
2
63
25
13
2
20
89
69
67
93
100
37
92
30
18
71
8
93
20
71
81
23
31
47
82
41
41
33
52
6
74
18
79
59
52
5
18
50
91
46
17
96
63
40
14
68
62
53
6
88
42
91
48
31
3
84
20
11
62
66
59
90
47
75
46
97
66
36
30
87
83
70
54
71
24
3
94
33
49
57
19
40
5
12
49
43
8
9
2
38
56
12
90
17
98
14
1
99
70
83
79
59
15
36
40
85
94
85
96
91
67
85
75
53
72
44
35
87
13
40
90
34
32
95
97
21
88
7
18
49
76
95
92
20
19
16
17
70
57
9
93
31
99
35
93
56
39
17
9
24
94
72
52
5
36
56
51
78
90
8
99
65
3
79
70
78
27
55
90
96
21
98
12
56
33
62
68
98
87
56
10
78
56
62
43
63
80
12
51
29
15
41
6
32
41
30
39
9
85
68
13
13
80
90
46
15
4
9
24
87
79
8
10
6
5
54
45
18
42
39
13
50
66
82
39
83
24
34
44
20
20
89
93
73
6
53
79
66
57
6
2
93
98
56
26
7
30
61
86
59
65
3
82
91
15
49
48
53
15
8
34
69
50
97
36
65
41
28
27
51
55
2
51
44
80
34
63
90
63
42
59
83
68
91
3
57
35
43
91
39
32
11
52
24
58
89
49
87
61
13
71
33
100
31
70
33
12
75
30
56
14
36
44
22
96
95
4
66
36
64
9
47
81
91
57
7
42
88
41
96
52
76
100
91
92
12
14
40
81
63
65
63
43
7
96
52
90
84
40
83
42
88
85
76
64
70
55
71
48
87
88
4
42
30
2
51
31
37
6
59
80
97
14
80
49
43
71
39
43
58
42
51
6
43
51
73
8
92
34
11
79
6
82
59
57
44
55
66
77
26
71
2
81
96
23
28
18
36
57
1
57
22
50
42
31
31
54
42
70
9
6
1
75
66
4
3
55
79
89
37
97
61
58
84
26
12
7
61
12
100
44
63
12
66
63
70
12
39
55
35
99
8
99
99
95
29
7
77
44
14
51
22
43
17
98
23
50
53
73
11
25
19
56
45
3
81
43
84
2
84
88
63
35
20
52
92
37
73
90
64
1
14
24
35
12
21
9
1
99
64
83
27
39
38
94
7
55
83
42
30
81
91
50
21
98
34
