1500
100
6098
6387
13659
13488
2206
654
5353
1281
9305
13699
1922
3574
14561
12822
775
10262
7273
3441
6303
9976
554
4203
10606
14877
2697
13404
11195
11326
704
3909
915
10983
14026
5757
4338
733
199
10843
10437
7677
8274
11086
3975
5022
1663
7681
13591
11349
11635
6151
1689
6816
2697
8308
3329
7460
3309
6351
10712
1004
13423
550
7003
10677
13230
5460
14370
3837
6408
11526
4577
10942
1058
962
9049
12369
648
10688
9029
12134
4421
3899
5240
7300
1370
13540
13606
8872
10619
14678
1232
8342
10429
10871
3164
2306
3907
11761
1418
7703
5254
3729
280
8962
11079
13321
2287
7167
7880
10157
12007
1760
8457
6267
1021
14272
2863
5378
10642
3414
1386
12509
5148
1823
13611
2100
4993
11905
14864
14650
10304
2822
7842
1501
10364
7069
4831
759
1606
12979
10671
12376
6240
8665
4060
1517
1224
8088
12206
4551
7628
12226
5152
9669
8008
3571
11367
11341
7541
14153
5788
4694
5141
14728
7425
12455
7171
5771
8071
13012
7834
4805
13179
12730
14656
5546
3263
6514
11295
9079
4813
1630
4714
6964
8409
1598
6094
3615
5104
14224
12877
14735
4787
11935
3990
8647
11093
12370
14319
6590
1102
7550
9329
9003
11045
10118
6447
8411
6818
4718
12926
4599
8792
8075
11041
4918
6606
13664
12867
14384
355
2737
3050
11867
5295
5111
5828
4770
6931
3460
5571
52
13309
933
9195
13046
6913
14639
8453
2959
160
9560
14343
718
14358
6729
7143
11580
7001
9363
10253
8784
6329
5402
1402
7983
11176
11986
5423
9670
7483
11562
11328
10218
12343
14993
7909
11699
13622
13598
2407
10935
8264
3667
2532
4701
7077
12333
10957
10670
13075
1214
3181
5331
13249
10598
2930
3542
10068
1060
2244
14785
2699
11767
2862
3450
1982
6241
3615
5476
3863
6897
5571
7700
14776
10809
2770
4383
11115
7132
2412
11756
3081
3581
3448
9654
12236
8911
12587
8191
13524
6788
7038
2308
6644
14901
7109
6582
10659
9363
14243
3875
1243
8520
12615
5728
5224
3055
1307
1542
10648
5488
5638
10681
6429
4885
2412
5870
9551
1838
12562
4183
7820
2011
8662
5123
10897
1544
7387
10881
11414
13543
11017
3236
8120
11341
12565
12345
761
5046
10014
6724
10138
9857
4972
6680
7423
14429
12985
6912
9434
4570
11743
8666
10618
10457
6873
11020
5593
1428
13938
607
4528
9992
9831
5486
10893
3694
11450
4172
14162
14069
13691
4509
13135
2916
2107
613
8003
7394
5312
6979
12790
7380
3109
14661
2898
103
3099
9354
14010
8547
6144
9514
12416
9681
8292
4442
4046
12382
11473
10073
9916
14398
7467
9104
2756
905
4552
181
10287
785
6580
5766
8073
6564
4277
4861
5233
9087
5234
8405
9421
415
14842
2883
12624
13964
2906
2331
5847
5016
12276
6460
39
9270
2674
4133
7911
13585
7391
3299
2530
2671
5091
10805
7861
10167
1808
3417
6506
6255
7703
4307
8327
2695
1281
5595
3008
3368
14913
6014
14072
7964
14922
255
3128
10234
537
6611
6542
795
1534
8611
2914
1790
14011
3245
5614
11442
14210
3600
8439
10415
1103
13752
8709
8006
1331
12472
10610
5256
5427
7887
6139
4303
5521
12110
6497
26
4791
685
11378
13890
12526
7465
2184
8247
13871
12232
12755
1138
9232
12716
11034
6601
6382
10961
12008
691
4306
8277
3500
8855
6663
8490
5598
9687
2101
12215
14380
12
8161
11123
6357
6524
391
11874
1597
2366
1977
10166
10767
2023
11604
10500
12156
9029
3161
8218
13056
152
13206
6890
4372
12871
12671
6220
7022
12045
6319
13624
4359
10035
4785
12467
12657
1793
14716
11014
4511
12106
7892
14319
13681
13113
3635
7084
9095
3069
3854
4772
1636
14158
9660
11070
11476
10118
12286
13482
4079
13665
14967
4777
11845
1169
12492
6959
9919
5695
14975
6511
3718
13135
5094
9124
4850
1525
13010
12447
6635
7561
5330
4409
7671
3933
5968
5155
13092
6806
3382
14887
14404
9383
2321
14916
11368
10212
1883
546
3164
10976
10072
6366
1480
7085
5621
6935
503
14924
712
14625
2708
616
13403
9478
3731
3623
165
6303
521
8685
14444
9168
4375
14945
8411
7697
2271
4977
2055
9557
14556
7782
682
8542
2560
4752
14953
12690
5900
7939
14577
6154
13622
14334
2901
498
8903
13344
4502
5424
4931
581
4093
11119
1979
3201
5979
2767
9282
11861
6423
4190
12303
11720
8103
8490
7526
2834
14676
10230
7853
13835
2149
10659
3499
11281
10814
3977
8644
11737
10762
14916
12443
2748
9350
500
2234
1932
14617
2053
12839
4752
5919
4796
923
4388
14536
3603
4764
7754
282
9605
5684
10073
11053
6752
13532
3332
3332
14060
13199
13038
7456
6063
3875
122
7180
6626
9761
9213
4985
10669
1655
12692
12098
13753
4911
508
2842
1607
13213
7918
3228
8602
12812
5436
564
1403
4685
11246
5123
4987
8250
6455
6009
12222
14830
12181
2056
6623
6000
11055
1833
9942
3264
1078
12373
10879
7339
1914
14035
9784
7276
5333
13017
8844
14672
2011
8847
2610
4465
8032
14955
10776
5328
14714
4239
9693
10668
10746
2804
12745
10120
11726
1340
4289
3738
11410
1464
2679
6218
3879
960
13070
1248
12438
12481
7878
13127
13359
13241
7274
2310
9331
1135
13786
11478
4443
10551
5001
1976
10023
11844
1140
4804
3428
3730
3950
2955
14883
7483
11637
8551
4901
8250
3912
5924
2151
7044
8648
6488
5547
4087
13827
10751
6438
10136
4644
5429
3087
7129
3353
6748
6490
6774
8743
12434
11768
6764
969
14104
2164
8004
11770
3536
9727
1239
5771
3080
6507
9679
9442
1674
5604
8242
2668
3730
12202
13486
6913
1852
9932
9521
9755
878
4421
10598
2462
7012
1001
1898
5868
10904
13585
8648
1875
12322
10968
1916
13495
13430
6554
3374
8691
6562
2614
3997
8089
9203
3066
5187
11161
3194
9961
11772
13473
11396
3752
10670
4668
8534
12095
8163
1461
12172
12968
11538
2898
2961
1014
10996
13767
10808
9999
6607
9688
1992
10617
4836
2560
6246
3765
13490
12485
5392
3577
9819
12605
11150
1810
4110
11647
12465
4043
1332
6876
10750
2008
12328
1696
9007
13598
8493
10378
6194
4303
1103
7229
6479
2945
9311
5876
14752
2010
6978
2052
6459
12862
4310
8229
3716
14260
14194
9048
849
14318
4990
13465
4514
10118
7588
11728
2723
1140
4398
12279
2760
11057
1109
424
6593
6006
271
8422
10789
12307
9698
8477
1381
6511
5437
9056
3632
10262
14005
7700
7042
430
10788
7193
1139
6857
4558
5575
6016
12183
11609
6985
206
8745
9545
4311
13408
6838
9910
8803
10809
9542
8847
10042
7087
10147
12317
6228
4973
2800
6169
5733
7296
10722
13905
8180
6842
8002
9021
12252
9600
13027
2197
12000
13532
13539
6676
1439
8271
13744
14670
13704
14958
13336
11907
14256
4162
1793
9524
3216
5741
14361
3623
340
8829
13398
14976
2254
5805
4752
12701
5273
2078
4151
6579
14650
159
2650
784
4090
4970
8919
5050
8221
9534
1790
10487
9069
5832
2654
5455
13905
9106
6930
2351
10460
7198
14611
2608
3308
8530
14545
14856
114
3014
2262
6010
12424
12849
7642
14119
3227
10820
3571
13816
13078
2722
3502
2488
2593
2118
3989
767
6072
6451
1520
7385
8634
2021
13344
12825
12352
5719
5550
14209
2635
12813
7603
8748
10984
2798
11268
4055
8824
3720
14580
8701
8308
1542
4241
14669
10861
11396
14283
4618
3557
9154
5086
14930
12109
5172
2218
2824
4388
2021
10941
14787
11532
7904
8526
5529
9565
611
9378
4688
11083
4724
350
2851
13094
2245
192
2985
8313
1907
11455
3295
7501
13764
13931
7351
567
14198
4236
13754
11592
1840
9697
294
10854
6282
11412
2800
1500
6223
329
14957
1523
3744
13931
4255
11525
13918
10949
1
13001
5480
3160
8875
11190
5569
8155
8491
11601
58
880
11709
941
8327
13906
507
10674
13239
8824
3462
4889
12121
11328
1855
5509
13687
2772
14839
5557
11674
8063
629
8396
9600
1623
12168
6229
3456
2555
9836
10871
12487
14175
2756
8029
10294
9980
9614
10009
10564
10140
13457
14272
7064
6958
14833
6138
14232
12543
5239
1875
3094
6817
1001
2752
13527
12747
8834
2442
13906
9190
1135
4586
8141
2434
6414
1869
7338
13954
14682
8249
75
6468
1262
8337
646
10689
10817
5028
14749
12186
7036
4948
2655
4933
11159
9607
5783
5432
1206
7574
13037
811
8150
7929
1436
291
3255
14882
12913
6502
8544
4015
3531
10591
3984
10134
8446
10339
6906
264
12684
5548
7750
11356
6526
14206
1371
2327
5839
14231
4010
7818
12446
11979
811
8694
6259
9024
6938
5841
9636
5544
4026
14049
12384
8453
14194
11251
882
14635
9413
663
6092
10771
12752
7981
11234
14030
8898
2830
3561
9978
8078
5919
4140
13193
13843
13166
10210
6756
14498
2714
6274
13103
9547
7245
12806
5461
5599
6331
2123
14040
5278
907
3945
12174
13958
4194
2269
11826
8667
11945
13736
11190
6584
7933
5160
4241
7593
5319
807
7432
9823
705
11545
10930
6990
11598
13310
14866
6278
3524
1013
7110
14678
1861
