700
70
113
17
111
112
45
72
81
119
58
31
100
107
90
39
91
97
68
88
108
130
81
90
3
108
32
121
128
128
118
10
100
29
114
34
121
9
11
110
66
74
48
78
48
114
62
135
139
42
111
126
84
120
64
79
120
48
45
20
4
113
52
46
61
37
52
129
14
12
82
4
88
66
101
71
85
87
10
74
119
70
29
88
22
54
65
125
128
4
31
45
70
50
61
52
46
39
35
88
135
36
101
45
39
23
20
134
115
75
28
136
10
68
35
109
43
35
127
70
115
114
65
81
57
50
58
128
128
101
133
82
73
20
50
99
131
90
130
80
70
139
20
52
68
52
10
76
7
10
132
7
15
91
13
30
22
3
37
45
23
67
126
21
68
138
17
17
11
3
54
139
59
19
88
99
22
90
114
9
4
116
8
137
132
93
52
89
47
115
44
24
5
89
131
70
58
96
64
23
57
10
59
59
56
17
103
81
10
22
46
134
92
101
11
105
99
33
85
22
50
35
54
120
85
25
81
131
112
62
10
70
37
63
94
71
9
72
40
38
6
81
88
30
26
36
66
41
33
135
128
2
108
45
35
60
130
132
118
79
113
57
46
35
93
133
118
13
33
128
39
32
89
38
3
10
64
76
131
136
17
41
115
122
102
4
27
138
54
15
113
23
70
75
22
38
116
6
117
43
54
23
62
73
96
139
135
31
72
3
38
47
52
117
124
13
131
19
2
99
116
134
109
38
9
26
132
74
139
132
81
78
89
18
86
100
96
56
61
22
59
116
57
109
22
41
81
90
127
37
82
112
62
64
80
66
19
120
127
131
31
129
38
135
58
15
1
43
43
115
77
41
25
114
88
68
33
73
129
138
135
48
16
87
57
137
120
53
46
49
15
111
137
62
119
25
133
7
126
93
29
104
66
96
84
89
25
12
92
76
91
125
6
84
134
74
29
14
84
40
44
133
46
60
96
6
98
113
66
77
30
104
105
98
115
56
130
84
74
67
21
32
67
28
15
86
28
60
106
114
48
56
35
63
89
52
49
71
111
10
73
10
123
120
125
38
79
89
107
65
90
51
82
92
121
116
136
127
95
134
122
68
18
45
78
52
93
125
65
117
35
87
15
43
98
15
82
94
45
73
66
40
12
3
36
24
95
52
25
32
18
79
55
50
96
138
80
25
81
101
68
85
33
113
57
77
6
34
38
129
43
18
65
126
132
38
54
131
61
126
114
85
66
83
81
68
82
22
32
71
54
66
102
116
26
58
41
65
19
56
121
62
17
83
95
109
73
55
94
22
4
47
34
133
92
80
38
98
88
38
81
91
74
36
77
116
31
74
125
54
14
137
87
79
60
37
61
111
30
20
87
123
5
131
116
123
77
136
12
100
17
111
15
128
94
4
137
17
58
58
78
137
92
93
30
6
2
21
22
71
11
96
137
49
68
64
85
94
5
54
57
81
119
95
37
83
81
25
70
29
68
9
75
42
27
90
69
37
138
103
19
58
96
80
133
66
39
137
3
92
63
19
12
103
89
57
8
130
80
37
57
90
26
93
36
139
105
87
70
86
23
134
127
94
91
124
18
98
122
35
126
23
