600
60
94
99
114
71
95
66
77
106
71
80
60
112
77
96
97
84
108
96
96
101
66
112
60
105
102
62
65
119
63
82
119
116
119
87
102
71
91
94
73
79
106
112
61
64
73
118
69
86
89
115
92
65
68
80
97
117
90
70
113
76
61
84
69
112
110
78
96
117
72
112
100
79
109
99
100
118
108
88
88
61
66
69
77
88
104
117
116
92
79
104
73
100
81
75
87
83
119
94
77
76
74
88
80
117
94
81
90
82
77
110
85
87
119
63
76
100
90
76
118
85
61
100
65
111
89
86
112
114
94
93
86
106
99
92
86
67
79
108
97
79
105
91
114
111
100
96
108
75
78
99
93
73
112
98
80
91
116
79
72
95
69
61
118
95
92
95
93
73
111
76
60
60
60
116
76
84
75
94
70
94
63
72
79
73
71
65
119
92
66
92
89
76
90
90
112
108
114
115
88
67
81
81
77
113
64
75
76
118
118
119
105
64
63
73
107
62
69
82
75
71
74
118
91
73
114
89
101
102
66
73
105
92
98
105
67
113
102
99
73
95
88
118
91
60
91
105
91
112
96
77
93
80
80
79
94
69
71
81
79
70
118
99
89
115
90
79
102
69
83
85
100
72
86
79
93
102
106
69
61
99
81
76
103
64
73
74
76
88
93
95
83
86
64
106
97
88
103
104
95
60
87
64
81
101
100
102
115
119
108
69
92
104
70
119
61
112
94
114
77
72
112
105
102
102
70
91
91
70
81
69
93
107
91
102
80
93
98
77
118
102
96
76
104
115
107
83
61
110
112
119
103
63
80
108
106
62
65
96
96
90
98
119
85
84
92
96
89
118
83
80
64
71
97
63
97
112
95
100
64
109
67
86
89
96
87
92
90
98
86
100
73
99
96
60
119
99
112
84
63
91
108
93
82
63
82
94
61
107
80
81
62
82
80
96
108
77
85
65
91
62
106
116
60
92
60
83
105
119
106
66
86
108
102
65
65
111
72
77
75
69
101
71
64
69
105
94
84
66
81
88
104
112
65
66
89
75
99
103
72
69
109
62
71
90
107
60
71
94
108
64
75
79
65
89
110
71
88
82
102
91
68
63
103
79
82
106
112
70
73
83
72
99
78
91
118
94
68
76
66
105
61
65
69
61
98
71
96
111
106
116
75
72
104
116
110
92
88
77
113
106
94
87
84
96
102
76
96
95
82
74
95
111
60
102
110
61
98
91
97
100
112
85
118
72
60
79
110
100
106
115
81
91
61
78
61
61
113
87
96
91
102
117
80
87
63
94
117
116
91
112
109
85
102
75
90
61
114
80
60
115
60
92
69
66
68
81
87
69
94
86
110
77
93
101
109
114
109
68
97
108
