250
50
307
1668
673
2107
56
48
239
403
1157
2171
62
1297
729
1046
795
1915
347
2496
689
1530
146
1191
1302
2175
963
1446
914
1953
2394
1676
659
82
641
1044
1866
423
1997
2220
1820
1625
2141
1247
2237
740
637
761
1952
1801
60
209
945
395
1687
920
380
2167
80
1523
2325
573
1010
880
1576
1195
1952
1380
2086
2219
829
1503
602
2493
2219
898
149
486
2302
532
1149
1213
488
2252
2244
2236
304
23
651
2145
409
2064
703
1582
1629
106
654
847
1465
68
1306
1043
1066
2268
2131
1363
342
1660
472
679
1076
863
880
1705
519
496
1828
1054
826
2387
1345
1990
637
51
405
1486
1571
1042
1811
1027
1103
498
1397
52
943
857
1689
140
2219
1679
629
216
939
1931
2476
726
735
17
803
2490
940
2263
206
1767
2249
1575
1231
1101
640
1849
1296
1831
328
467
1643
1342
580
661
2255
821
35
1230
1385
883
559
808
1330
2449
265
1069
2192
1140
1518
2256
178
258
2244
2232
1178
2414
800
120
1989
1469
243
2265
1588
2285
1224
1603
2029
1412
32
156
1136
1163
2223
484
1308
1335
2037
2403
774
2332
436
2348
1068
83
565
277
1721
2410
458
877
567
1400
2018
1912
1713
2179
759
1685
2377
2112
1179
2489
984
674
2383
943
105
2054
838
1367
2430
1080
1887
1036
2481
795
995
709
