1200
80
1800
7083
3272
1052
2933
11046
7115
6092
752
2397
402
2050
7901
2293
496
10549
663
11948
1526
10985
7724
2462
10024
1188
4410
11769
5765
9524
4850
10272
9699
8702
7252
5109
11764
5290
7998
1110
5148
3670
8221
2896
7254
2189
11285
3939
513
2417
6385
5656
4143
1431
5591
10471
6208
8253
10351
2573
6418
10261
9874
6815
4191
3869
11762
9734
9840
9665
2736
5214
8667
1783
9554
516
791
269
11628
3326
6792
8171
1240
280
7044
10786
2356
8116
853
2743
5718
485
5258
3907
4591
1869
2322
9009
10398
11466
10360
5355
6056
10303
1805
7008
6082
1090
4044
6546
2672
799
8715
1632
10536
11846
850
9166
9163
10731
11268
3778
11507
6914
4871
10177
4542
655
10592
10629
5654
3785
9626
5978
8519
11731
9628
8425
2676
6943
4425
4434
1552
11342
8263
850
1309
8919
634
6790
10219
11950
3936
29
9282
9950
347
2526
235
2454
4288
3033
11064
10369
2509
2975
1646
2782
6373
4672
7592
622
7115
9753
5541
7653
6910
9293
183
1084
1774
8613
9861
10514
6711
10553
10540
7833
1047
3108
864
4505
3805
10401
6132
7974
3776
6498
10569
6575
6382
464
1745
6145
5375
3082
2423
756
4580
5631
62
11609
11201
11640
6292
3150
2644
7390
839
10532
234
2051
2334
11639
5622
6558
6211
9561
5408
10307
10124
10265
10653
1239
569
2334
9355
4655
7028
11625
7890
7496
7499
5822
1664
7712
1421
1013
2455
2957
10511
6494
11140
1919
10365
5383
8968
8284
4523
11555
10239
11063
12
8632
7161
6349
9337
7564
2996
3617
7226
7824
503
351
5107
434
4676
9551
6720
8228
5763
8944
1244
9089
5209
5599
3403
7583
1417
8743
5705
8877
4715
5794
11712
550
574
3039
4783
10141
7892
6846
9976
6512
5528
9500
10065
9427
7473
1130
6560
9024
6986
7858
11057
9977
11565
2603
3646
11092
5190
11476
11055
1280
2334
11570
268
10020
133
10945
1504
6915
10197
1418
9972
8774
4333
2462
5260
10269
10141
4431
6794
5251
3989
1197
11195
5108
1452
9730
5657
3999
863
7201
10733
4227
1746
6463
1829
4030
4653
867
10278
5517
6834
2459
10661
4263
8914
3599
145
6570
3
7908
432
844
11556
2214
3135
5978
420
1727
4889
2671
692
8232
6247
9678
5370
3968
1913
3006
5141
5603
9339
6593
651
3447
10537
5112
8605
11113
5133
1660
1627
285
496
9027
1178
11468
5481
3262
10503
8157
4347
10918
7285
906
6508
2440
6048
9341
4716
11556
11815
124
2371
11028
4769
10238
10450
11889
10383
729
7764
5533
10420
392
10360
6289
2895
5160
7369
9141
10811
7443
1250
3067
87
8561
7007
159
5381
2711
11149
2489
9421
11582
6052
11511
1104
7332
9376
7824
1779
8736
1664
5252
3258
1391
866
2342
10662
8766
3056
6455
11391
5733
8151
4819
11224
5017
9600
8872
10939
7434
6547
8168
7443
11599
6189
4503
4584
1463
628
11781
10682
7131
6787
7349
3470
6132
8426
2053
2142
7788
1633
8105
10935
4893
7214
2656
11580
1878
405
9042
7515
11071
3736
6699
7565
8959
3044
4689
5278
8397
7395
811
27
1847
10239
1632
7533
10531
641
2488
4960
6033
6148
5729
7043
10532
2224
3940
9091
650
1552
285
1396
11604
429
10140
7806
6980
7587
5176
4280
3918
10281
7205
6310
11913
11320
5631
8790
11373
10371
2393
7089
6517
2487
1454
5090
6620
1286
9734
3787
11124
4592
9318
585
7256
4992
6591
11951
7261
1238
9273
11813
10358
3563
10128
2539
7928
3676
4093
8872
10049
5184
9112
6597
2296
3491
6631
9186
4700
6427
6774
11090
7500
4097
1760
9640
1877
8140
7719
10441
4091
9428
2241
5718
3642
7501
146
2868
6330
8076
1941
2453
9755
6341
5528
2586
7945
4789
7766
4156
10296
8429
5506
2174
3845
2676
5825
1184
7627
212
5113
5742
11070
9814
5502
3033
2067
9954
9735
102
485
274
3630
626
8040
1011
5727
11029
3424
353
3870
11905
8826
5935
418
2706
6553
6830
9683
7477
8505
10328
6612
9796
7135
10383
4487
10092
491
5887
8050
10694
6143
10106
6245
5133
9081
8009
6188
11547
5743
10043
5904
4521
5738
9603
2567
9529
2530
2561
5176
8148
10476
7618
10915
10502
10694
11070
9637
1653
11554
8808
6094
7995
8458
2843
7683
4809
6974
5383
10184
9854
9998
9741
10730
8543
1345
9159
10112
6829
4151
9880
10998
4679
8785
1884
2263
419
699
3519
2341
5019
918
11276
2763
10207
731
2245
10008
5394
9078
4815
9254
11605
11271
3875
4081
6
5442
336
10226
7805
4383
4450
6727
4927
3466
10566
6259
2496
10640
3212
11375
3281
2721
4290
3220
7967
11994
4506
4239
5642
521
1517
3312
9577
11231
1283
7969
7888
11672
7919
4834
7099
11705
586
8108
578
6879
10531
4238
4334
2414
5100
10576
7448
6875
737
7674
491
2469
2217
1700
655
2783
270
10679
7201
4085
7540
9744
3991
1324
1417
8790
1675
2796
3625
963
6706
1946
11390
7955
1501
4889
11854
4569
5211
228
3410
1759
3179
8584
4052
6542
5386
8858
11168
7077
1722
7976
2960
4002
8388
4017
11925
3647
11053
611
11136
3535
7927
3273
3093
399
6468
2660
4184
3219
8804
10562
852
8244
10260
6804
7549
9910
9457
5528
4234
10665
2911
3581
2147
2805
6056
2808
4104
2381
7106
5684
11552
10272
9224
6185
4021
8528
4427
8049
5481
9631
804
5706
4278
10411
8572
3688
10284
7506
2056
11596
8364
3907
1847
4906
1487
1580
4830
1769
4255
9079
2081
9702
11524
2432
8520
9858
246
344
11547
8173
9824
7041
11356
10319
3475
8026
5065
11293
5327
9416
5754
6895
1154
6028
11404
6054
4495
2485
9711
10684
7977
2463
8742
5820
4685
5531
4509
984
8539
4615
7380
314
87
9427
62
4920
7750
61
2188
1717
484
1595
8070
8694
3296
3406
7166
3438
10743
7036
815
486
4156
10306
4170
7899
7286
3164
6920
10491
2899
5931
3063
8460
6049
11352
1036
3395
5879
2155
5860
11050
10270
5939
2801
1446
2152
2320
2511
203
3076
9600
5537
8261
9176
6529
11895
2846
3618
5022
418
3087
3744
9370
3963
6789
10358
9965
6575
10542
6585
9625
954
7614
8064
6825
4743
9135
9424
2524
4185
9283
4882
5789
10572
212
10223
8518
6431
8741
5459
1208
11415
8421
6641
2040
10896
7794
6443
6018
2206
7693
7221
10514
8182
3111
7096
3055
3938
10835
2342
3413
4002
4861
9776
88
6240
8960
6827
7429
8582
5900
5175
11254
11221
6335
1946
7431
5035
6218
5616
5300
4537
8271
9858
7074
10545
7419
4922
7256
11142
5361
10832
689
11589
2424
10193
3931
4025
924
1266
2397
4169
5549
2599
9376
4144
10035
8285
978
3798
11729
3324
6213
5634
9218
5589
2166
4220
2240
5565
11369
4557
6997
4375
6268
2078
7189
8288
11323
11300
6310
7762
6957
1043
7074
9066
1936
3230
3923
3407
9363
10034
7058
142
1044
294
196
9795
7626
7802
3912
4863
4938
4844
7842
11046
4433
2172
3702
10578
10684
9370
6724
1399
5521
5287
10628
10571
8987
8802
5535
3174
5709
4285
11355
10036
11753
9446
5467
9987
7342
3306
7670
