600
40
98
102
98
100
102
101
104
102
101
105
96
101
101
96
105
101
102
105
102
105
100
95
104
95
102
96
95
99
98
98
101
98
98
102
102
99
104
105
100
105
99
96
105
99
102
97
95
99
104
98
102
101
98
102
95
95
103
103
95
104
96
96
102
96
103
99
101
98
104
105
101
96
96
99
104
105
103
97
96
95
98
104
103
100
100
100
99
97
103
102
104
99
97
96
95
95
95
102
104
102
100
101
96
95
100
95
101
105
97
100
97
100
97
102
97
105
98
96
96
103
97
105
101
97
103
101
101
96
99
101
99
102
98
98
99
105
97
98
96
96
97
102
102
99
104
102
98
102
97
104
95
105
101
98
104
97
97
100
104
95
105
105
101
104
95
100
100
96
99
100
97
105
102
95
103
104
103
96
101
100
96
97
102
99
105
100
103
96
101
103
95
97
101
101
96
98
100
99
101
95
96
95
103
101
101
97
101
97
95
102
102
95
95
102
104
100
99
96
101
104
95
101
96
102
98
105
99
99
102
101
99
95
100
100
99
103
104
105
103
99
96
97
101
101
95
103
102
96
99
99
95
102
96
101
96
101
102
103
98
98
103
104
96
97
96
102
95
96
105
101
96
104
95
100
104
99
99
98
101
98
99
98
104
97
95
96
95
99
103
101
102
103
105
101
105
103
103
103
102
96
98
99
99
102
98
105
96
105
98
104
95
99
103
97
102
99
102
104
104
99
102
104
99
102
102
97
96
103
99
98
97
105
99
98
96
98
97
95
99
96
100
103
103
99
99
95
101
102
102
96
100
102
104
97
103
104
98
98
99
105
96
101
95
100
97
102
105
104
96
95
104
105
99
104
102
97
105
96
98
99
101
105
105
103
96
100
104
101
96
100
98
97
98
98
103
100
99
97
95
96
100
103
97
99
96
101
101
96
97
98
97
105
101
98
100
98
97
97
100
100
105
101
98
99
99
100
97
100
103
96
98
99
100
100
105
99
97
100
99
101
96
105
96
104
99
95
98
96
96
99
99
104
98
100
99
105
101
102
99
104
97
97
98
101
98
103
101
103
96
102
101
95
100
98
105
105
103
103
102
102
100
101
105
98
104
96
101
97
98
98
96
99
95
104
98
103
100
97
102
99
97
96
104
101
101
103
102
103
98
102
99
96
96
104
103
97
100
102
98
96
96
105
103
104
100
103
105
102
96
100
97
98
97
101
105
102
105
101
95
99
101
105
102
97
103
98
97
103
96
98
101
100
102
105
97
99
99
103
102
101
105
105
98
96
105
105
103
97
100
97
95
101
95
103
97
96
105
100
96
98
99
99
97
100
105
96
100
99
95
101
97
99
103
102
105
105
96
101
98
103
