161
80
96
98
103
103
103
95
102
99
103
97
104
98
96
96
96
102
99
101
98
97
98
95
96
101
96
100
96
105
95
104
105
103
96
95
97
95
99
96
105
101
98
105
99
100
97
104
105
100
103
95
97
103
105
105
103
96
100
95
96
105
95
99
101
95
99
105
98
104
102
104
100
101
98
95
100
105
101
101
98
103
101
97
100
97
99
98
97
105
97
101
97
104
105
105
97
99
104
101
104
104
103
97
104
102
105
95
102
100
100
103
102
98
102
102
102
100
101
96
95
104
101
95
104
97
102
102
104
95
103
102
101
96
95
105
96
100
100
98
104
103
95
100
104
104
105
98
100
104
100
99
104
100
104
98
99
95
105
100
95
96
99
