201
100
135
112
134
172
141
165
136
191
129
176
176
105
159
141
101
145
170
149
130
105
115
115
160
134
103
198
156
180
105
197
174
156
122
102
166
139
126
102
162
117
119
156
118
194
197
122
130
187
156
148
105
172
175
116
104
162
171
157
165
171
168
167
154
143
174
106
165
108
136
197
175
103
161
139
128
145
177
146
105
123
179
186
174
186
179
139
124
109
140
123
183
153
111
176
136
136
108
140
160
114
120
151
186
168
110
178
120
135
117
174
106
122
133
149
192
195
133
166
109
159
178
175
179
152
148
163
115
165
105
139
125
183
161
198
100
129
180
131
176
187
137
151
121
188
191
170
132
149
143
121
102
174
158
192
166
124
122
177
167
148
119
193
185
158
171
181
190
151
185
197
193
176
164
155
114
152
115
122
166
121
106
180
134
167
149
141
135
138
145
173
198
190
143
132
153
144
164
121
166
101
149
