200
20
32
18
7
39
17
5
4
15
8
5
39
10
33
35
37
19
7
19
37
25
34
39
38
1
17
24
34
4
6
1
1
35
19
9
29
39
13
13
26
10
20
25
31
12
27
13
21
17
36
23
18
10
17
30
21
22
38
9
17
25
30
30
14
2
22
23
6
5
36
16
30
2
33
29
2
26
19
5
17
11
30
29
2
33
29
37
25
32
19
24
12
35
13
24
35
18
6
15
20
10
29
16
6
13
36
17
21
16
39
12
8
27
16
20
35
24
38
4
28
13
26
19
31
22
19
20
33
8
37
3
39
5
9
19
3
29
8
38
25
15
35
23
18
38
33
24
1
18
9
4
1
18
20
39
5
1
10
32
3
17
23
19
29
20
28
13
7
39
18
34
17
7
33
38
37
38
38
28
17
4
39
31
9
21
24
28
22
12
4
13
39
26
37
1
29
25
2
7
19
4
