750
50
62
61
63
55
91
90
75
67
84
93
64
59
58
95
81
71
92
74
96
56
74
58
66
58
91
54
99
56
67
84
62
63
52
85
85
97
94
56
68
81
53
63
67
98
89
75
92
68
90
66
60
79
73
51
57
78
86
57
89
72
62
79
62
64
80
53
89
73
95
99
80
75
54
88
64
57
84
97
97
61
86
91
99
66
89
92
70
72
92
70
56
73
97
91
62
96
96
63
69
84
91
61
93
62
66
87
93
72
93
89
76
95
96
53
56
50
91
77
61
62
57
65
52
90
68
81
50
67
87
85
62
61
78
53
53
82
64
64
69
56
77
98
85
75
85
82
73
80
52
78
51
74
54
85
55
79
72
53
94
59
65
53
65
84
53
73
68
63
61
56
81
70
54
85
92
50
75
66
52
86
81
92
82
81
90
57
97
72
77
73
69
57
89
73
98
69
95
98
77
85
91
76
84
69
82
89
99
61
72
59
61
53
84
55
75
72
51
70
70
92
58
79
57
92
88
97
84
60
68
71
75
62
87
87
79
55
63
66
93
68
54
88
96
51
70
62
58
53
66
58
66
91
97
92
80
56
93
98
91
97
66
66
59
68
54
74
60
91
78
60
87
62
84
89
77
92
80
68
52
86
67
58
51
66
98
92
85
78
69
88
77
94
54
88
69
61
83
96
74
70
54
72
69
68
65
53
69
60
68
94
70
92
74
99
81
55
64
66
70
90
84
68
80
58
86
77
95
87
84
60
59
79
72
90
99
82
53
80
71
89
78
51
73
84
71
99
53
82
90
91
58
78
76
68
87
97
83
75
64
83
60
50
98
74
59
68
74
69
76
86
66
63
70
98
91
65
74
74
92
85
99
68
55
53
64
63
60
62
77
88
60
74
58
71
93
54
50
94
83
97
54
88
91
97
85
91
69
71
64
79
98
58
84
59
74
74
82
64
90
83
74
62
94
55
99
54
91
89
69
65
58
58
95
89
63
74
72
62
76
96
92
90
87
91
79
76
67
82
56
88
57
52
87
70
91
64
77
52
76
81
72
92
65
70
93
91
95
84
86
51
58
69
93
76
61
56
63
53
57
67
88
84
90
97
54
68
57
72
79
84
77
96
77
62
85
81
55
71
99
52
85
54
71
70
50
58
99
51
79
75
79
99
52
53
66
71
58
82
70
76
62
68
82
61
98
57
63
93
78
97
75
69
60
98
86
78
95
51
54
93
66
78
75
90
79
99
89
69
55
99
83
57
74
98
97
63
73
84
65
79
67
86
73
77
76
72
57
92
77
53
63
89
67
55
64
55
94
93
79
59
51
83
72
66
85
88
53
58
65
74
51
70
95
90
89
74
80
86
94
60
59
88
52
76
61
99
84
89
92
56
88
83
86
98
97
91
70
56
96
64
56
57
78
62
62
83
62
77
67
80
91
99
70
78
73
87
91
61
56
52
82
70
75
99
55
84
52
64
86
93
58
77
63
50
98
80
89
67
53
73
80
57
86
58
50
89
61
79
95
87
71
65
92
82
86
96
76
58
58
64
88
66
98
88
77
52
95
69
53
88
60
62
62
55
87
73
56
95
87
86
58
55
94
76
64
56
67
51
63
61
73
95
56
77
91
72
58
95
60
88
80
54
70
94
81
69
62
99
61
50
63
79
85
63
78
86
98
81
62
52
63
57
85
65
80
98
72
82
93
91
