250
50
50
56
79
88
74
82
98
82
52
68
80
92
78
67
71
89
82
77
88
90
79
57
94
91
82
83
92
93
59
97
98
64
98
86
81
73
96
92
72
72
57
90
72
54
50
97
99
77
91
71
51
51
90
97
91
82
85
61
76
51
74
74
77
79
68
78
73
56
74
92
56
91
60
91
76
82
84
64
58
78
71
78
98
57
96
74
58
81
63
81
78
97
54
94
96
81
91
60
90
74
96
93
96
64
69
62
67
95
50
76
82
99
51
77
63
63
54
98
71
77
79
98
62
89
55
71
84
53
76
99
77
96
86
69
68
77
55
84
59
68
51
79
56
93
55
75
59
99
85
86
61
90
80
61
94
55
97
95
53
89
77
75
86
55
83
84
58
81
69
72
94
61
87
93
51
61
59
75
59
82
54
77
91
65
54
79
58
77
70
56
94
88
74
90
99
83
86
77
91
76
98
93
62
92
75
80
82
90
76
57
93
58
79
90
51
55
70
83
58
96
57
84
56
91
73
95
71
64
84
59
73
51
64
83
89
82
86
83
58
69
66
55
82
68
96
62
77
73
55
68
