600
40
83
18
72
16
26
32
32
98
84
29
85
55
96
52
26
52
26
11
44
35
28
11
29
56
86
3
6
11
46
72
80
14
44
48
88
60
29
20
26
35
50
61
79
72
23
85
26
6
91
16
71
8
96
63
9
32
4
36
15
40
45
77
80
72
67
69
81
75
96
29
49
82
21
89
3
80
36
25
50
11
80
64
75
98
5
66
33
91
13
33
31
26
95
52
29
22
68
77
33
19
6
4
76
51
19
4
75
88
28
17
98
10
75
79
48
63
1
87
47
97
18
3
88
3
54
86
51
43
27
67
13
77
8
47
54
74
43
24
84
48
63
31
81
3
27
97
76
77
67
30
19
53
44
55
76
7
64
75
93
16
8
73
1
38
39
18
51
65
61
38
17
34
60
65
24
56
84
50
58
73
61
70
16
6
34
36
99
36
95
70
12
59
98
18
89
100
63
29
1
37
94
38
35
53
66
46
56
61
27
86
91
1
93
56
46
96
75
48
54
37
87
64
35
70
25
53
90
37
1
14
97
19
84
93
2
47
65
69
58
76
24
31
77
51
98
97
51
66
27
14
92
15
34
10
20
82
41
27
20
56
5
13
9
91
46
94
31
75
5
63
2
81
34
34
68
74
50
42
10
11
32
25
80
4
87
19
43
38
38
17
94
6
36
23
61
47
57
20
33
64
50
11
80
99
48
89
21
73
17
26
2
56
32
64
24
36
74
31
74
85
53
85
15
51
89
24
64
44
12
86
7
8
5
32
37
45
80
20
29
79
38
90
54
38
21
34
24
10
3
62
54
36
41
85
68
80
90
30
76
3
65
9
79
94
67
76
23
30
46
86
59
35
62
53
59
27
26
5
92
83
15
36
26
44
18
25
93
4
77
3
14
97
54
32
51
78
60
19
78
19
20
32
99
4
98
28
32
25
20
21
50
84
63
86
11
69
8
28
17
53
74
75
5
63
55
7
11
57
64
29
75
48
73
39
25
81
97
27
30
29
53
93
46
2
93
29
86
40
27
31
32
75
58
28
27
81
17
50
44
81
73
32
45
70
89
86
13
14
33
85
94
51
34
93
37
2
20
96
96
8
63
36
66
30
44
83
35
39
28
8
48
12
60
13
19
60
95
65
34
48
48
21
18
97
47
59
77
31
98
77
30
47
43
35
76
61
69
80
63
91
75
22
4
2
97
17
87
26
82
14
82
93
86
40
29
37
93
71
17
62
57
74
69
30
22
2
16
49
26
50
74
22
5
43
85
19
33
77
98
11
11
8
52
95
99
94
42
33
49
8
45
73
22
3
18
11
13
54
89
89
84
93
78
73
25
80
8
33
92
80
61
96
56
73
66
20
55
100
33
61
