400
40
56
96
57
42
41
72
90
64
46
90
79
20
69
56
24
92
79
48
12
67
80
96
26
55
75
76
28
87
42
63
28
77
16
36
1
80
50
66
52
54
58
40
82
71
62
58
94
1
87
30
88
87
82
87
32
35
1
100
50
18
81
47
85
74
12
2
33
68
10
2
61
3
17
85
12
89
30
22
98
39
53
80
53
47
44
41
40
38
100
13
59
5
88
83
96
67
4
15
22
65
28
39
41
68
78
76
27
5
78
12
98
73
85
67
6
40
8
29
73
43
52
57
69
73
67
49
53
6
95
93
57
66
92
67
88
5
94
86
87
85
21
36
90
87
44
20
68
11
33
36
26
13
79
89
29
91
64
90
11
62
91
35
65
83
22
31
81
68
52
19
26
57
26
50
36
55
37
61
63
7
89
36
27
71
53
84
74
37
93
56
26
42
17
10
27
88
61
36
44
70
30
57
16
68
99
45
21
33
72
68
81
43
39
84
6
73
62
86
13
1
45
74
100
63
70
66
66
55
24
16
20
59
16
36
54
39
8
48
8
19
38
85
5
90
90
59
84
56
56
69
65
4
24
35
100
69
66
17
34
55
68
77
77
97
89
92
11
29
41
39
79
45
65
21
72
98
84
60
80
64
32
13
7
69
99
54
52
60
12
74
69
4
16
56
55
71
31
61
21
77
48
49
60
61
19
99
92
61
100
70
58
87
43
92
30
69
75
47
94
67
70
2
68
75
64
1
68
85
62
9
34
49
54
7
56
61
4
29
42
68
82
40
19
1
99
51
12
22
65
24
33
38
32
26
39
59
74
15
61
97
82
60
69
40
47
53
3
87
18
78
96
23
30
17
17
96
44
40
76
66
26
53
42
60
91
30
100
67
39
2
28
94
59
92
32
94
22
3
43
91
