500
100
100
67
14
42
39
9
51
92
22
18
21
82
34
36
18
92
14
62
47
19
71
63
45
44
49
26
85
60
84
84
29
67
30
46
56
18
98
50
9
69
65
3
62
29
77
34
15
7
69
34
64
90
79
12
10
15
58
83
63
61
90
24
48
84
3
36
71
42
99
16
45
47
10
32
81
10
53
81
52
4
54
60
3
33
46
63
29
38
80
93
100
43
44
50
12
18
20
86
27
13
21
50
81
30
29
24
95
51
90
26
60
13
3
36
16
76
65
32
28
70
55
7
22
53
19
57
7
5
39
34
43
1
97
98
59
56
82
60
50
43
59
33
38
39
59
52
83
97
95
72
63
89
17
22
34
40
98
52
7
70
60
84
66
51
4
81
44
55
99
59
99
1
65
77
63
14
17
27
57
16
54
7
23
35
53
48
74
85
81
100
15
19
50
92
33
12
26
69
59
38
62
40
22
2
24
51
78
57
59
83
42
61
34
16
55
32
51
62
5
21
44
89
32
19
17
84
7
99
37
75
73
77
91
44
33
96
63
14
85
30
34
95
72
23
47
87
87
45
54
62
94
75
13
74
80
98
93
33
55
100
28
25
91
79
28
1
88
40
22
17
88
46
82
82
47
10
60
76
73
53
52
73
77
13
14
8
89
51
32
24
73
27
32
54
15
41
94
90
89
80
84
26
51
84
10
78
41
98
57
23
10
68
85
82
40
59
79
89
71
48
56
37
4
3
68
33
87
54
44
51
42
27
96
73
7
48
20
74
39
48
57
77
41
3
80
9
24
94
28
6
52
68
88
52
69
67
3
16
57
34
97
87
36
95
26
39
75
17
65
57
74
42
16
80
81
53
83
29
55
50
95
99
74
27
54
75
78
5
34
98
40
47
94
98
43
32
18
21
74
21
36
26
81
80
21
91
49
54
63
90
9
53
50
36
37
85
1
98
5
47
53
55
100
96
89
49
61
91
7
85
82
35
40
8
72
63
1
9
5
47
94
93
61
88
33
60
82
36
90
69
39
40
60
9
76
64
95
26
23
41
46
21
100
76
1
38
58
73
10
32
29
82
58
93
11
93
28
18
6
10
38
9
70
1
32
19
47
25
97
62
27
67
98
25
65
37
33
88
6
6
