300
60
69
9
68
65
43
50
97
71
38
77
88
33
36
7
34
43
110
58
19
55
110
5
103
37
27
22
73
107
35
113
6
25
78
94
67
71
77
27
90
114
53
16
83
46
96
15
93
98
110
34
56
23
57
36
4
45
82
99
43
87
47
89
47
21
95
69
69
110
105
17
69
73
38
93
28
36
42
87
60
101
43
16
15
96
56
49
105
46
17
95
98
42
83
80
117
41
9
98
32
112
71
30
85
7
79
81
82
71
88
14
25
41
50
50
71
110
117
65
77
64
104
53
55
54
22
66
19
79
91
47
23
24
89
76
29
28
73
26
20
53
105
24
70
86
25
104
89
9
40
76
58
52
96
62
102
119
29
65
44
2
111
67
61
5
8
83
10
44
4
87
38
13
15
36
64
66
23
3
71
38
69
107
58
117
85
86
103
44
119
15
4
108
79
98
113
103
55
106
100
93
11
14
102
40
53
100
84
4
8
30
78
37
8
17
20
50
17
83
25
3
43
2
54
61
101
75
5
71
32
85
70
108
106
78
72
96
102
42
22
58
70
70
42
60
106
83
97
59
10
61
44
99
62
10
3
48
119
26
111
86
96
4
54
82
95
100
38
104
116
110
19
86
2
50
33
43
119
110
100
99
43
111
61
18
94
23
79
100
16
73
82
107
88
81
3
115
3
10
21
4
