350
70
48
76
96
72
19
72
134
52
102
118
75
31
83
73
38
37
102
93
8
34
23
108
77
39
3
123
61
110
88
91
97
108
64
2
56
29
56
115
18
20
119
85
22
76
116
84
8
95
106
20
1
52
89
14
24
84
42
31
93
47
107
49
82
134
58
117
92
34
75
23
131
135
26
68
99
124
43
56
71
48
76
48
89
91
13
9
2
101
126
133
20
47
2
98
36
16
41
3
47
67
65
25
136
80
46
90
99
52
126
19
68
79
3
41
109
5
101
50
116
85
22
33
76
132
79
63
104
82
17
23
119
110
71
8
46
78
18
51
138
14
100
49
36
93
77
111
46
3
37
16
108
23
121
2
103
129
2
103
47
74
139
19
123
128
22
7
91
120
87
68
126
64
13
88
50
37
137
3
128
69
23
79
103
123
36
118
100
52
47
83
109
60
31
106
47
87
61
17
83
25
50
114
17
74
46
76
51
119
108
6
105
40
54
68
47
86
90
15
16
93
118
55
128
39
95
81
93
132
122
98
100
105
19
104
32
12
107
129
81
131
3
134
25
112
77
115
106
65
14
81
8
20
41
76
98
134
66
104
66
90
19
22
99
52
47
55
126
77
72
57
18
19
8
34
73
122
17
126
118
91
22
103
105
3
15
123
133
29
10
121
53
5
128
70
17
102
69
104
128
121
37
138
83
74
17
14
40
130
69
72
88
40
138
91
13
135
16
54
6
9
111
54
49
61
13
24
36
37
55
34
1
21
100
127
66
100
134
63
132
106
15
139
42
45
113
41
52
123
125
68
