350
70
1453
1561
250
244
549
492
3289
2375
478
590
1304
1366
1806
3414
1136
292
3310
3004
3257
228
3307
2047
2532
2496
2873
2059
3402
1912
3052
66
426
2973
928
2793
352
62
3025
346
2894
270
1259
1112
466
1146
3107
20
928
2175
1904
2952
2764
2442
2061
951
3317
455
35
2047
3489
3107
2983
207
684
2654
2294
2435
649
2074
2691
1110
1035
1094
2616
995
2235
2820
2207
1927
764
1887
2786
1530
2435
479
458
2466
734
1931
2484
89
2730
503
2000
1233
2792
2215
2050
2433
128
2712
743
689
922
965
2708
933
2720
68
1609
1867
2272
629
3334
57
406
529
166
1339
1762
605
637
319
620
2790
228
1227
963
3204
1139
2199
1519
709
3309
3018
212
423
1050
1589
1000
2208
2856
3250
2162
2086
1735
1165
2646
841
3018
732
1017
66
2976
343
2707
3248
39
1813
1003
3080
2557
2559
2551
1065
1178
3377
729
1452
3168
1076
1512
980
143
21
642
3306
1311
2828
3350
2017
2901
1273
1623
310
3385
2173
1706
3479
1375
484
467
1924
1520
2444
614
672
3035
673
1589
2092
351
192
2509
209
1398
2176
307
3248
2122
389
262
1220
680
2022
2923
760
385
752
1030
623
2612
3039
2226
2415
860
970
1867
3210
2951
3352
1402
2047
71
30
449
1142
833
3359
2429
617
952
2185
2796
3121
1913
20
401
1463
1251
727
1411
357
1941
1403
287
2708
1884
3194
410
2561
3301
524
2351
1808
1043
2361
2086
2882
1734
1535
1924
937
2847
1557
3244
3032
1940
1575
263
711
35
1800
2177
2582
2118
1575
170
2936
2499
369
1919
2485
3365
364
2785
2823
1319
824
1614
2101
2894
2602
2445
411
3059
3110
2775
2928
1026
1311
3167
3448
1994
54
2119
1291
60
836
979
3396
888
2608
2343
2434
2425
3283
43
2030
1430
1724
311
1774
1448
1334
2834
421
1258
2303
3002
3246
2326
1371
2680
1670
3422
607
851
1110
2476
769
