600
60
66
101
64
103
67
84
118
76
118
96
73
86
82
114
81
115
99
119
85
64
81
79
97
95
62
87
85
74
108
104
90
99
88
89
81
92
70
60
116
85
67
67
109
94
69
104
97
105
100
105
101
107
93
78
79
67
69
83
94
103
77
92
63
103
88
90
105
86
91
93
82
64
91
76
70
110
110
73
92
69
94
112
104
80
103
117
112
111
91
111
68
93
83
68
70
77
62
105
91
73
119
104
87
63
116
108
82
67
91
78
65
116
72
66
111
81
67
88
105
93
102
73
101
67
86
71
63
111
91
98
77
68
77
95
60
119
102
79
87
81
102
113
70
74
93
107
109
76
68
95
91
75
75
82
109
83
98
117
97
64
95
105
113
73
65
81
82
87
106
70
74
90
81
101
74
115
86
105
118
115
76
85
77
73
70
102
118
111
60
85
71
76
72
77
94
100
77
98
85
98
105
94
82
82
70
94
111
100
96
93
65
87
70
61
79
113
112
103
96
96
73
105
90
63
105
72
101
109
118
75
102
85
95
92
92
99
114
102
83
119
64
63
117
60
94
67
92
112
89
101
88
117
110
81
105
69
105
94
65
105
99
79
63
65
113
73
70
118
110
103
118
75
70
60
112
115
85
114
88
75
107
107
93
92
82
107
64
89
111
103
112
80
103
84
61
90
104
86
113
89
110
85
110
99
78
117
60
67
113
84
68
112
80
60
71
85
74
89
94
86
97
84
82
66
102
104
71
93
78
74
80
99
91
101
112
80
114
104
119
112
107
68
72
106
69
71
96
99
78
74
110
61
116
99
74
112
111
84
85
95
111
115
103
64
70
65
111
92
65
105
100
91
85
76
71
74
97
91
64
77
108
61
71
72
98
92
66
98
65
68
64
103
62
113
65
110
70
119
118
79
91
98
77
107
110
86
72
103
82
110
114
64
65
89
94
105
86
110
75
95
88
77
80
60
76
101
110
99
98
71
114
74
91
85
89
118
73
78
86
79
119
92
100
111
84
114
115
89
99
117
85
111
69
114
102
60
72
66
91
111
87
71
66
98
106
104
102
112
94
96
71
99
79
99
80
66
75
106
63
86
112
68
79
73
116
105
119
95
109
101
114
107
60
60
88
89
112
62
85
66
82
62
78
89
105
64
82
88
78
102
83
60
116
76
97
111
61
100
114
83
117
62
80
81
82
102
85
65
84
83
86
68
60
112
94
66
100
116
63
94
117
113
90
87
111
93
114
101
117
65
94
110
80
87
110
99
95
79
102
77
86
85
60
82
111
74
102
91
81
106
112
103
103
95
105
97
110
97
75
77
79
92
62
79
92
75
64
91
75
62
97
61
63
67
69
63
108
88
87
74
