400
80
97
141
89
105
133
82
112
144
152
141
156
124
126
121
128
130
121
105
108
89
114
97
91
85
133
109
133
80
126
130
82
103
151
141
103
122
145
121
82
147
113
109
102
87
155
93
120
89
93
84
82
156
158
123
93
81
159
117
133
133
139
158
141
144
116
143
114
120
108
101
84
90
116
144
84
83
87
101
117
148
129
121
137
149
86
83
109
96
99
112
139
91
83
91
84
126
135
135
142
129
91
141
128
99
112
132
101
139
99
127
109
133
133
116
111
143
135
152
91
103
105
153
129
110
129
150
133
114
120
137
155
153
109
86
101
109
152
84
97
89
92
154
142
80
93
113
117
114
110
150
124
159
109
134
103
118
151
153
110
144
152
127
125
121
98
91
139
80
141
99
83
87
133
128
139
158
158
138
146
88
124
115
114
89
147
147
137
143
80
153
131
87
100
90
101
123
117
96
155
110
124
158
91
147
80
81
146
152
141
126
146
131
107
89
152
135
133
117
145
83
83
126
141
93
157
144
128
138
130
97
127
108
104
99
117
116
158
134
92
111
103
155
117
148
106
130
80
81
120
102
130
102
106
157
153
122
81
124
153
150
95
131
94
135
125
140
136
111
144
113
158
148
149
89
143
104
105
147
98
85
157
105
115
140
154
119
134
115
135
125
128
134
107
115
154
158
89
132
83
87
104
150
152
108
159
128
82
120
89
103
95
153
97
150
105
91
124
111
117
123
111
116
84
155
95
133
149
141
137
118
152
152
144
112
149
87
99
131
81
115
105
92
143
106
86
88
114
132
90
138
113
85
141
136
102
142
128
121
85
124
103
92
133
107
123
95
89
119
119
138
93
99
81
102
91
157
122
101
86
120
136
119
148
142
132
106
106
124
113
111
94
143
119
120
128
135
120
137
109
87
