600
60
5188
475
1166
760
1446
5158
4930
2397
5739
5507
5562
2323
428
1495
1832
4068
2008
4958
4016
2929
3879
5209
1117
3754
794
5821
5862
2883
1027
265
4352
4364
1048
3581
1125
3449
983
75
3468
98
3111
3740
1680
2168
5533
3347
5667
1733
4904
628
1984
2833
4518
4444
145
1330
5838
2622
3901
3823
1819
1888
4846
4598
5894
3574
1555
5327
1664
1965
3762
4985
2198
3184
997
5025
1843
5389
55
3834
3527
5816
3054
939
657
580
1804
2459
452
2134
919
2138
5583
2260
3611
3060
2733
1885
635
4743
1765
983
2326
1506
5288
5202
2892
1589
2034
2613
5555
2969
1759
256
295
5682
456
2328
2714
4093
4441
5516
2769
3283
5702
621
4261
4408
3735
2068
5787
2625
3485
2961
5460
79
5394
2318
3313
494
4175
5061
2923
5184
372
5325
1534
4024
3058
2431
376
2909
5012
2675
5374
4653
1934
2471
1670
564
5383
3065
5553
5127
3248
5265
1033
4984
492
3759
3398
5641
2975
5814
5592
5879
764
604
1444
475
4430
1046
798
1972
1563
5758
1219
2079
3786
2125
104
1332
2367
4665
3629
1842
4752
5647
3175
2737
4436
3340
2877
5621
4677
4199
3887
574
1448
4052
5110
5632
3112
40
4301
2282
3717
2993
1542
1229
5028
1994
2039
3476
2295
2619
4574
1629
5124
790
4193
3647
1222
3191
5549
1442
1491
15
5695
405
2608
3454
5894
2854
5919
4540
5392
4738
3393
445
2252
1939
4337
1474
5251
1419
4154
2025
3178
5729
5394
865
4479
1941
967
4568
4008
3505
4868
2694
1217
4548
4738
360
4034
5299
1728
2087
845
1370
5088
5949
5242
4989
1515
5523
1485
2401
4659
3910
3871
1573
1450
3249
4549
3163
582
492
363
2807
4026
3567
2200
408
3059
4418
3946
3514
5582
862
1276
1146
5660
3131
896
571
4287
2078
2758
4759
887
1345
1841
2756
2976
2579
3267
409
5406
3512
2454
1160
5029
766
5872
3840
3066
1561
3940
43
4235
4161
3076
2450
5808
1970
1197
1049
1190
4143
1964
5310
1357
865
2717
4390
3878
791
2927
4942
4870
5339
4391
4394
3758
4897
5117
2379
2396
4307
988
190
799
2468
5777
898
2209
1527
4954
2822
3019
3966
3455
230
2208
1030
1363
4772
5835
1920
2713
658
5044
3881
5976
4845
315
4837
2118
4272
3985
4320
19
3465
802
46
768
3794
330
1452
40
3918
4619
3247
3977
1567
303
3015
1091
735
1965
2162
3830
2000
4320
2978
4306
214
584
4561
2642
1347
691
3679
3746
233
1256
3776
141
1417
3588
4630
1662
1820
5014
4839
969
2631
5979
4280
4252
1611
2884
3147
1427
2614
1854
5488
4227
883
604
1615
4841
2965
4394
4150
4435
4623
4430
2519
3738
4688
150
3768
5280
4064
4748
1395
1491
1042
3902
3575
4266
5258
5178
2742
2309
2104
3758
2688
2960
2525
4339
3129
1363
1664
2429
439
2262
4693
3278
4645
4334
2023
950
593
3385
4779
1404
3088
4451
1484
3012
852
695
5253
29
2335
1088
5097
3236
2166
5098
5248
3964
5078
2538
4423
4257
1417
273
686
421
3534
3645
4848
4543
2964
3323
4156
1344
3565
1201
5315
1360
3400
425
2641
4692
1947
4388
4654
4316
3719
4003
1885
3491
3046
4429
2033
262
5227
3010
3955
4010
1882
2910
1474
2830
3923
1491
1636
5330
2539
5370
2657
4253
887
5620
4999
4264
923
3008
4962
3867
850
1722
2902
3139
587
4800
3339
4023
5422
3316
5299
3938
549
2011
5164
