500
100
111
79
147
146
91
127
156
30
80
32
108
91
25
5
77
158
31
181
184
174
136
11
98
158
196
75
73
51
116
78
21
76
152
93
97
148
46
112
189
30
59
136
113
191
35
171
149
44
172
90
84
127
28
137
113
126
77
33
65
149
191
26
187
184
186
111
45
160
22
38
147
61
122
149
159
122
178
107
135
68
149
1
46
69
4
15
137
44
196
194
159
106
67
68
89
49
91
122
174
3
74
1
47
82
42
179
30
86
2
64
116
114
55
144
63
76
162
125
153
187
180
74
111
162
21
19
77
161
181
184
106
168
157
10
28
11
129
26
147
86
97
111
55
83
71
149
87
120
101
81
32
121
164
123
88
91
75
151
91
99
140
191
9
174
92
182
79
133
117
3
22
114
178
167
159
140
6
71
128
110
134
136
128
141
159
152
125
178
101
116
118
25
63
171
174
166
99
25
62
54
142
87
146
189
197
106
131
141
130
137
58
114
179
39
107
138
80
84
114
118
135
145
182
140
179
23
111
19
38
55
78
178
56
136
134
191
152
6
140
192
102
153
164
115
97
1
1
93
156
26
153
140
34
43
57
109
96
195
1
198
123
173
93
197
139
41
64
2
199
157
50
75
176
42
47
47
90
185
104
65
79
177
98
187
30
126
121
147
49
112
50
167
150
83
41
115
116
33
199
66
186
173
131
78
4
110
141
164
153
166
153
191
104
157
106
75
49
147
188
140
67
199
52
163
48
139
35
158
147
66
87
77
92
20
125
109
197
26
58
50
177
108
85
148
51
4
69
152
171
55
156
15
140
62
37
14
117
6
17
138
17
138
144
160
5
113
148
61
103
131
165
173
91
157
85
189
9
159
28
82
120
3
191
182
162
132
174
158
23
99
166
25
52
157
89
97
156
175
5
50
132
159
168
174
17
43
40
12
47
83
65
184
89
103
104
181
193
139
144
189
134
189
182
33
191
141
126
114
31
115
50
171
10
57
195
43
171
80
75
95
61
14
137
90
7
26
151
120
168
153
141
98
118
114
188
2
34
38
11
34
168
44
114
125
39
95
45
40
140
18
112
128
7
144
141
119
80
78
128
166
63
106
49
83
88
70
57
176
126
160
190
59
42
76
118
125
127
156
19
187
