450
90
27
18
83
59
100
14
27
58
100
13
2
61
92
60
54
68
32
79
86
51
72
20
14
77
72
1
11
34
81
93
87
17
98
6
27
60
73
47
65
6
45
19
35
95
39
76
92
80
70
12
80
2
72
58
93
48
4
95
11
42
76
79
98
29
7
100
85
53
57
56
64
94
53
90
90
76
24
7
61
7
78
39
20
76
2
49
72
19
58
75
77
72
68
72
29
27
60
31
54
14
36
31
94
2
3
55
69
82
63
33
62
3
59
94
29
48
64
95
55
51
60
51
62
95
85
27
89
99
78
97
45
66
67
56
14
62
10
29
15
11
5
1
48
74
68
19
65
33
42
31
70
34
31
67
35
95
67
5
52
90
53
37
23
49
16
12
25
40
40
38
54
80
29
1
67
99
11
70
69
57
70
15
70
13
20
98
72
3
69
96
55
81
31
31
70
7
19
54
42
87
35
54
9
50
46
19
63
41
86
87
63
90
37
21
14
15
36
62
34
51
75
12
44
91
46
88
44
84
25
85
67
11
35
63
60
28
77
55
22
28
26
67
19
96
21
98
86
38
71
10
95
23
90
7
75
75
28
14
31
87
10
62
83
32
23
69
77
14
35
78
22
9
39
91
92
83
44
45
77
26
28
19
44
57
80
72
96
21
49
68
81
67
22
73
37
100
74
81
19
92
43
24
4
44
75
73
26
95
50
82
17
14
24
57
73
59
22
82
1
76
94
8
10
56
74
24
16
46
94
22
29
60
64
83
97
75
3
23
19
77
9
32
61
84
34
89
92
69
89
78
86
9
6
19
37
80
45
50
18
22
51
93
85
61
90
18
15
35
79
2
28
65
40
79
56
65
92
13
14
34
4
79
41
25
90
13
5
49
24
8
46
38
23
34
80
62
12
64
62
92
46
29
22
22
27
26
39
49
70
78
32
6
47
16
88
18
32
68
12
43
31
54
29
20
78
55
51
73
45
57
7
42
38
68
6
70
54
13
53
70
34
12
47
13
90
46
74
37
41
83
