450
90
90
41
68
14
97
2
47
97
75
100
36
36
75
83
17
54
92
41
56
13
85
100
41
60
87
32
27
51
76
39
10
86
71
95
69
22
32
31
48
49
41
91
33
96
34
29
55
9
37
47
24
89
80
42
42
96
21
3
82
48
38
81
54
100
54
63
89
52
68
27
85
26
19
63
44
84
87
92
49
71
37
22
57
52
82
68
70
76
27
56
39
72
9
52
9
18
43
72
7
85
4
31
85
80
97
68
53
100
86
62
95
17
48
89
51
33
82
30
97
66
95
81
35
50
19
23
54
32
97
96
30
52
92
66
10
35
24
23
86
42
93
10
1
73
70
71
36
39
7
43
45
19
62
100
76
77
80
71
52
99
48
15
53
67
84
47
2
41
28
51
17
78
99
4
95
72
13
23
35
53
75
32
5
3
78
64
7
47
46
30
79
76
30
100
88
47
65
74
80
39
16
65
70
88
87
41
36
14
60
50
37
61
67
85
90
87
19
56
18
70
72
83
41
95
75
51
1
75
90
76
70
81
41
74
81
94
44
98
19
77
30
21
80
77
100
67
74
58
48
19
4
17
70
7
42
85
24
95
2
59
3
17
83
78
93
32
30
18
30
77
63
22
5
97
78
14
20
5
14
83
60
83
55
83
55
35
44
76
97
99
37
61
96
37
36
18
1
72
8
30
35
12
32
59
17
20
15
60
11
18
69
67
62
6
18
78
85
50
37
52
56
61
64
28
29
29
96
51
96
94
20
91
96
2
26
81
51
4
12
93
35
58
42
88
11
53
45
39
9
21
78
34
88
56
13
8
38
23
38
43
36
60
63
10
29
95
53
83
13
35
25
89
19
45
3
38
72
22
2
78
76
32
49
60
5
36
44
28
44
12
72
24
47
59
95
26
25
58
93
84
52
50
45
44
38
30
5
80
38
82
67
34
56
1
12
89
19
18
30
88
24
56
15
97
63
41
8
25
81
54
35
60
71
6
7
5
25
72
52
80
41
80
21
94
63
85
13
49
9
35
