900
60
5437
1967
6451
4577
4036
4474
7503
2594
6290
697
8472
7308
5977
7869
7806
2971
73
6299
7062
480
4167
2572
763
4484
559
7164
4987
2601
7077
579
1695
552
7684
6871
7233
517
6212
7666
7036
2799
531
3374
2595
6275
883
4580
176
2796
2986
8363
3165
842
1779
1673
6340
7646
6735
5317
3775
3643
329
587
1120
6500
3903
2224
6001
5026
637
7551
2040
8391
2726
4675
8671
6689
8482
7600
2359
1018
4854
8704
7498
1751
3817
8037
6573
7501
7476
4893
6163
1324
6617
7337
617
4369
2251
5890
258
6674
949
3304
7939
4232
6307
256
6826
5200
6338
3904
1947
1451
3949
4591
2459
1002
1397
6922
5561
8568
7014
4267
769
5904
6121
4069
3230
6541
2424
4780
7891
8339
5592
1659
7469
5195
6775
8565
6556
8838
4827
2134
3186
4108
977
108
4713
8999
7613
1096
3100
897
7303
7125
736
4663
391
5290
5713
1778
5048
2016
4671
1989
4851
7134
7754
634
4779
1739
4021
6089
140
8670
3228
3560
7132
8510
5601
8309
2421
4421
8386
7688
246
3919
7707
6044
4592
2112
3412
1973
301
6795
6241
7210
7269
2848
4467
3730
5999
3351
7559
8819
4149
1020
6093
7344
38
3417
5655
8469
3956
6167
719
7278
2197
482
8122
2837
6830
1370
7658
508
6357
6416
3189
3536
4540
1879
3007
8302
7077
6149
4411
8563
3422
6313
6118
4390
5223
1782
4857
3736
767
1068
4884
2698
2539
2098
934
5319
8546
6095
6496
6643
2890
4621
1995
4869
4800
7746
4329
8811
5139
2948
2
2023
8147
8998
7732
5585
6578
6548
4462
3153
5158
1696
3466
4037
6121
3359
5656
3521
4157
4649
8647
3811
7748
8137
7537
1628
7559
4469
177
4722
3440
1420
4148
5173
1682
3506
5629
4885
3277
768
5654
6453
7390
5851
2520
1178
5486
1879
335
5285
3549
2484
5035
4277
361
738
1871
1295
5129
8509
4162
8329
6273
7263
265
4144
8386
1713
6579
7328
1326
1307
755
3982
2601
6735
3277
4487
265
6836
8450
1542
6063
4762
1952
7072
5479
2084
374
5378
5231
4217
433
2931
8245
407
4684
4832
4088
1275
5821
4338
6182
8809
5860
486
757
2099
8949
1748
4860
1835
6325
6793
87
242
4748
2602
4748
8724
1272
5372
3393
3234
3843
7871
4965
680
7600
6181
4478
1224
8931
1156
4869
6388
4647
1976
3698
3384
5206
1055
5155
7627
5325
6199
4029
6381
1803
4262
7708
1480
5335
1926
7118
2469
622
8127
628
2411
6320
8425
868
3370
4997
3570
3958
8117
2022
7924
6114
1495
1700
6823
3243
5765
7112
7484
8467
643
443
529
7268
1323
3700
8803
5002
8596
2950
7449
5974
650
6746
8177
8609
2711
1240
4518
7140
8802
2167
7229
4993
902
174
5343
1514
1251
8206
1652
2643
8266
379
841
1097
7577
7445
4796
6795
6893
7829
7442
5017
1927
5983
8045
2160
170
1934
1292
7668
1246
7980
5038
8316
76
2322
2368
2504
4175
6132
7168
8346
661
1792
3983
7774
6500
1267
4797
4628
2343
1674
522
5474
3719
2668
820
7976
8296
205
207
6591
3369
5531
179
6795
682
4017
7602
4853
7214
8387
8867
2734
6303
3946
5477
8639
3041
3629
2806
7671
3794
8621
6048
5148
6135
4821
829
893
3054
2980
3655
4040
6304
7045
3928
8841
3414
1361
418
8655
1432
16
5407
1375
8390
8919
1238
4475
7441
6277
8355
3152
7901
2191
4807
4638
3387
6965
4152
7512
8733
7181
8209
7444
8860
1759
905
8662
5638
8995
1444
3252
3658
2947
4454
4861
1965
2121
288
3485
1720
4637
6195
6742
6560
1602
6585
1966
7271
7981
2940
5302
997
7695
3879
6080
3999
3186
7548
6104
234
8613
8742
7287
4689
2991
5725
7995
3364
3411
3882
3196
1731
3622
3992
8604
889
4227
1541
5250
5050
7804
3022
430
2052
6564
224
5707
6169
4005
4197
6952
4667
1600
8006
689
4084
3098
1055
7392
657
947
2402
2482
8873
8894
8638
7337
7735
4689
8250
2629
6776
2991
5352
2451
5828
2365
3645
414
8402
2744
3718
5891
6436
7549
5661
2904
1378
3457
8291
1476
8714
1015
6532
7228
6628
5487
8865
6532
8005
2529
276
3993
2991
8722
1714
3490
6125
8915
1776
4998
2552
2380
4386
8088
7817
2979
978
7715
1765
7690
4006
8009
7215
145
3561
2690
3251
8908
6601
2596
994
139
5847
6563
5680
503
1623
3834
751
290
2851
1881
5379
8756
4599
7219
1639
76
7528
4222
6131
8343
1328
1920
277
8356
5308
1407
6650
1697
6602
7793
8029
3947
1406
2124
2744
1054
8993
6448
8790
961
4999
2718
5434
8243
4432
8213
1146
5562
1861
4483
50
1801
487
8571
1966
578
4572
7041
3256
2408
5161
6641
3722
5146
8089
8043
5079
1661
4807
1501
2266
692
5784
8442
5291
6259
3477
3872
1531
4560
2733
6388
6122
7590
1603
5678
4476
5433
5526
2111
2320
5493
334
7648
206
4825
3759
7365
1823
6232
519
1633
6666
1773
3209
8544
6923
5568
8505
7131
5025
1178
5469
8090
814
6078
2633
627
4889
3858
4520
8209
4689
4913
4071
1120
8986
1974
2682
3439
305
1195
1667
4069
1225
1768
7239
2006
8100
1731
6092
4983
8477
2715
6833
5188
7914
2434
5743
5747
5284
7090
4738
5305
8992
5684
3427
