201
100
852
497
889
735
988
872
1483
182
279
1478
1430
605
478
1179
806
1944
577
149
330
749
1784
1904
568
274
1270
1687
1535
376
1184
272
1905
1904
1559
5
118
1855
715
1926
256
45
946
236
1899
992
761
1372
971
516
1707
858
74
42
1948
1278
1002
1868
671
408
863
1957
1176
222
1364
729
417
893
686
1761
1576
1837
1479
1832
1883
1914
1952
1282
39
436
381
1223
178
1897
1096
632
1599
951
489
653
284
658
376
1923
609
235
966
919
1162
832
1272
217
765
805
274
1210
1140
578
318
514
1409
1867
200
1562
1581
742
795
454
932
1544
1155
916
898
1548
1311
831
923
1470
688
1352
161
1884
1487
606
1677
215
1674
330
389
1608
968
585
1607
226
126
1256
1666
390
244
197
859
527
123
1772
46
454
358
251
718
1222
1626
1934
1447
1868
522
715
593
1603
897
1262
1188
1147
374
427
1609
463
1767
379
408
1015
1811
457
1625
386
1084
584
493
883
1551
1093
1684
1983
875
1510
311
72
797
295
477
1086
114
614
1414
