1000
100
77
14
35
54
19
25
38
50
45
44
25
63
90
65
88
15
76
58
85
93
44
87
97
30
9
68
96
21
36
83
11
51
44
97
56
75
46
35
98
78
95
30
81
29
23
53
21
18
86
96
13
96
20
20
82
15
78
93
62
79
1
79
48
89
80
29
31
43
12
99
83
8
12
42
55
70
46
43
61
93
48
87
88
40
67
81
83
35
49
50
76
16
74
56
33
99
36
45
68
86
69
76
6
11
100
26
16
20
89
56
41
42
42
37
73
59
14
86
56
48
74
100
62
73
36
78
69
90
6
73
86
85
24
67
20
85
36
20
13
19
21
95
26
57
27
4
84
89
76
60
91
96
97
33
60
51
21
17
11
51
81
94
44
4
46
32
97
66
100
40
49
10
35
82
16
95
81
19
47
98
37
38
89
47
59
60
56
44
43
89
68
13
46
82
73
34
86
65
95
29
52
85
71
99
66
97
60
63
74
63
84
31
41
68
65
61
64
38
98
73
97
98
82
66
49
33
84
32
86
83
10
1
94
9
98
33
77
12
59
38
91
75
84
87
28
87
27
23
12
12
73
54
50
93
42
92
87
70
83
22
14
82
54
67
92
99
89
25
78
57
88
4
61
4
82
17
53
6
81
45
98
11
42
58
34
59
43
96
21
2
82
70
29
67
17
46
51
86
40
21
56
93
25
20
45
7
67
94
32
47
20
10
42
14
65
88
18
70
9
1
68
24
40
37
97
4
35
80
78
55
32
19
61
95
53
42
87
13
52
57
5
78
99
57
36
79
100
71
54
42
7
93
33
60
14
47
47
61
94
47
75
97
89
22
40
49
48
69
83
2
72
22
32
20
41
34
75
18
70
50
56
21
53
25
48
39
30
30
28
8
90
57
76
19
84
47
82
17
41
76
100
41
9
36
21
45
98
90
35
67
95
96
75
5
25
72
96
37
59
51
91
44
49
59
79
12
48
27
71
93
21
93
40
20
53
65
68
41
52
45
48
88
78
61
95
66
86
23
47
32
66
3
43
100
24
9
15
23
83
67
54
4
17
5
64
83
87
65
90
88
20
71
85
46
51
73
20
27
88
96
64
82
18
53
39
50
56
63
10
84
46
22
82
49
92
55
28
90
19
66
22
34
45
37
77
53
90
60
6
3
33
44
1
2
61
79
98
4
47
33
100
19
66
50
68
26
70
92
60
26
32
10
95
11
40
65
80
45
3
86
74
69
58
56
84
72
27
14
2
16
44
67
3
57
52
36
19
70
27
39
46
54
36
70
86
2
100
92
84
92
59
41
18
90
4
4
58
41
56
73
3
88
86
77
69
13
77
71
46
72
34
5
70
92
16
49
7
16
87
82
99
84
32
30
64
27
54
94
17
71
15
27
49
86
76
77
6
81
60
31
29
20
65
38
60
11
50
7
81
68
64
99
31
74
13
31
97
92
49
87
97
66
7
24
68
59
67
71
52
10
26
28
88
60
59
46
64
52
18
98
30
4
34
50
11
99
43
93
90
31
48
93
100
81
22
56
97
88
95
75
12
17
66
66
43
18
42
85
98
92
73
37
69
17
73
81
28
13
73
22
8
90
62
41
36
2
48
86
61
61
27
8
90
35
42
38
92
44
94
90
35
90
79
97
1
49
40
53
22
100
66
20
19
46
11
83
49
78
13
11
47
8
38
10
26
12
63
45
59
3
65
93
34
23
79
88
29
21
66
14
35
31
98
6
15
100
2
18
14
38
9
88
38
89
99
75
36
71
84
46
66
71
74
13
6
95
24
21
85
18
19
42
35
40
8
97
22
37
33
67
57
83
65
14
51
22
79
50
69
23
23
73
1
83
63
15
69
30
87
70
61
95
52
53
94
29
31
24
3
90
10
61
23
76
80
38
78
99
36
13
67
35
36
88
28
51
69
14
31
89
4
32
48
38
30
10
93
55
67
40
22
7
32
4
16
38
26
15
85
79
78
82
37
75
3
9
60
15
62
12
31
59
100
44
91
48
5
58
31
86
58
88
27
98
47
80
33
74
54
97
99
36
29
79
58
81
87
36
81
25
13
88
44
24
97
26
99
96
86
33
49
71
18
39
52
30
28
20
12
2
48
72
1
32
98
8
49
91
67
8
59
1
29
22
42
81
15
14
35
87
21
8
79
33
100
97
12
57
85
79
63
37
49
97
83
25
20
11
23
23
38
65
57
19
1
16
79
6
17
35
70
11
30
33
63
2
8
8
91
72
7
9
9
64
54
91
35
88
62
47
