181
90
105
92
166
135
105
163
98
179
127
98
96
136
163
159
132
136
120
124
125
153
96
131
137
166
103
160
92
145
100
142
142
178
152
170
167
91
169
133
141
96
173
167
115
108
124
170
159
153
145
135
109
151
161
168
99
135
159
115
94
134
120
163
171
107
92
151
99
134
179
156
171
157
134
118
132
174
149
131
101
100
105
152
100
118
114
179
150
151
138
97
113
150
108
151
147
119
99
134
157
137
98
160
163
162
101
100
105
104
94
97
100
150
112
179
106
164
136
131
123
102
173
171
136
160
137
137
169
141
116
151
90
140
139
136
160
168
114
124
129
152
174
136
128
90
91
121
164
156
107
120
144
121
128
164
165
156
165
123
175
131
99
175
179
150
142
133
139
126
96
136
97
137
125
134
174
102
123
155
157
103
125
