600
40
55
71
68
74
76
74
52
59
45
48
77
76
49
40
43
51
40
57
62
71
44
78
47
61
76
78
68
49
51
75
61
66
54
48
46
48
49
48
65
47
78
56
51
47
53
75
48
51
64
74
66
46
64
48
79
59
45
70
74
43
58
68
65
62
75
54
41
68
42
41
47
42
72
75
54
50
48
47
47
59
57
68
63
52
71
56
43
69
67
46
54
75
70
73
48
51
41
57
47
50
52
44
48
47
42
49
75
59
40
68
57
56
44
67
68
48
48
63
53
63
58
63
57
63
70
64
40
50
72
77
70
53
40
65
62
66
75
53
64
77
75
69
42
54
48
63
77
65
45
69
59
75
50
53
45
62
61
73
71
46
45
43
68
57
71
74
66
53
65
69
77
41
75
75
77
44
54
47
67
62
74
53
66
58
40
58
74
46
68
69
56
56
41
62
48
73
74
54
61
63
64
41
47
57
40
68
73
65
67
42
42
53
45
77
73
64
58
73
64
69
64
56
75
57
78
55
63
57
41
52
77
77
45
63
68
59
58
66
53
53
43
52
48
56
45
41
64
73
44
40
78
65
71
50
69
64
52
76
43
65
45
48
70
78
74
54
69
53
70
46
43
43
49
71
50
79
43
63
45
57
76
40
57
60
45
75
64
61
57
59
50
51
58
51
45
58
45
58
65
65
79
58
61
42
66
41
76
51
68
58
69
44
54
47
51
54
44
48
59
44
68
44
60
47
57
58
74
79
60
71
67
75
68
69
40
70
76
56
79
48
48
63
49
46
57
40
43
75
50
64
64
53
73
68
53
49
54
67
41
43
40
69
75
59
45
77
57
68
46
64
77
40
65
41
48
75
62
60
55
52
64
53
74
74
70
53
63
55
79
44
41
42
58
44
74
60
57
67
60
56
66
42
79
40
45
68
45
58
57
79
73
45
53
42
53
47
63
71
54
51
68
68
77
73
53
66
61
69
69
64
67
79
77
64
74
68
70
43
64
70
61
58
48
79
55
76
67
76
71
41
64
77
68
59
40
55
42
57
64
52
71
49
71
77
73
64
73
51
44
54
71
46
49
79
73
62
41
65
44
42
64
75
75
45
40
65
44
58
79
41
50
61
60
63
51
70
55
55
69
59
77
55
65
41
49
71
53
64
70
55
43
63
73
65
78
68
45
55
44
44
44
40
41
77
78
57
63
40
49
40
50
53
79
65
75
51
59
48
60
70
54
53
74
61
71
79
58
65
72
50
59
72
59
69
67
48
65
57
49
79
64
40
74
45
46
75
62
74
71
61
46
63
50
55
69
53
53
47
61
49
41
62
65
45
44
60
69
63
53
50
77
75
74
55
69
75
63
47
56
41
