700
70
735
2043
2297
2699
1230
6475
4981
5128
1297
5097
5801
729
4024
3243
2062
1850
4362
308
5077
1593
2842
6219
1897
2431
5730
2006
5506
1626
512
3024
5604
2314
5776
5735
5017
1594
1179
929
639
2601
231
5402
1074
6349
5457
5542
2307
1898
4235
4398
5327
1024
5772
1620
1622
6089
5517
4558
4323
5939
399
1486
722
1181
700
4698
1519
6601
1205
4768
1887
3108
4552
3160
2493
884
2206
2158
423
5294
2652
5369
2352
4829
1670
3630
4886
3204
22
2093
5354
6194
2391
2138
4517
417
2306
6228
2393
4369
4568
3297
1473
3979
4312
2722
1470
2526
4437
3095
952
6212
3884
2814
4134
5854
5751
6642
5243
3928
3510
3905
2256
6279
4871
5503
1929
2570
3832
479
4660
4655
6251
2686
3937
1760
438
573
4540
3369
3416
4446
249
515
2311
2245
5907
6729
4360
867
4592
1828
5660
2550
3300
5011
53
5898
6109
3130
5971
195
2156
6493
2246
1044
3770
365
3753
2179
3656
3600
1421
1492
2427
424
702
2330
4288
5117
2646
475
5365
1183
508
1148
2170
1643
2194
556
2576
573
3582
5689
5024
5854
2879
5805
3741
3435
5345
1686
3141
1387
2243
3960
4656
2671
763
1734
791
3296
3917
398
5845
2775
885
5922
4415
759
6508
5294
4019
6317
178
3822
5145
3488
4282
2753
2837
2966
452
5536
6260
6746
3802
3785
2251
6778
4908
6319
5071
4454
2473
2544
5376
3258
376
2473
490
3959
2222
1445
3536
68
5008
5020
163
2103
3969
2456
2757
3100
1195
6695
6452
4096
459
3775
3113
4577
759
1783
3714
6357
4611
1513
5128
2203
1833
195
3382
40
2612
2583
2876
2173
6831
1115
2085
5533
4703
3596
5381
764
2811
3287
4391
6077
3824
1148
3814
5659
2534
1481
2191
4936
4949
570
5704
533
6281
763
445
1845
6795
6733
181
2725
3731
3927
4860
5901
2752
2043
1682
5433
3492
6874
6712
4552
6873
2456
1606
3333
2473
6244
5280
6483
726
6467
4050
5406
965
6999
6370
2806
258
1421
5769
2870
1549
212
1279
186
3788
2434
848
5930
3210
3811
639
5418
253
116
6597
2014
5373
1014
837
1137
5959
1394
1774
2285
6531
6488
2887
1416
3796
3634
4967
3564
3627
4624
236
2826
5957
5223
3070
3269
1492
3448
5933
1427
5756
46
6431
4103
6299
3812
1194
678
1037
989
5560
4003
1351
2304
75
2839
4879
6121
722
6525
4756
6104
5533
6943
4586
4598
4161
2518
5130
2865
4769
1835
2286
3915
5103
6210
352
341
6254
3025
476
1244
1947
4002
3412
4478
3533
2380
1129
360
5898
6792
6460
318
3402
1328
2580
5546
3298
2844
3309
4372
5167
179
6529
3256
3389
1430
3044
4495
3006
4474
847
4016
2728
85
4699
1559
1173
6833
3640
4615
2027
2505
2475
193
2816
4595
3571
5395
1469
3382
409
2905
1461
6665
5006
736
3081
3749
2541
250
1570
6880
3514
6497
486
5140
2153
5008
3007
6136
5291
1679
321
3904
1728
438
1858
6335
5829
3882
828
2840
1355
3630
6247
236
5306
1717
6172
2295
2518
3757
1308
3409
5608
4064
4937
636
6517
3585
1974
3727
3882
2703
3280
2728
5130
1287
6809
1104
252
2141
4550
5459
5416
369
2500
4069
341
508
6724
1804
1540
4206
2992
614
5316
1990
4537
6314
3751
2671
843
2430
4506
5129
2154
3279
3091
1991
23
2776
2636
2967
4731
3915
108
3890
1607
1825
2447
6027
3032
4652
4828
4122
3652
1253
5723
3499
6674
800
2424
3640
210
1579
282
5064
2775
802
5999
6145
4071
4743
6625
6308
6013
1670
6354
2605
6605
3421
1850
1705
6914
5608
2868
1161
6368
1456
3770
1899
2761
5136
3976
6268
2969
1672
2399
1805
3473
665
793
568
3455
501
5712
5959
1632
3056
4223
659
2555
2313
5638
3561
3461
1983
6612
3263
3933
3996
4485
958
6982
2869
1153
3000
4031
2146
4299
3926
4766
1597
1452
1007
6013
1233
1866
3876
1064
593
224
1315
1296
5927
6499
4287
4688
1773
3321
1007
3390
5608
6664
3354
448
4528
6692
17
6861
1312
