300
30
69
997
757
2588
45
2063
800
1890
969
2418
1358
743
2905
45
253
1185
85
1757
1893
256
117
2418
2974
572
1677
514
2578
447
2175
478
2938
70
1057
770
2339
242
2038
2756
1294
1329
2751
1389
701
256
860
810
335
2328
1203
1888
1019
2954
2346
1800
588
1062
1887
1723
1565
1800
1194
2863
2441
2379
1545
2989
2764
2225
1784
2324
2931
1630
1730
1567
780
297
2662
2174
2576
1322
228
1915
302
126
683
2907
1593
950
2810
567
514
2762
488
965
1495
1671
1215
458
2431
1505
1115
1175
819
2896
17
2273
1832
2043
2545
2363
1781
1452
637
924
2193
474
1970
571
2610
1511
1039
1020
1842
2763
223
972
1323
2155
2977
1345
1467
82
499
2697
1143
1608
2866
2589
2074
2125
1700
187
11
280
1004
1629
2119
54
466
2755
2067
1168
1213
287
2442
1810
1252
1301
1052
1619
1793
1407
1023
1287
1127
425
2199
2326
700
734
782
2621
2912
2254
107
1411
1530
2482
1328
119
1881
2478
423
612
1694
2751
66
1343
2091
1376
1268
985
873
1383
2842
1127
2011
2042
1737
2546
1091
2644
2460
2549
1121
2974
1448
1032
184
1442
2758
652
539
1401
1173
1560
2807
149
27
1829
292
40
151
259
2894
1444
2353
2899
2329
2932
2562
1080
1296
1601
420
1280
1059
1859
1612
1392
2547
2323
2132
466
2272
606
1908
588
1501
1285
1843
382
784
379
2708
1491
2465
2149
2319
1131
2169
1218
1237
2613
2458
2946
2227
1719
859
413
884
341
2540
2008
2142
1233
1691
630
2134
1100
1956
1079
484
2420
1184
1749
1233
264
2143
1466
285
2053
1133
555
2890
2021
2652
1821
2730
1920
