600
40
1
64
66
39
41
95
92
53
40
25
86
86
47
60
43
32
62
8
10
49
3
33
44
13
6
30
63
83
59
79
78
75
66
29
59
21
12
53
50
5
34
9
95
84
57
26
45
58
43
48
59
76
1
63
74
37
27
80
36
61
33
49
4
20
56
38
30
56
57
52
85
38
44
40
42
32
77
32
13
36
98
99
19
96
69
79
16
55
50
26
44
55
100
5
71
93
99
85
4
61
6
43
27
74
18
7
39
14
79
33
31
27
24
81
91
52
48
3
21
18
97
27
20
29
22
84
95
38
54
63
85
42
89
70
2
45
31
24
38
1
18
64
27
58
98
50
1
99
27
92
89
53
69
36
14
90
27
54
2
24
36
6
40
68
15
53
84
7
74
54
5
47
9
90
28
8
39
69
2
65
7
30
87
5
11
27
95
14
19
53
77
10
89
64
60
27
79
70
11
98
46
56
22
13
57
73
64
76
74
35
100
75
71
74
10
7
78
93
17
20
76
84
23
56
45
31
25
30
68
35
40
28
92
37
81
32
74
51
39
29
88
43
82
46
6
97
90
81
15
87
82
92
2
32
66
68
12
16
50
70
36
93
97
80
75
14
93
39
9
83
68
44
72
9
12
8
17
92
6
53
13
34
37
58
35
9
48
82
95
62
41
80
77
86
97
47
29
59
23
64
22
82
94
11
37
11
76
99
53
72
85
19
17
94
82
19
11
36
43
87
58
60
4
77
17
16
45
19
3
9
10
70
3
8
4
42
90
15
74
82
7
27
15
71
66
40
42
35
35
38
95
28
72
71
63
48
100
68
77
51
9
9
34
11
96
21
4
14
79
83
38
91
54
36
86
50
5
21
40
48
25
36
2
99
3
31
82
35
48
20
49
38
50
29
74
52
95
32
37
83
35
78
89
67
88
54
13
21
34
92
4
25
53
100
76
33
44
85
43
68
19
13
2
21
45
43
8
27
7
15
45
2
69
73
14
14
55
28
10
26
92
32
78
8
87
16
13
19
79
16
52
97
57
33
27
55
45
39
68
56
97
44
82
12
54
79
8
37
35
90
86
58
100
29
84
97
19
43
19
38
3
8
71
11
91
68
4
58
87
45
69
2
83
62
74
14
35
46
15
31
33
30
76
20
97
46
18
62
42
46
15
13
45
17
81
29
17
47
97
84
64
42
79
54
77
44
12
97
15
4
96
25
36
88
27
36
29
35
81
70
66
23
16
68
93
69
100
73
91
86
11
9
88
93
29
84
45
94
63
50
39
97
17
76
28
31
91
100
27
31
73
56
51
55
84
34
96
6
78
22
93
24
9
3
53
32
52
89
49
41
79
15
19
29
83
84
17
67
32
1
