200
40
22
38
35
68
98
73
69
65
79
29
99
9
90
80
18
32
15
3
86
20
58
75
50
4
96
71
24
17
87
61
69
44
22
54
86
7
26
96
42
4
11
23
79
10
67
13
45
8
52
83
74
86
73
31
91
54
44
2
96
55
45
78
18
33
16
3
30
92
65
49
40
47
78
59
83
83
89
76
23
51
23
36
83
77
24
62
28
86
66
5
38
76
80
96
51
6
63
23
2
7
56
60
86
32
64
16
46
68
38
45
45
80
86
95
28
5
71
79
39
41
96
22
89
41
2
27
80
4
22
72
52
51
35
40
25
47
18
16
98
29
91
42
54
5
50
11
10
27
39
28
2
52
87
84
48
36
35
89
59
11
83
35
35
12
37
100
6
8
88
30
39
95
51
73
32
44
80
57
7
22
32
35
49
10
36
93
92
32
81
23
59
2
12
26
70
91
31
92
24
99
