270
90
97
146
104
175
158
162
126
177
149
153
110
142
132
119
124
98
133
100
128
143
116
173
111
102
132
157
122
119
114
102
113
145
167
150
110
154
131
137
177
170
103
91
166
138
155
178
141
169
114
132
144
117
104
175
122
127
99
106
136
164
120
160
123
174
113
118
146
124
93
96
165
117
96
152
117
127
177
92
107
126
104
149
147
173
171
160
117
123
90
156
135
99
106
94
175
109
134
107
104
145
137
121
146
138
141
163
123
148
119
122
148
171
133
122
179
131
174
101
91
96
147
97
178
92
117
122
146
99
112
98
91
160
130
159
174
97
179
138
142
130
141
136
158
118
153
125
133
93
153
129
158
174
172
139
138
132
163
148
166
136
90
177
135
132
97
95
144
152
154
115
114
166
162
93
161
116
139
112
155
112
153
117
90
157
150
134
157
101
154
105
120
171
175
174
152
163
141
130
141
94
112
147
153
169
135
167
138
107
179
141
143
175
101
126
145
142
167
102
138
104
108
151
91
174
116
107
127
135
98
110
172
160
166
132
151
124
176
112
112
166
145
93
150
133
149
150
165
94
112
94
156
109
138
110
122
169
162
175
139
141
133
96
128
130
172
149
177
175
138
143
