300
20
980
768
1379
330
2886
2493
893
260
1461
1003
2811
2262
601
1883
1396
608
113
2203
2696
1341
1394
2093
262
519
537
1902
2290
178
1094
887
2602
912
1913
2234
1263
2774
2190
953
2703
367
1655
853
2318
657
2511
1996
2393
919
411
1670
777
2805
439
2878
1430
2370
2016
1245
2456
1160
423
1157
722
1089
241
1297
696
2838
696
2480
2788
410
437
883
859
2801
2697
1931
514
514
1611
346
2576
2925
554
1300
2581
521
101
882
143
590
172
1229
1971
1090
1744
869
774
1695
1298
2409
62
1128
2819
1368
683
1764
292
2774
687
2269
2907
844
1487
535
856
1046
1318
2490
739
2790
80
521
975
2040
816
2645
860
2119
2258
2419
340
2761
1104
939
364
810
1424
732
98
2554
661
2552
2029
2636
908
2494
2075
1037
961
1595
309
2769
1237
2001
1620
452
2050
2003
1528
419
790
2683
66
850
1323
489
15
811
1743
2505
2329
1162
1471
2490
2135
1753
272
1554
2632
2494
2713
1035
1946
1443
1848
1594
672
1615
2332
1821
1732
1088
2725
796
2797
928
1344
1848
783
547
923
1391
2885
356
836
16
1176
1928
1446
909
2607
953
1463
2188
815
1523
32
1858
1442
1778
2837
1877
2871
2901
1262
1024
2339
2691
2035
1188
1637
1198
1972
625
1537
1302
197
1825
2008
501
2373
2342
1325
1571
178
1888
1724
379
2155
1531
1472
746
1220
1306
2960
2159
1301
1085
1126
234
2921
1657
1536
2457
2988
1974
159
1843
272
2048
2564
2740
2030
1203
1694
2856
1472
2383
1194
1616
2535
2331
1950
1060
951
1222
2742
1575
1365
597
1138
751
1714
2339
2048
1417
848
2217
