180
60
80
65
11
11
28
38
100
96
11
19
24
6
15
19
72
32
100
62
46
1
67
26
13
35
91
42
75
78
56
3
99
95
31
26
39
25
85
87
69
8
39
100
33
24
55
7
60
100
6
27
49
47
37
50
89
92
72
15
25
69
89
37
77
14
86
89
14
26
84
68
67
82
94
51
91
77
40
62
46
12
88
4
75
68
62
99
44
97
1
5
13
46
40
51
4
52
69
89
89
27
50
91
85
48
79
10
64
60
82
54
78
22
86
62
5
84
71
7
44
7
64
100
81
56
11
78
23
83
3
26
16
36
61
46
40
55
78
2
14
19
77
85
5
11
27
85
7
64
61
48
71
93
11
8
66
8
49
93
44
87
90
93
88
32
62
4
10
44
56
42
73
63
91
50
16
18
8
80
66
10
