1050
70
101
131
88
79
105
132
89
129
74
108
98
84
102
93
82
85
80
98
95
107
98
70
101
114
104
122
85
77
105
108
81
114
76
72
93
103
139
102
135
91
110
70
104
127
111
98
134
75
125
103
136
86
90
71
74
88
103
102
118
101
118
79
90
86
81
86
129
135
100
100
136
82
126
101
120
126
135
134
118
135
83
88
115
123
87
129
77
76
114
122
122
131
77
125
137
118
97
86
114
93
74
124
106
83
135
75
86
92
74
121
74
102
108
100
97
77
85
138
130
102
138
118
132
138
112
117
70
128
100
133
128
119
83
87
85
70
99
124
120
139
112
134
108
85
96
133
110
111
79
94
76
84
117
92
117
113
102
110
104
80
78
121
80
93
133
109
123
129
126
88
126
99
83
130
127
105
112
132
87
95
93
105
119
95
133
78
98
92
112
99
132
80
139
121
138
90
71
117
116
124
138
118
103
81
107
132
75
110
119
130
138
85
122
88
121
93
102
92
77
108
120
72
130
121
112
138
125
76
131
138
110
99
131
78
137
98
80
127
138
120
94
83
94
135
112
134
76
122
119
85
119
101
99
87
121
125
81
93
128
81
111
108
101
97
127
106
114
135
106
127
134
82
83
91
108
90
78
109
72
72
84
135
132
121
123
113
84
98
120
105
72
87
127
116
101
137
132
97
78
134
133
128
130
111
86
100
99
73
138
101
130
124
116
130
134
104
79
76
134
99
119
79
77
133
89
72
100
92
128
76
86
101
105
117
114
108
96
90
111
118
125
86
115
83
95
103
115
97
108
109
72
132
92
103
104
119
128
111
120
101
107
72
137
104
77
135
133
99
124
113
72
133
79
72
97
77
105
92
115
93
77
132
119
83
114
139
125
115
120
139
130
86
76
81
135
101
92
86
101
86
108
118
81
132
71
130
116
138
129
74
75
139
125
82
76
139
113
80
92
74
102
116
91
125
104
137
81
102
88
92
98
93
72
128
88
94
117
82
118
81
84
128
126
71
117
91
79
112
130
137
84
81
96
90
118
136
86
89
71
96
100
72
125
95
123
114
104
74
72
114
87
77
82
126
120
93
85
132
90
124
128
137
114
93
97
88
106
86
99
126
136
93
133
94
118
133
94
137
103
90
71
85
95
75
136
132
114
76
109
130
96
90
73
72
132
119
116
90
130
72
108
134
116
125
99
132
111
131
124
78
84
119
105
117
79
126
78
137
123
85
82
116
96
83
109
90
73
132
73
120
139
87
97
95
131
73
128
113
88
71
113
133
139
107
85
70
107
123
125
136
126
89
72
70
97
117
79
122
86
109
82
139
112
139
76
79
112
128
75
134
106
114
117
130
100
94
130
100
80
138
110
109
111
74
92
70
100
106
131
85
133
90
96
99
134
87
105
100
97
75
134
104
75
115
132
110
123
88
82
98
113
115
123
79
82
137
114
82
100
109
138
88
110
93
117
121
99
98
115
97
126
73
73
109
71
91
101
137
134
125
96
122
120
124
99
78
126
126
83
76
75
115
108
122
75
124
103
97
138
113
71
128
108
118
97
104
119
105
96
116
135
111
83
81
112
117
136
123
85
96
84
121
110
98
135
118
138
78
85
74
72
138
131
101
137
120
103
121
90
116
123
112
74
112
107
75
108
127
123
112
112
115
125
101
91
139
126
114
84
114
81
124
115
119
125
81
106
110
85
136
75
126
112
135
108
109
116
114
72
74
121
103
128
129
131
137
88
96
71
139
110
115
125
91
106
71
105
119
134
87
70
115
92
102
105
130
130
130
86
133
82
76
123
89
105
109
79
71
76
82
135
99
122
110
132
137
117
70
86
86
123
81
119
127
133
121
134
78
119
108
87
75
138
106
98
116
104
75
108
119
108
93
86
108
73
112
93
106
124
94
93
72
105
73
89
116
113
133
83
121
137
72
114
78
78
105
87
112
75
70
98
83
112
79
128
100
138
133
79
137
102
118
89
127
95
100
92
114
113
94
107
111
128
104
121
85
97
74
134
138
97
93
135
94
137
81
93
134
122
97
119
118
98
97
90
101
132
120
122
137
139
70
98
117
119
103
113
104
132
76
98
81
112
77
136
77
77
134
130
136
112
84
118
84
131
129
107
74
113
100
135
133
110
87
127
96
122
95
133
82
86
115
77
72
88
138
101
126
106
138
100
87
129
90
84
84
134
131
85
100
84
97
129
119
113
81
77
117
127
88
133
126
135
74
101
87
126
83
78
136
99
82
129
75
122
115
131
111
90
72
92
117
90
79
92
74
116
104
113
87
131
120
118
123
129
102
71
73
116
83
73
82
89
130
117
105
97
89
112
136
124
104
93
118
123
92
121
131
118
133
135
83
105
122
126
74
97
124
136
121
