1050
70
100
108
98
71
126
105
116
99
135
105
90
111
78
112
119
75
101
88
117
89
139
110
117
130
87
115
93
104
130
81
119
138
113
135
134
71
101
116
107
104
77
82
74
130
138
105
109
81
80
106
85
79
131
83
112
136
134
119
117
110
73
111
119
104
118
108
115
74
96
76
124
94
87
83
85
77
98
94
77
111
121
112
112
87
106
128
139
105
71
93
108
123
96
96
91
98
84
95
87
88
99
98
131
83
135
102
101
102
94
94
139
80
123
87
78
108
138
110
81
128
138
138
129
104
135
70
71
88
139
76
136
74
136
115
139
83
138
82
87
102
96
120
72
80
124
88
111
125
131
83
118
125
107
97
82
82
113
77
139
110
111
97
77
118
95
106
80
90
99
138
117
129
76
89
122
100
87
70
137
126
138
119
137
80
100
133
81
138
105
136
134
111
124
133
135
119
81
126
92
122
80
74
93
137
99
99
90
107
131
87
84
99
71
137
106
89
88
73
89
108
85
116
114
116
73
90
131
71
79
98
139
120
126
91
78
139
99
136
119
107
87
74
86
95
125
109
91
102
136
101
79
124
131
132
105
94
133
90
133
90
124
111
123
74
114
106
70
84
104
100
101
80
75
113
118
91
123
124
104
88
88
123
112
97
105
133
105
107
99
93
73
82
121
83
131
96
88
86
121
124
139
76
111
119
92
130
137
84
128
133
86
101
126
100
83
136
91
129
114
81
139
72
91
137
99
93
112
113
102
120
102
78
72
94
108
99
124
70
101
117
75
109
117
133
118
88
124
120
71
97
121
125
82
88
130
109
127
76
105
117
71
78
139
88
89
86
114
111
83
94
104
74
83
123
105
100
132
83
104
134
99
116
74
111
126
118
131
108
134
139
76
81
111
107
139
112
110
83
136
118
70
125
125
129
121
137
137
72
123
86
119
139
99
132
84
120
98
122
138
70
134
81
137
118
92
77
139
102
89
102
121
121
107
120
101
73
88
134
79
107
99
70
80
119
95
86
81
105
102
82
123
94
75
116
86
109
92
101
104
126
127
70
71
129
125
112
109
75
103
107
139
120
79
100
126
114
70
90
125
139
125
131
94
103
117
109
105
106
137
100
81
134
128
74
139
109
83
134
121
138
136
75
89
103
119
128
89
84
108
106
111
103
72
116
99
106
116
108
128
124
106
70
108
77
71
92
123
138
103
105
117
138
136
99
120
115
92
74
93
92
121
93
138
130
70
115
93
117
75
88
135
133
85
72
76
126
127
79
98
77
138
74
74
84
96
78
96
79
109
130
100
130
85
91
139
102
78
117
70
98
139
73
126
108
102
110
83
88
77
129
85
70
134
100
134
137
104
80
99
87
113
85
127
116
109
83
88
107
103
95
133
135
71
138
132
105
132
111
87
94
99
130
85
103
87
121
136
87
76
102
80
108
131
139
126
86
109
72
121
93
87
92
90
104
83
104
70
139
109
105
106
93
94
134
95
79
132
105
98
101
121
81
116
99
119
129
129
97
75
110
109
85
81
123
95
71
88
133
114
79
103
112
135
129
98
77
100
107
118
136
115
126
108
80
105
137
125
114
104
98
137
118
107
70
112
127
138
127
79
79
136
100
104
92
103
127
89
92
139
95
107
78
81
123
113
138
87
115
74
80
110
94
77
94
84
125
125
107
74
93
96
138
136
99
136
136
138
94
86
113
89
83
75
78
74
80
97
120
120
85
125
83
130
85
100
87
93
136
120
108
80
101
107
77
106
132
77
70
76
127
70
88
139
96
108
81
91
113
86
101
95
106
116
93
80
130
119
108
72
115
124
126
99
136
121
84
125
120
136
83
118
136
79
135
108
84
96
132
96
81
79
138
108
70
125
82
85
96
94
106
118
87
91
97
107
77
124
113
116
112
92
116
92
118
126
96
83
97
101
73
124
114
101
104
70
119
73
70
125
120
81
119
108
137
105
123
88
97
99
90
111
117
71
132
97
104
126
75
91
109
88
133
128
110
115
101
76
119
133
100
80
128
120
72
73
93
71
77
115
94
116
79
96
134
103
111
139
70
137
86
123
72
93
134
110
91
88
106
114
106
87
110
117
112
111
74
97
71
112
112
106
124
125
131
98
77
78
139
135
70
126
103
96
126
120
71
106
105
113
109
95
87
88
93
75
112
89
76
82
94
122
90
70
117
119
80
105
138
130
136
80
112
118
103
103
117
121
80
135
115
109
98
72
104
74
80
132
74
70
113
124
130
94
133
139
77
105
123
121
108
82
85
72
85
117
117
116
105
90
112
107
104
87
106
123
138
134
120
72
123
107
85
135
100
81
125
122
89
112
97
91
112
100
86
100
100
122
81
108
94
82
102
98
129
115
131
138
79
104
115
