240
80
110
108
137
138
125
111
148
104
132
149
94
159
105
93
127
100
114
121
137
96
91
80
111
142
98
151
109
111
142
89
84
97
109
154
102
114
135
153
129
85
134
153
159
101
141
81
143
100
85
116
112
131
115
111
92
92
136
115
136
94
83
116
102
113
119
112
142
80
153
143
154
152
130
125
100
140
84
151
117
146
126
107
81
86
145
102
92
150
98
157
87
137
124
148
157
153
92
147
95
131
95
155
136
95
140
125
154
149
101
121
156
132
93
153
128
128
153
84
135
124
128
134
89
108
128
158
88
96
135
108
157
159
125
81
140
152
127
120
158
117
95
159
90
124
101
122
82
109
93
105
93
149
96
99
101
116
156
155
117
139
119
116
108
111
106
82
101
121
111
155
139
146
95
125
122
148
151
112
93
137
110
96
100
104
134
87
144
134
140
132
119
147
141
84
109
99
127
105
102
105
82
149
114
124
139
114
148
99
129
96
146
153
152
127
140
146
113
116
125
132
142
145
93
132
130
145
133
88
137
158
122
83
111
139
155
100
121
124
143
112
