300
20
42
43
54
53
35
77
51
51
95
9
11
76
73
57
78
22
9
67
29
35
75
20
37
16
7
27
27
84
51
90
25
66
77
79
29
21
74
70
100
47
66
17
65
5
17
35
17
64
15
75
62
74
36
15
3
52
4
52
8
62
85
42
62
29
68
92
9
76
32
74
22
88
63
95
36
24
27
38
34
67
54
93
52
90
99
51
11
30
88
28
17
58
25
20
31
30
54
32
69
29
83
65
94
93
68
64
73
36
60
8
47
73
41
93
37
45
31
100
71
45
2
23
14
65
12
31
52
21
16
79
94
98
2
78
78
2
55
80
41
47
7
96
42
39
79
2
39
60
57
51
99
90
55
96
37
94
72
24
90
88
8
26
83
79
49
93
83
66
93
16
28
44
76
80
10
79
98
97
27
36
40
32
87
17
63
76
80
71
91
55
17
91
7
43
50
54
85
34
97
55
87
31
5
83
50
88
13
53
59
88
16
7
13
54
34
85
96
29
71
56
93
47
54
64
14
7
100
50
97
57
100
33
24
63
46
33
47
48
33
98
4
36
24
39
41
56
8
14
80
26
57
9
2
68
44
91
48
1
20
5
78
68
27
53
22
34
59
4
68
60
73
56
7
74
2
4
21
34
69
53
95
100
50
72
52
56
94
16
12
100
33
61
99
88
71
81
42
85
54
18
