900
90
169
41
111
70
114
4
39
51
71
11
157
150
136
14
122
164
129
18
17
163
14
42
157
69
76
34
103
141
155
106
19
30
81
128
4
132
63
163
74
64
138
129
98
14
154
92
120
101
71
177
82
162
11
40
134
54
24
130
30
174
82
33
25
58
57
163
14
54
129
48
128
162
156
77
47
127
95
175
60
83
10
155
115
81
105
33
89
138
151
162
71
46
71
167
105
4
147
72
118
119
131
91
55
66
179
96
90
42
57
122
122
59
66
121
168
29
123
42
46
132
161
116
33
137
41
153
2
144
149
127
55
168
37
109
146
106
18
155
150
91
127
102
94
173
155
58
23
164
138
40
127
38
47
76
27
2
163
27
161
108
83
178
125
167
83
16
132
128
81
141
132
165
103
109
30
42
159
71
144
170
114
69
136
66
3
175
50
6
24
75
109
34
145
120
172
152
153
77
154
94
36
93
21
19
16
99
175
129
31
58
80
124
163
167
5
157
78
170
83
117
153
107
24
125
162
128
64
166
58
167
123
58
102
100
81
89
24
42
26
83
174
44
109
78
32
91
91
132
73
29
91
88
39
166
22
97
30
127
127
59
57
124
158
151
118
72
13
68
18
124
165
12
54
97
87
81
76
98
55
155
4
121
47
114
12
61
1
13
149
33
131
61
136
94
123
92
166
16
116
173
156
18
155
10
83
126
141
41
34
29
66
16
175
176
39
170
148
112
96
21
84
84
162
113
62
144
76
108
133
106
66
59
63
50
38
26
52
113
115
160
51
81
47
109
49
24
115
101
29
60
155
138
29
8
157
159
166
52
145
127
55
100
5
99
120
87
40
160
116
79
73
97
118
10
5
29
115
17
109
15
125
122
157
92
126
133
97
79
140
35
71
116
164
84
124
56
160
61
57
8
174
103
63
117
27
150
69
44
58
170
52
177
144
144
9
92
150
110
111
3
157
131
22
166
86
128
6
130
95
162
153
89
21
149
25
78
45
17
11
154
14
66
142
100
101
82
74
156
24
44
178
175
147
27
62
173
107
165
82
26
89
40
6
179
84
159
144
108
136
51
96
142
168
154
178
134
125
25
5
61
108
138
132
113
53
95
50
80
6
135
33
39
156
4
83
18
80
126
106
121
30
115
124
24
120
93
88
165
6
114
44
67
91
178
126
175
116
27
16
114
179
63
67
94
61
112
100
126
112
82
171
170
49
139
154
75
156
22
98
101
47
50
46
169
37
43
140
171
143
94
85
101
82
92
94
162
83
24
144
39
112
173
41
50
142
53
73
17
54
101
60
17
119
25
136
102
69
9
55
170
148
25
111
120
143
66
39
19
110
117
161
26
43
103
25
27
80
72
26
177
93
87
117
121
110
140
64
23
160
89
111
14
163
52
53
80
21
160
60
138
130
169
13
43
88
168
125
171
136
151
21
131
153
48
42
174
154
106
57
1
1
59
21
41
43
173
73
29
162
24
51
86
113
169
177
149
152
177
10
4
86
36
114
152
176
61
86
135
75
90
85
141
108
121
22
26
135
172
143
63
13
128
105
8
126
113
9
91
145
84
75
17
35
53
90
50
46
13
30
12
142
42
94
101
19
102
51
94
29
82
108
104
109
36
79
101
132
55
78
145
116
117
22
36
107
70
113
175
14
40
132
130
81
58
38
53
152
81
93
148
171
6
77
34
84
115
78
98
9
17
122
73
88
110
117
157
130
175
166
115
25
25
73
71
170
109
104
102
115
133
16
94
172
105
99
11
98
96
158
36
132
40
163
96
159
73
99
139
11
122
5
163
93
73
103
86
148
112
144
160
34
25
60
17
67
127
45
50
112
74
124
47
42
124
82
142
83
38
66
83
70
102
125
173
110
107
107
41
4
100
176
41
59
158
109
56
43
158
14
29
83
120
118
75
143
163
8
21
75
156
35
34
115
93
119
17
134
132
4
149
71
61
89
159
43
113
27
164
21
175
102
148
146
102
64
110
99
171
133
31
71
3
61
106
176
50
171
41
14
59
105
96
146
120
40
51
2
58
13
13
