200
40
949
1796
286
178
207
216
1087
1074
457
1632
1241
886
1100
816
360
1919
703
1744
1763
1475
1554
560
1965
1001
1075
446
469
1739
419
90
347
1713
219
1805
1584
55
1217
500
1616
1904
1735
359
207
60
23
1875
1105
1361
1825
1068
541
767
649
1561
1850
575
1229
393
1220
793
880
1427
1849
926
100
583
323
1921
56
1949
52
448
1620
699
1388
1505
158
391
1389
1957
308
468
273
623
595
1866
459
65
94
1772
1637
1825
1645
59
1511
898
910
1848
1164
1952
1382
457
711
991
1346
1565
1500
1170
936
450
1341
515
1183
78
1743
859
1850
1167
576
491
1915
2
710
1602
249
255
1127
395
201
1193
980
1238
656
35
877
1823
1823
1585
20
630
1353
436
1766
72
1686
1450
1671
1734
1190
581
1203
856
100
1458
1809
408
851
1171
1888
1535
605
633
1764
270
907
1163
1814
785
935
1758
1439
1876
1760
556
281
773
481
617
899
1537
1621
1987
292
517
946
1010
9
576
736
331
1115
287
1748
1098
865
1611
1348
1563
161
66
