900
90
118
149
110
119
100
119
123
152
126
169
116
124
126
114
113
168
171
178
108
107
174
102
138
132
173
138
135
117
93
108
98
130
143
139
137
144
130
102
146
143
169
139
123
150
141
112
129
107
174
107
141
111
100
179
100
140
168
137
148
124
112
140
173
162
156
177
177
108
111
111
119
121
91
112
150
91
123
105
127
167
102
167
170
145
102
149
122
155
154
100
133
136
134
175
96
96
97
142
139
141
114
153
129
102
154
120
92
102
114
97
90
110
99
158
174
171
113
157
140
149
90
172
129
163
163
152
110
170
153
124
176
123
142
163
164
102
155
99
99
124
149
118
90
106
140
118
92
96
124
93
152
98
116
160
177
90
117
177
134
163
102
118
175
98
117
100
153
172
92
147
131
121
138
120
172
101
156
112
165
101
137
162
159
108
115
105
113
127
119
143
170
140
94
93
179
160
126
140
100
149
142
94
146
129
162
122
110
145
109
147
154
143
96
116
148
114
123
165
172
179
164
178
150
156
98
135
133
144
100
133
133
95
145
136
154
170
125
91
123
119
174
104
141
154
167
130
105
126
92
95
102
120
162
136
157
171
158
171
107
123
153
156
123
104
119
94
142
107
151
135
131
146
179
109
90
118
177
179
136
140
137
109
121
125
162
178
139
127
139
159
93
116
132
178
179
172
123
155
137
92
147
164
154
160
162
97
172
156
146
158
161
137
155
129
120
134
173
128
179
169
135
110
113
179
150
101
148
130
126
162
160
149
167
151
151
122
150
97
162
105
175
148
133
171
153
158
120
137
96
125
129
152
145
92
127
160
147
142
176
116
146
123
97
98
105
118
142
121
112
117
145
113
137
93
166
109
92
115
147
90
133
155
115
107
91
161
164
143
91
161
132
157
157
174
97
96
116
115
152
122
159
100
123
96
117
97
115
144
126
165
101
125
159
95
120
167
122
120
168
139
160
116
171
171
165
101
163
162
95
117
155
114
141
137
168
145
136
131
132
164
110
146
98
98
170
178
160
120
120
108
175
178
91
119
103
155
161
179
105
150
138
140
145
154
117
100
100
117
131
127
170
159
139
150
94
100
156
161
142
137
114
155
141
123
158
128
132
160
176
171
124
135
97
125
167
145
133
111
113
148
100
100
164
121
160
96
157
167
129
125
177
142
174
151
90
125
146
140
104
94
132
90
148
174
107
137
103
102
131
149
154
165
92
94
130
138
153
97
178
138
162
94
159
131
159
103
153
109
105
136
136
138
144
139
135
129
140
158
107
130
160
167
170
177
144
110
154
127
177
129
105
92
126
162
134
150
137
97
155
131
131
149
130
128
123
115
135
136
133
132
137
122
144
131
158
90
155
120
152
178
148
167
133
122
146
172
131
110
177
149
132
127
91
175
132
168
125
133
98
113
150
105
133
93
110
171
144
91
121
101
134
133
172
96
135
120
127
98
170
165
140
166
102
109
143
163
109
135
159
102
126
137
101
152
97
167
114
126
100
129
123
165
136
122
159
118
173
140
108
161
162
175
145
152
104
114
105
138
179
154
133
113
109
129
142
146
148
153
100
155
176
117
162
126
139
114
109
92
140
101
141
116
160
107
160
91
164
163
110
158
108
117
163
121
172
97
168
96
139
169
103
135
152
110
159
91
94
109
140
156
126
137
106
148
175
95
173
167
115
104
155
104
146
134
122
169
154
97
104
129
129
122
93
176
158
149
142
128
171
101
98
107
167
141
116
147
92
165
131
138
158
174
166
103
113
91
179
102
125
100
115
153
105
159
130
120
118
177
178
101
149
114
106
130
161
119
166
155
161
134
166
116
142
162
165
121
164
111
176
144
109
173
107
90
175
153
116
124
145
173
103
98
98
100
169
106
157
142
134
114
162
119
103
163
122
166
131
143
109
115
170
128
171
157
101
139
172
160
101
140
173
108
124
130
158
168
135
126
172
142
160
148
142
127
143
166
115
129
144
130
147
146
95
94
173
155
116
178
162
97
157
130
95
173
133
100
97
172
144
146
167
139
175
168
166
141
118
147
157
105
