400
40
38
33
7
19
6
52
58
55
33
49
56
9
34
11
43
75
73
62
51
76
40
77
51
78
62
21
4
24
51
19
54
68
36
16
22
53
28
38
38
65
3
79
54
43
43
24
38
14
47
31
68
61
23
63
17
37
26
4
30
10
33
15
69
63
36
41
67
60
13
38
75
33
37
25
40
44
39
65
41
13
75
22
34
70
52
40
57
68
64
2
39
47
1
6
2
53
53
18
39
37
27
51
21
65
25
53
24
79
40
28
32
40
78
12
38
10
4
78
6
5
29
51
57
34
63
25
1
51
35
42
34
6
69
79
79
47
50
27
29
19
56
55
35
52
77
32
78
56
22
55
57
43
12
37
45
72
30
58
2
59
13
43
56
57
27
38
68
54
66
11
6
28
69
40
68
7
39
43
53
3
50
3
9
79
18
65
53
37
79
37
69
58
5
69
75
46
77
34
56
23
73
68
59
19
32
32
21
69
18
58
34
40
75
23
41
65
61
19
15
5
71
67
45
64
42
13
19
18
31
74
28
59
46
17
17
24
3
63
31
26
23
74
7
72
50
34
64
41
40
2
1
76
64
17
15
38
2
59
53
17
27
20
4
77
54
44
73
75
67
73
38
9
15
14
60
25
13
72
68
14
49
11
22
69
14
20
68
31
2
47
5
11
29
77
47
71
59
75
40
61
65
48
2
60
55
61
40
24
63
1
35
29
79
55
26
51
18
36
44
75
11
68
19
76
50
40
52
78
20
31
42
57
69
76
15
9
4
79
45
56
10
46
44
42
74
22
49
47
55
38
25
31
65
11
57
19
12
25
18
60
31
29
42
32
14
57
78
63
49
56
17
11
3
41
45
33
3
61
51
38
29
21
53
60
77
54
56
75
37
69
33
8
42
13
60
38
54
58
58
27
