600
40
69
71
63
44
79
62
58
40
78
76
63
66
46
45
46
40
57
48
51
71
64
59
70
61
60
47
53
79
68
75
64
43
47
40
46
58
43
64
72
47
40
47
47
65
57
61
76
46
48
49
52
66
61
71
70
45
46
68
76
78
42
45
44
67
71
64
61
73
61
59
51
61
61
40
54
60
41
60
45
45
56
52
46
44
78
74
58
66
60
66
43
44
78
70
65
48
74
72
73
47
69
62
41
70
59
55
53
51
56
58
42
46
43
65
61
79
76
70
66
60
61
56
40
76
49
40
45
47
59
76
54
56
62
57
53
40
47
75
54
45
75
78
59
69
41
76
42
56
78
58
49
44
50
57
74
74
57
56
75
54
53
69
53
46
67
58
53
55
77
79
53
66
47
41
50
46
77
72
54
43
76
75
47
56
73
49
77
68
78
61
78
56
44
57
71
62
76
79
44
43
56
74
76
54
77
47
65
73
62
60
67
50
56
65
54
43
50
40
48
50
72
42
65
52
46
50
63
46
76
44
47
55
72
78
47
64
56
71
53
56
73
44
59
70
75
77
59
71
44
79
67
74
67
64
48
62
44
62
78
70
75
51
41
42
43
45
60
57
55
50
48
65
71
78
75
71
48
61
61
78
74
70
41
65
57
57
43
68
53
77
76
56
56
67
49
47
42
49
76
65
48
47
48
78
55
46
57
42
55
52
51
57
66
68
44
69
57
75
72
63
43
43
73
56
53
71
60
69
55
64
63
44
59
43
56
40
52
69
56
55
58
72
79
41
42
41
54
62
41
67
40
59
79
78
52
65
72
41
79
49
48
50
64
78
72
44
62
60
59
49
51
57
76
79
58
57
42
56
70
77
51
59
73
58
71
57
44
69
50
66
40
62
76
71
74
68
65
60
65
78
45
60
50
67
44
70
58
50
58
41
60
55
62
49
52
79
73
77
78
76
77
41
54
64
69
74
73
75
60
42
70
77
54
45
55
78
68
64
67
79
73
69
57
70
53
52
68
48
63
42
49
77
44
42
42
76
63
67
74
74
45
52
57
79
40
63
64
51
57
56
55
61
61
74
44
79
50
42
78
47
47
56
71
58
55
58
59
64
79
46
43
55
41
40
44
65
77
73
77
70
75
40
41
63
64
59
72
78
58
40
42
53
44
66
66
61
60
68
73
71
60
56
47
78
60
64
63
59
74
61
61
55
59
56
79
62
60
47
70
77
61
78
46
77
48
43
61
50
50
65
44
70
46
66
41
59
49
61
46
68
62
67
72
60
66
54
71
67
72
46
62
65
68
79
47
49
43
75
59
68
52
53
70
62
77
49
48
75
57
48
43
72
62
43
69
67
70
51
68
73
