150
30
79
918
1117
389
101
1420
1412
1268
221
70
868
970
1003
436
634
38
753
499
508
1040
473
1488
1403
885
443
761
275
1242
934
1488
466
1355
1189
1179
1458
906
1006
800
729
319
178
936
757
417
1246
256
1343
973
803
993
1394
798
1278
90
325
1084
669
672
850
821
807
707
115
577
259
429
1257
1258
588
219
905
81
749
266
1387
1438
1076
661
1303
1039
1323
149
344
851
797
1392
934
246
652
223
863
972
381
587
315
917
1278
492
1491
314
375
508
284
39
988
106
849
520
295
942
146
505
515
170
196
581
499
1409
1201
651
991
1495
1300
272
574
903
1008
666
1108
889
3
807
198
312
1004
1365
294
411
115
468
686
993
1033
112
807
505
214
203
1295
1100
