450
30
73
95
36
16
18
66
35
25
49
74
71
88
75
75
97
49
75
60
66
49
35
86
28
74
45
21
28
55
48
9
87
50
66
83
65
80
22
41
13
45
58
44
60
34
1
65
59
38
2
76
84
90
9
25
88
36
87
37
54
67
62
87
2
100
22
1
13
54
6
48
24
39
85
52
20
33
50
85
81
35
42
97
84
93
45
13
45
57
41
78
38
97
94
42
43
52
67
38
45
81
20
15
65
57
73
57
56
36
87
32
77
60
16
4
52
97
93
42
66
70
99
90
79
65
7
28
2
95
36
99
83
7
33
98
86
47
45
90
12
5
68
30
14
95
96
12
90
88
29
87
57
43
62
90
90
87
13
19
56
95
13
68
42
98
44
17
58
92
79
73
53
32
43
83
85
36
26
22
32
45
72
44
1
14
84
75
7
12
29
13
84
41
73
53
33
75
65
77
19
12
35
14
34
31
24
22
32
67
80
91
34
81
23
57
2
16
58
19
48
25
53
70
15
1
7
95
13
9
33
14
38
34
58
85
80
33
51
60
28
86
53
45
75
56
53
13
29
6
20
37
24
13
65
52
7
41
24
35
95
87
51
64
82
83
60
27
52
44
35
62
31
38
69
46
33
76
24
82
27
20
67
9
9
64
87
33
29
61
33
51
17
38
17
71
9
75
19
64
74
27
41
85
21
10
37
58
3
74
91
69
50
38
19
68
69
51
16
81
48
82
51
95
50
27
4
20
66
62
14
97
19
76
70
4
62
47
55
83
32
65
82
19
81
98
28
72
22
92
25
75
96
100
3
56
40
55
11
30
31
55
25
98
29
77
81
54
21
55
24
72
6
61
97
88
11
76
26
39
29
28
82
67
84
57
55
78
82
50
20
29
57
73
100
94
23
99
2
13
70
5
12
29
83
39
95
5
74
45
98
95
2
9
6
32
49
56
52
89
51
45
5
85
30
78
87
70
52
26
63
48
15
67
37
20
35
99
8
18
43
25
35
71
27
2
1
4
37
6
88
77
