900
60
101
100
99
72
77
119
95
109
106
84
82
100
103
106
66
113
82
68
91
63
71
110
66
77
86
104
74
116
97
85
78
78
69
102
91
86
104
96
113
80
119
117
82
87
95
112
61
60
108
103
100
91
71
62
67
74
106
109
72
75
90
86
74
63
75
85
114
112
82
107
80
68
90
119
102
83
87
105
70
99
104
117
69
65
101
63
103
99
73
118
83
118
96
88
74
118
64
101
108
86
87
110
75
114
119
92
70
115
92
108
86
74
91
98
77
73
65
82
75
114
76
97
94
83
100
64
97
79
72
92
81
96
100
61
119
60
93
118
101
95
116
83
77
91
81
64
113
69
85
61
111
98
117
63
90
108
81
73
65
114
72
76
87
79
70
88
94
116
115
79
66
86
100
60
114
74
85
95
87
93
93
71
118
74
85
81
107
74
99
114
68
88
113
86
107
78
76
72
110
98
119
80
81
60
65
82
107
93
104
67
93
63
72
93
96
89
79
86
110
105
81
80
95
99
95
71
89
72
116
67
113
83
114
60
109
113
72
72
100
70
78
62
79
101
80
108
64
83
80
103
92
94
106
74
86
101
63
105
85
63
96
93
92
105
65
74
80
116
80
60
88
86
78
75
60
65
94
98
75
116
84
61
74
101
61
71
110
89
92
115
116
104
107
83
118
115
117
93
63
98
99
116
88
66
104
61
65
72
74
103
78
115
63
78
107
70
68
76
86
80
95
108
84
81
112
93
77
84
92
60
84
100
93
78
98
111
60
113
91
62
92
79
101
109
70
92
61
114
79
85
89
79
101
91
102
80
61
82
91
87
114
66
106
61
101
85
70
104
93
69
75
82
61
83
105
62
98
98
102
99
104
111
89
66
84
110
81
90
87
85
104
95
105
61
86
84
73
119
115
63
73
61
74
79
81
79
98
82
61
115
115
105
89
107
80
105
71
86
78
105
108
64
116
88
115
99
99
109
98
80
106
89
117
98
89
68
118
90
93
88
109
71
91
116
73
66
66
77
92
76
92
97
89
77
110
102
62
86
117
111
80
102
81
77
83
89
92
75
61
63
119
64
88
70
88
97
103
84
88
117
60
87
86
99
73
118
113
77
107
65
106
102
104
105
60
104
93
118
109
79
71
65
77
81
106
93
84
119
72
95
119
106
109
90
92
73
110
61
87
62
109
71
98
97
89
110
82
80
111
102
64
105
113
111
82
108
97
82
101
76
117
73
89
111
65
91
60
79
106
118
76
86
90
79
61
106
74
88
89
88
109
64
98
76
66
96
104
106
113
88
64
65
108
112
63
117
78
92
62
73
90
113
96
105
107
111
103
94
113
113
115
63
83
119
105
101
81
109
75
118
119
114
119
77
71
70
74
70
93
65
106
102
112
118
87
112
97
82
111
60
74
73
118
67
69
94
102
80
69
61
116
72
113
83
114
87
99
88
88
70
98
105
92
117
91
60
102
99
109
78
94
69
69
110
97
64
105
81
100
62
113
66
76
69
116
88
117
102
64
117
113
70
76
95
77
87
83
98
111
108
97
100
78
80
94
63
112
95
79
85
104
74
72
78
60
75
83
73
102
83
76
113
90
68
105
93
108
81
106
68
109
86
106
117
77
64
72
109
90
110
94
60
84
81
111
94
109
90
72
79
115
86
117
83
70
102
108
110
71
99
69
72
99
78
80
72
64
81
96
90
110
78
116
90
112
101
88
99
103
99
67
88
118
86
64
116
100
73
115
116
66
110
118
119
94
112
108
61
85
65
118
81
105
93
99
64
82
80
81
79
101
60
116
65
107
117
88
74
92
75
97
69
111
89
74
108
60
77
70
112
74
102
95
68
113
96
109
108
67
92
80
118
118
97
93
65
99
118
60
102
80
70
116
82
112
84
115
61
97
116
103
107
79
65
83
101
70
109
105
105
61
61
74
97
63
73
68
116
80
90
104
90
113
76
100
72
73
70
94
109
105
77
95
64
106
103
102
99
98
75
86
96
86
73
75
115
90
83
111
96
88
116
60
111
117
69
77
114
63
61
