1000
100
94
83
51
13
37
74
95
56
60
90
59
12
83
69
43
82
71
34
78
42
8
67
94
100
74
76
82
69
77
41
1
41
42
70
13
51
37
9
83
87
60
81
43
69
66
40
28
68
62
5
25
88
22
97
11
95
9
89
70
3
7
68
67
80
46
77
42
42
37
9
21
95
99
5
35
64
60
70
28
63
82
95
8
19
5
97
14
7
22
61
50
98
61
14
3
54
28
15
82
63
64
72
26
100
85
55
88
77
76
22
13
7
31
5
84
55
93
23
79
51
7
8
72
85
17
13
50
73
50
33
80
37
35
89
87
90
78
86
85
13
56
96
73
91
90
18
63
80
14
65
58
81
81
75
32
12
53
32
68
49
1
63
92
63
49
2
14
56
100
36
75
48
47
78
83
4
62
95
5
95
25
35
59
86
54
92
72
95
68
37
62
10
9
97
83
68
53
9
93
55
83
83
95
20
69
23
85
98
91
28
40
10
8
70
99
59
90
98
41
56
44
50
15
93
71
89
75
49
29
65
70
86
39
14
14
38
87
8
25
37
93
18
50
78
15
74
100
83
35
6
77
22
26
22
95
66
59
58
29
78
76
75
33
30
73
12
74
100
46
44
55
52
84
30
43
38
33
51
25
86
70
91
52
81
1
26
19
64
96
57
67
75
49
18
81
78
96
69
40
95
47
21
71
84
21
34
91
78
80
66
32
32
80
22
66
74
1
21
82
25
24
77
68
67
15
51
67
78
94
7
65
90
97
100
59
33
1
11
56
4
46
81
19
32
95
44
86
83
25
43
38
30
33
44
88
79
40
26
1
23
35
13
53
26
9
64
8
24
16
14
82
11
11
93
23
44
10
12
7
55
85
55
4
37
84
76
4
22
38
13
60
83
90
37
13
20
53
80
39
28
17
40
92
52
47
10
23
38
54
93
83
41
2
62
2
65
40
38
39
11
77
40
94
93
25
18
70
35
17
39
78
67
34
49
65
10
72
10
56
89
34
50
98
33
55
78
23
46
69
50
73
7
34
64
76
21
47
96
33
2
75
77
47
95
82
42
59
28
62
63
37
8
89
58
24
17
90
85
5
46
28
66
21
82
12
94
43
7
12
8
1
71
85
45
30
92
47
25
84
62
26
41
45
5
20
82
41
83
36
66
53
12
88
94
61
90
60
55
49
34
50
24
28
50
25
45
29
19
66
23
51
43
98
80
26
62
31
90
67
24
34
52
85
57
68
29
78
8
93
80
93
97
52
25
72
40
31
84
46
33
87
81
44
21
28
22
61
2
16
94
58
54
26
27
80
71
70
9
55
20
24
33
49
55
100
89
46
83
16
63
69
16
8
83
29
25
58
75
63
22
20
12
21
60
81
1
64
50
13
30
87
31
60
27
69
54
50
23
72
78
62
11
38
33
89
87
42
93
100
70
64
14
69
59
86
14
91
51
82
45
99
56
64
33
12
76
6
81
82
11
32
30
68
32
85
87
91
78
58
70
94
6
93
46
9
68
76
39
12
2
37
26
44
57
37
80
75
99
46
1
30
46
20
56
100
15
53
53
44
94
86
32
44
75
64
22
30
6
30
90
47
63
25
23
11
9
58
99
32
74
92
85
38
91
5
56
2
97
19
13
81
66
86
83
16
66
50
21
64
38
54
93
24
73
15
64
9
55
6
9
89
7
8
92
14
5
21
98
49
62
24
44
53
75
29
87
76
56
33
56
79
90
34
2
65
71
68
28
79
62
99
15
95
51
11
77
85
100
8
72
18
78
24
41
23
34
62
87
25
87
82
68
68
13
9
2
27
80
7
79
58
17
47
84
16
14
7
48
24
1
48
50
51
18
23
24
26
26
94
96
59
31
29
4
68
61
81
78
5
78
56
30
74
66
34
91
98
5
12
56
43
39
29
6
18
95
14
61
6
3
43
58
37
90
45
2
91
99
23
78
76
13
40
68
94
22
30
55
42
19
63
66
21
28
88
87
83
61
14
2
54
69
49
65
24
70
55
8
1
25
6
64
8
21
15
75
67
8
18
87
87
82
9
18
40
41
41
48
46
77
69
7
88
39
22
85
5
9
4
68
53
16
71
71
100
9
51
43
32
29
6
71
54
42
55
93
88
97
82
2
46
38
82
43
11
88
76
74
76
23
9
13
67
54
87
9
43
97
83
9
85
75
62
93
11
61
34
79
55
77
48
31
91
53
60
63
46
83
55
84
38
54
18
75
16
69
83
70
38
45
9
88
25
50
94
34
80
58
4
42
