400
80
2287
3839
1768
1825
1138
1821
1787
53
2957
855
1702
3472
3893
2864
1986
107
2254
3744
1106
3898
2056
1243
3117
1497
2195
2808
1335
3166
2430
2786
2330
1847
405
3357
3317
1390
833
70
100
2034
1276
2575
3026
2198
3014
143
614
1078
2337
3034
2213
450
1487
73
3815
801
3200
330
162
2745
476
1068
3382
1082
428
2243
1400
126
2886
299
2605
1411
308
849
2381
1104
3427
360
462
2748
2993
2593
1697
1740
1410
1708
600
3562
2141
2234
890
3958
2227
2422
2151
2123
2782
156
3001
2660
314
1321
3165
1381
1912
1185
2979
2581
95
1890
612
2245
2887
3268
3601
3853
3257
3369
1887
2809
3120
1920
2120
3749
255
3038
1206
966
2295
2878
3671
3589
1152
963
3717
3961
2757
845
1257
2300
890
21
902
2213
3333
1512
428
1417
3791
1209
3855
400
2736
117
295
3124
2990
2980
1558
2689
1039
2486
1954
302
2438
1790
266
754
566
2762
2475
803
2174
375
118
3628
346
1871
3889
998
1814
3001
1905
2649
1878
2918
1933
1019
3349
1873
472
2983
2268
210
3576
1440
3975
3479
798
1033
2320
3983
1466
323
567
986
2709
2646
3704
840
1296
1676
670
1296
2901
3302
2072
3979
1315
897
3612
855
950
1694
2782
2112
2227
3676
2869
1218
2851
3146
504
2732
2243
318
1607
1760
3519
1610
846
2281
2506
1328
2226
2279
3858
2880
1864
3657
1589
3615
2995
119
3590
101
346
3015
135
1637
186
906
811
3992
1915
3005
2229
3328
3069
738
3945
1456
132
1120
48
2943
3352
465
3559
1678
1593
526
2158
3747
12
2695
1270
25
2904
3327
2363
31
2989
3482
3574
3517
2835
3236
2936
1308
2096
3732
607
987
924
2393
2076
431
448
3295
1542
346
2416
1678
3176
2548
2212
927
1538
2840
2826
1390
3539
639
2701
2103
3505
2176
1534
581
83
760
2756
2263
3765
967
1938
2181
332
3041
389
3370
2860
3811
2047
2057
226
3264
3830
3178
2624
297
2427
3475
3398
732
1658
3870
641
835
1394
2184
1640
1584
3905
3895
1954
344
239
2101
771
3456
145
2620
1352
3926
343
2867
2466
1738
2173
2455
3592
1210
2413
2253
3427
978
2165
1463
3311
1900
477
1772
1079
2917
2308
2457
2134
3647
