300
20
99
98
100
95
96
104
96
95
100
98
105
103
97
96
97
99
96
98
101
100
101
98
104
96
100
103
101
102
95
103
99
97
97
102
105
105
97
105
96
105
95
97
97
104
105
105
101
96
99
101
104
96
105
100
100
95
102
99
102
105
97
103
95
104
105
97
97
102
101
98
97
99
97
104
96
103
100
96
96
103
105
102
103
97
103
99
102
102
103
97
101
96
96
104
98
98
101
101
104
97
95
97
105
95
102
96
96
96
104
102
104
95
100
104
98
95
98
99
100
99
98
102
100
98
99
96
105
98
105
103
100
105
96
95
104
99
99
103
98
95
104
100
97
100
95
95
104
105
98
99
98
100
95
98
100
104
96
99
97
98
97
96
96
104
98
95
105
105
100
105
97
104
100
101
97
103
102
99
95
98
101
101
102
104
100
100
95
103
98
101
98
97
97
96
98
99
97
100
95
101
102
102
101
104
102
101
95
97
97
102
102
101
96
101
105
99
100
103
103
97
98
95
103
105
102
98
103
98
98
100
102
102
102
101
102
95
97
96
105
105
97
99
97
104
99
105
103
97
96
105
102
104
104
100
95
97
97
99
99
104
96
95
100
103
100
103
102
102
101
97
97
97
105
97
105
101
98
95
104
105
101
101
101
96
96
100
97
96
101
103
95
101
102
101
98
99
100
95
104
97
