500
50
91
3
79
98
7
68
71
60
73
29
22
4
37
59
94
61
58
25
18
13
84
1
45
46
49
19
87
54
15
26
29
12
56
10
26
24
59
28
10
63
96
84
89
17
87
84
10
61
38
58
61
62
20
61
84
70
50
43
23
10
1
50
38
95
77
69
99
48
94
46
9
69
64
5
96
59
1
51
50
94
97
88
4
19
67
67
8
50
96
82
14
35
64
40
63
30
60
73
3
39
88
42
50
35
55
2
54
56
47
40
45
12
81
38
80
88
77
27
53
5
39
1
31
41
78
43
56
90
61
37
42
67
46
9
35
87
86
5
91
80
63
72
59
41
48
62
23
21
8
1
44
84
92
43
4
67
11
14
74
70
16
73
55
26
16
79
97
52
96
36
17
14
71
89
20
40
28
81
83
54
52
23
42
89
33
64
19
56
66
99
93
83
5
45
78
81
32
32
97
63
23
26
98
61
6
35
17
94
74
10
13
98
66
33
87
74
17
29
41
34
21
67
86
67
6
4
12
87
51
33
7
30
48
92
10
55
68
8
21
83
50
32
82
62
37
10
16
16
28
50
93
10
83
7
63
94
34
57
28
75
36
60
47
76
25
95
82
88
88
81
3
54
42
86
67
7
93
44
87
49
93
44
56
45
92
54
56
48
17
26
7
81
49
57
82
90
9
39
95
19
70
28
60
76
99
1
38
54
29
26
80
57
78
55
78
22
35
95
5
27
54
88
72
99
60
74
70
3
18
16
75
6
63
23
84
62
31
97
58
69
76
4
98
78
77
34
13
76
28
9
36
55
48
97
9
84
19
10
77
52
12
19
6
97
44
78
11
26
53
31
54
34
99
94
10
60
53
52
3
14
47
52
63
76
56
30
99
99
44
36
69
45
92
76
48
41
17
27
18
31
60
15
40
67
17
45
63
93
59
32
22
21
15
27
32
53
2
16
10
97
21
21
94
16
28
94
72
48
55
33
90
11
30
72
28
62
25
97
19
15
89
63
19
76
62
80
56
41
35
17
47
87
58
88
95
39
72
46
6
99
55
13
58
97
42
95
38
68
1
63
11
41
98
86
39
37
16
98
48
94
25
54
53
25
29
10
23
26
4
66
64
28
3
62
49
89
48
52
70
20
