500
100
4838
824
3847
3058
4319
306
1620
957
1781
280
733
3650
4214
4001
4834
4046
4182
4445
656
4993
1457
3624
4588
4578
3889
198
4813
4834
3082
2683
2894
4434
4930
3900
4928
1402
3704
3181
3946
1805
3284
4200
35
1318
1391
2515
2337
4363
217
1747
4083
2430
2256
2508
1066
1398
3733
1084
2209
174
960
1761
3609
503
1983
3421
944
4708
2051
1220
737
1225
4215
336
3679
3492
1468
2403
1618
1184
2407
1575
2903
3086
2015
2568
3343
2829
572
2316
1856
1543
904
2630
3546
3124
3103
1769
3375
2681
4956
3599
898
4759
1533
2220
2749
2770
1655
3130
2753
2937
3681
2314
4478
1667
3006
3196
518
4343
2566
774
1122
2029
3761
3652
2466
1815
4925
2404
3294
3160
3032
714
4798
4029
3040
858
1803
2448
554
3423
2428
2113
4878
38
1872
4765
1086
3136
3557
3846
2917
2655
3370
663
2599
2481
3791
4291
2903
2136
3753
3638
1414
23
1536
4435
1319
435
4639
1675
4433
4722
1237
2719
597
394
87
4361
3590
559
2125
4488
2649
2841
3250
2797
2865
2780
213
145
4791
3772
1391
2472
548
131
4048
2889
1026
664
2251
3387
758
2982
3290
3565
2454
2881
3123
4855
3930
954
2744
3081
3275
4177
3253
4554
4730
1460
2207
3519
83
1229
4735
1302
4781
464
2238
4416
2058
3353
400
3906
3828
3587
189
281
689
4253
4064
3456
288
3087
3265
4711
2831
3445
2806
472
1562
1795
4935
2235
3207
1676
2568
4276
3462
4713
2956
2064
3327
3756
424
500
644
426
1247
2821
460
521
418
3916
3698
4986
2992
1522
563
2412
4552
4404
995
138
2952
3196
4734
1994
4181
1046
2430
1858
3134
4397
614
2269
3607
4749
4419
4463
594
719
3062
4873
521
4173
3047
4644
3879
2981
496
3187
2033
3602
4025
4315
2071
4323
2345
3985
2206
3316
1595
4408
4906
1784
2207
19
4920
700
45
2548
1575
477
4520
90
3438
3806
2326
2629
4416
3692
2736
4095
2849
2868
4739
180
2030
1745
1729
2420
1329
3900
5
2612
2153
761
3410
2650
2464
2130
2170
1598
2733
835
333
3656
3862
1830
4052
3545
3211
3723
3615
4190
4359
4788
1952
1646
471
2446
3478
4989
449
2555
159
3497
702
646
3366
3950
365
540
1316
1503
4929
709
2870
4463
3371
4140
2188
513
1911
1005
1787
2321
1976
3976
3743
4631
1304
1736
1923
2690
2850
4017
1615
1657
3218
1206
3992
3261
776
3569
3982
1113
1058
2672
273
4009
1616
2737
67
2006
4743
2821
139
3298
1727
796
2191
1747
4435
966
2462
3236
2000
3696
873
581
3315
4080
497
1952
392
1122
1551
1990
1498
1378
1427
2315
4850
902
4729
4713
3790
380
1748
1067
60
4496
1250
4962
4934
950
3102
3777
3592
3279
1416
1226
1700
4551
4614
2090
110
4073
3517
4798
4205
261
2969
2112
51
1821
