200
20
25
32
39
32
38
30
25
34
28
24
28
32
38
34
26
35
34
39
33
36
22
38
39
28
27
25
25
28
35
32
29
24
23
33
22
20
39
38
21
24
22
24
30
23
30
38
32
22
39
35
30
33
22
23
32
30
39
26
25
30
38
28
34
36
34
29
24
33
22
25
20
22
28
35
22
27
30
25
26
27
30
23
34
20
35
32
30
39
32
23
34
29
25
24
20
37
34
29
23
30
32
30
29
22
21
35
25
30
25
39
29
33
27
28
39
34
30
33
34
23
30
38
35
38
30
29
39
22
39
28
36
31
22
22
27
37
30
27
33
34
33
24
27
22
29
24
27
32
22
32
34
29
24
23
32
37
29
35
30
30
38
29
23
29
29
33
38
33
28
30
35
21
28
37
21
21
31
24
28
21
30
25
22
31
22
21
21
29
32
36
32
32
34
28
26
31
27
24
28
35
