1200
80
79
32
99
38
20
21
75
49
84
24
9
93
25
34
30
5
90
71
45
34
76
49
13
100
45
42
93
71
25
34
9
2
94
80
48
41
33
88
32
66
79
6
17
65
13
55
19
63
53
65
12
36
65
86
11
5
39
72
57
34
59
88
18
11
42
10
35
71
22
43
1
35
9
61
22
39
96
100
44
5
53
2
42
63
17
42
27
11
56
65
59
50
40
20
40
53
92
23
69
72
1
79
92
88
27
17
69
78
97
65
70
43
52
36
7
43
44
77
94
2
2
1
98
9
32
24
90
24
71
56
50
30
27
11
78
48
53
30
3
70
49
10
90
86
3
56
48
8
95
49
24
10
70
93
92
79
76
78
27
68
48
61
65
26
15
92
95
91
72
53
40
6
70
42
66
48
3
4
73
84
26
98
16
9
52
72
48
79
71
5
97
86
95
55
26
66
18
88
45
12
4
52
18
32
4
87
49
9
72
69
81
52
20
100
41
83
18
76
5
25
89
17
58
77
82
98
80
48
49
2
4
34
15
88
16
5
19
49
63
61
35
98
14
49
80
30
26
80
98
78
57
16
29
12
44
19
54
85
79
56
71
12
73
57
35
20
60
15
42
51
95
83
50
71
26
9
69
81
27
86
26
50
2
59
97
61
46
29
8
87
27
73
86
69
87
55
38
26
58
83
47
90
84
5
74
50
68
61
76
7
67
58
79
15
69
41
71
50
99
71
37
15
70
28
6
31
36
7
69
47
9
67
47
55
12
55
37
30
79
3
87
11
45
43
43
67
36
42
41
10
95
98
3
46
17
23
48
56
7
29
62
29
16
3
58
31
37
8
46
9
50
80
52
25
24
70
27
77
13
9
90
92
8
1
26
34
52
61
87
82
71
52
66
22
62
36
26
42
54
15
75
66
48
66
62
18
88
20
51
91
15
38
5
49
44
77
15
17
41
41
45
55
7
12
40
92
80
82
99
24
82
19
4
88
23
49
70
23
37
65
17
14
65
56
33
14
3
43
7
27
52
5
30
58
33
17
79
39
22
11
28
33
23
36
3
98
7
53
94
64
94
36
77
10
45
82
81
93
35
28
51
60
66
55
73
11
30
44
67
76
92
91
35
15
10
19
71
27
97
68
31
62
95
61
37
2
59
22
5
68
5
84
87
37
5
41
98
73
56
28
13
67
33
5
96
2
20
77
61
1
77
43
72
39
15
62
88
44
36
45
4
35
85
15
44
28
55
100
50
92
69
59
22
86
82
38
34
67
76
12
94
8
28
23
88
87
59
72
75
85
83
32
85
49
23
40
64
25
81
20
82
37
92
63
70
100
39
15
39
96
97
83
69
96
68
27
67
16
14
76
16
57
23
59
80
88
7
68
90
4
33
22
10
83
79
2
34
28
33
73
19
40
32
12
5
33
89
95
72
95
79
42
25
57
41
61
80
3
66
97
90
24
87
51
33
71
47
51
96
37
2
51
10
32
97
35
46
55
27
99
5
23
81
15
57
32
8
34
45
91
17
27
32
96
87
91
68
31
25
84
53
92
13
17
53
32
13
95
99
69
29
17
31
58
16
54
89
36
30
16
80
77
11
76
29
76
88
95
30
34
68
36
96
36
84
34
60
69
29
9
59
70
54
99
73
47
78
4
69
35
26
47
99
77
83
99
83
16
43
87
51
96
54
1
97
15
90
94
51
22
69
9
71
22
37
17
40
51
86
42
77
5
22
3
19
38
100
44
100
85
52
7
19
83
36
88
88
77
34
79
26
41
53
100
85
93
26
20
77
18
32
57
71
94
77
87
34
47
10
3
77
44
21
88
11
44
91
72
20
44
90
51
16
41
40
9
71
75
40
24
45
21
73
6
8
91
78
72
37
34
66
6
6
48
9
7
37
54
80
1
9
32
63
81
92
30
87
53
29
75
59
63
27
51
9
38
93
66
97
75
62
6
63
46
57
52
97
83
49
85
97
78
21
15
50
89
68
10
45
81
86
74
88
29
2
35
37
56
38
32
2
41
40
52
36
70
79
71
54
41
82
40
66
73
68
74
85
66
35
92
15
31
2
75
68
93
53
18
84
58
18
76
100
31
66
28
46
92
75
89
15
18
100
14
66
69
27
21
52
9
20
1
19
96
98
55
47
24
95
42
66
15
62
35
16
48
69
31
62
14
48
32
95
96
52
29
56
16
59
100
91
38
43
11
83
67
28
1
76
53
56
70
96
29
99
69
6
73
15
46
80
3
81
26
44
92
31
9
47
61
69
17
93
54
67
14
33
52
15
64
51
8
65
43
29
53
80
79
84
9
95
61
31
70
7
81
42
70
21
91
90
42
5
75
3
6
89
9
5
84
55
10
5
35
70
67
61
69
46
67
17
18
8
78
43
87
25
69
70
31
23
8
9
17
84
5
80
95
26
43
13
93
71
19
31
54
64
11
17
49
62
32
62
62
25
5
100
45
22
67
49
40
83
73
53
1
2
23
64
80
59
30
85
32
56
72
10
44
61
98
68
33
22
21
38
47
81
47
14
1
15
99
53
84
52
27
47
35
56
75
73
67
93
75
46
39
87
72
33
30
71
69
32
29
88
13
91
2
88
93
5
50
90
2
69
24
86
55
94
6
80
39
8
51
43
92
84
90
90
14
14
99
81
21
65
13
35
36
61
50
42
46
69
17
12
4
62
31
11
54
47
80
47
59
92
88
30
45
53
71
