240
80
104
104
101
97
105
98
100
100
103
100
105
103
100
100
102
98
100
100
101
99
97
95
97
105
102
103
100
96
98
100
103
97
97
102
99
102
97
95
105
95
99
98
99
97
95
102
97
95
100
100
95
96
99
99
100
105
101
100
102
102
101
101
98
100
98
103
101
104
102
102
100
101
105
103
102
100
103
95
100
101
100
97
105
103
96
104
96
102
101
101
97
95
103
104
99
101
100
100
105
100
96
101
105
102
99
95
104
104
105
105
101
98
97
103
97
98
101
96
102
104
104
100
105
101
96
99
99
98
98
99
99
102
99
97
103
104
104
103
103
97
104
101
101
102
98
99
98
96
99
99
99
103
99
99
104
95
95
98
105
97
100
98
99
103
102
98
97
95
97
102
105
98
96
105
103
104
104
105
100
97
102
98
102
97
97
105
101
104
96
96
103
100
97
103
97
101
99
104
95
98
100
103
96
101
105
103
98
103
100
101
102
105
98
96
99
100
98
105
102
96
105
103
95
95
100
103
102
102
96
105
101
101
95
105
97
98
99
101
99
102
