900
90
71
179
105
112
84
118
76
97
122
166
90
179
1
10
176
154
20
4
125
84
174
11
175
3
177
177
98
44
5
50
89
99
122
175
126
112
136
16
49
54
33
157
131
52
85
103
127
163
89
25
145
95
15
64
2
66
80
134
103
43
55
100
46
46
42
84
58
99
144
83
168
177
104
92
173
31
30
179
100
135
120
143
98
16
78
134
101
12
62
3
99
133
158
138
56
43
26
72
123
159
39
148
87
113
33
104
139
36
122
72
84
33
14
37
112
56
23
140
15
41
100
109
62
90
124
114
97
101
133
53
74
40
75
137
55
109
51
89
164
43
5
5
36
17
62
102
82
66
50
3
101
148
69
3
31
103
133
48
174
8
132
62
111
88
162
137
83
55
10
105
52
156
5
28
61
15
54
19
129
56
102
121
95
12
164
29
71
126
26
38
40
13
84
19
34
103
92
51
4
66
175
100
98
103
155
26
80
121
20
175
136
35
81
65
109
140
134
44
88
148
84
147
55
135
90
126
48
103
150
63
12
112
117
149
6
163
122
155
45
121
34
141
23
62
8
129
89
85
112
94
44
28
12
63
155
173
37
172
169
81
25
43
132
32
40
168
20
74
80
91
157
165
132
1
67
167
145
99
83
117
150
118
146
120
25
153
72
71
51
51
45
48
94
156
9
124
177
3
16
30
161
28
128
100
31
173
98
173
164
149
45
39
30
127
97
22
113
31
66
135
137
174
107
101
83
80
39
6
90
103
28
76
61
107
94
43
85
56
126
144
41
105
147
139
119
163
129
96
172
153
138
40
128
54
8
171
122
100
10
142
33
4
91
16
22
89
166
55
155
93
97
35
16
137
92
44
131
24
127
80
99
16
2
176
29
93
121
101
175
4
120
82
139
121
12
128
133
61
125
136
174
158
89
171
33
69
103
36
131
73
160
91
67
163
40
130
6
26
113
97
170
65
119
108
38
109
173
14
52
113
83
57
23
166
22
83
16
33
155
110
128
17
8
29
173
115
121
172
82
95
27
140
145
58
158
41
2
101
164
86
79
115
65
169
71
1
53
13
92
57
167
29
17
72
26
175
97
18
126
158
43
144
91
90
110
24
169
66
6
40
122
34
6
63
125
47
119
12
17
121
177
154
16
5
54
155
97
12
144
149
30
106
26
5
90
155
77
56
135
107
82
170
119
122
157
49
132
144
97
88
125
163
161
147
46
74
69
111
89
32
169
162
160
100
57
109
179
104
113
69
82
54
15
94
39
100
64
84
165
134
16
175
68
72
90
105
7
43
20
53
122
64
13
129
132
166
45
1
77
45
12
152
77
97
126
60
21
100
171
131
137
7
41
64
105
116
81
168
12
25
133
56
179
166
6
35
129
109
91
153
21
70
155
112
18
46
98
136
164
40
66
77
136
106
31
113
80
69
28
9
108
133
144
25
117
20
97
23
158
13
123
99
102
88
116
74
74
96
94
66
2
3
45
95
18
17
81
5
172
167
164
162
5
112
108
106
114
100
159
1
69
7
92
164
87
69
166
146
177
3
151
80
86
134
131
60
91
124
57
100
66
161
111
152
153
22
64
130
36
155
121
141
140
144
101
75
43
137
127
105
107
130
139
77
6
133
143
108
119
157
87
50
91
22
101
97
179
168
96
125
135
48
97
146
39
177
35
175
158
154
104
32
80
134
84
4
38
136
44
26
30
119
168
62
70
101
40
17
28
64
32
167
79
126
61
131
80
52
152
146
69
110
69
84
94
4
167
78
45
165
93
155
83
82
10
13
102
116
32
49
70
14
32
10
17
11
24
110
67
116
36
14
9
70
91
21
97
152
46
152
127
16
118
170
63
103
131
35
162
54
89
141
56
45
29
20
138
33
97
38
69
142
127
70
59
113
66
27
68
115
75
6
20
74
141
161
58
156
80
106
59
129
134
34
109
3
33
173
84
82
79
151
2
75
101
179
44
115
152
64
159
179
50
116
87
133
122
155
159
157
123
77
169
102
43
140
171
60
109
63
177
71
118
170
88
120
165
92
177
104
