450
30
2865
2804
3505
1586
2056
3577
3861
4154
1163
3291
4264
3557
3740
3386
3256
1834
3090
2771
1255
3929
1176
4233
3191
3490
1825
3882
396
1065
1111
1183
1601
1748
4283
4198
3644
3228
2523
256
2528
524
867
1403
2019
3683
124
3787
1241
761
822
780
2099
2818
917
2018
810
1899
1602
3478
878
53
3600
2112
494
3210
3405
3960
3809
2512
3639
3410
2351
2971
2660
3104
385
1277
4333
3376
3865
1556
395
640
3843
2793
2089
1392
2367
282
3333
3324
28
1269
233
675
2787
4244
3444
3086
2637
3750
3116
3762
2982
454
2143
2635
1625
1892
1984
4363
3657
322
3437
64
4469
468
1125
2024
814
766
2077
3924
1342
4322
1974
1765
3424
3173
3771
3023
2518
1402
2955
3769
2265
2958
3371
161
2843
826
2780
4496
3281
1309
1043
28
1994
2339
1495
3153
3537
1586
2517
4117
567
3856
794
2971
3442
45
4044
423
1774
4381
3743
4047
2068
2099
3992
48
777
3110
1188
74
4267
2650
3446
3018
3305
844
2278
951
405
380
3501
4169
1969
1926
3228
1361
4164
3921
3931
2059
866
1097
2078
3328
4349
99
1040
239
4099
1899
1785
2190
4094
388
4052
704
4152
3935
671
3261
451
332
2760
932
2301
2371
3720
683
3320
1298
2596
3603
2494
1294
3006
4471
2306
185
236
2425
4369
346
2777
4421
823
2102
2797
2207
1085
4039
1629
1816
1489
302
3264
223
986
2128
1588
4448
744
2711
701
2673
3713
2005
1014
793
2479
1745
1540
2275
3585
1947
3827
4071
2065
2222
4331
238
953
1984
1
2598
2205
4437
2901
1283
541
2001
2254
4495
2477
1896
2556
652
2633
1735
3331
1282
152
2395
1922
3536
4326
2829
3181
2938
1670
1250
4116
3666
451
866
2116
2977
3459
581
11
1191
973
1227
2968
816
1273
1999
2654
2832
3057
2536
2455
1735
3603
2136
2810
1891
225
3988
369
1121
4157
1099
1397
39
2669
3614
1417
2251
3981
937
1487
3700
2050
3600
436
4405
4495
1174
12
1112
3072
2961
2821
3226
4054
829
170
1458
3811
151
2074
2999
1173
407
779
658
2925
727
4122
1220
46
1141
3108
1646
2
3642
819
867
2967
4482
3774
2171
1476
2426
1059
720
2920
1325
1939
156
1938
2342
362
1339
471
638
3627
1746
360
4206
1526
1994
2922
3597
2051
548
1708
1211
2026
4392
1905
3018
637
2310
4468
3852
2898
1439
1350
2540
2933
2697
2774
152
4031
3555
56
2179
2100
1645
4418
2282
1266
2141
232
1947
2837
3159
3119
4146
2291
546
2218
1849
2095
2721
