1050
70
8549
8325
7033
8969
4910
458
1769
1974
1766
1272
170
2826
5938
7813
2485
1972
856
5218
10089
72
3556
8279
4199
4295
890
426
4479
4120
2767
7427
10344
6790
5707
4157
912
567
9903
7662
2938
2798
7702
8544
281
1517
911
5815
83
7027
10061
1043
836
2310
4789
7552
2102
704
3756
2198
9483
6685
2258
7662
901
4450
261
6104
3899
4095
2866
7481
7800
1441
391
141
7281
7613
1957
5159
7624
3786
1930
2844
8680
7222
216
10129
2718
3294
4672
6282
4626
1917
6882
7007
8982
5013
3564
653
2065
377
2549
3127
4447
9720
7296
1
5371
6890
7802
3737
9044
903
265
1642
3731
9852
10345
8712
7532
5162
2019
4225
2129
8381
1905
5113
8144
593
1229
847
9225
2043
9390
1936
10446
6431
3032
6059
10405
1752
3367
9396
2193
9451
10315
6403
5391
4239
8739
4136
525
3627
7544
1420
7495
1557
7288
6102
1711
5566
5627
7950
4556
5147
6113
9222
612
7851
3229
9005
7651
3600
4352
5099
9201
5070
2586
10462
5951
3454
9842
3976
1618
5431
3217
6774
4724
5577
2214
9245
9555
3565
10075
9307
8781
10486
9815
2830
6248
6273
6691
3344
10167
6098
7951
319
687
2053
8165
5832
4219
1074
8646
2105
560
2080
5727
2268
5702
6527
5482
4195
482
9310
2679
5066
3466
4314
8124
8825
4566
1345
5414
6550
7878
4533
7486
564
6807
5698
10060
4377
2569
5946
3129
599
1237
3126
5160
1198
2295
8258
9949
8129
321
6002
4874
41
438
2391
413
7772
4270
9124
4810
343
8311
682
1988
4837
5907
4338
7887
7123
6640
1013
6415
9711
1671
7868
5306
1787
5083
9437
5341
2954
7988
7225
591
3857
9326
5701
9270
9578
7660
8591
4038
8464
3386
2290
1970
2639
5795
6672
10311
7708
5364
1301
5295
5206
1868
4857
4910
2516
3680
8336
6455
4665
4153
138
10379
7150
3056
7945
2092
1970
3844
2493
8769
7971
2684
3271
9974
1511
5633
10050
1199
9362
5698
1663
4100
5483
10472
3444
2098
1918
6324
9726
7152
7838
365
7264
2330
428
8203
7103
3550
8883
5931
8690
60
7204
498
7972
6188
3794
9852
1778
9581
7303
4937
2102
3206
2631
9741
9867
9414
4791
9374
2216
1509
6468
9550
516
9999
7475
9274
9022
6290
8022
7952
2492
9058
5903
6396
1251
9945
5821
3856
2714
7338
5208
5774
2115
2578
597
6689
3172
7168
2393
195
7588
7877
1777
10328
6551
3464
4302
3097
9209
3422
4278
4733
1687
348
4115
3845
2981
7012
7813
5870
8440
803
6586
3044
424
1582
3949
4191
8348
1926
814
8374
5129
34
10150
5466
5938
960
9514
9908
6633
8902
3847
2806
7076
9179
556
3998
8758
6781
4478
3448
99
2966
3601
9552
1846
2691
1902
1828
9662
6627
8024
660
9890
9478
8262
6117
4230
4588
9374
7254
783
708
865
1847
919
5576
7795
7608
6622
5644
1303
10421
9383
6392
8158
6887
5991
527
2160
638
10448
4672
5064
8198
8647
8614
9086
5467
7990
10172
5138
9118
726
7511
1547
1989
10126
2835
6797
271
6207
214
10442
10079
2668
207
188
613
191
1318
6699
1156
2518
7890
5466
9654
10061
9034
8748
9256
2831
8274
7430
6719
6300
10299
3607
6428
8185
1775
8189
4150
3547
8111
4550
8701
7136
2074
6101
6196
3943
3197
5387
7896
6756
2724
5697
6753
6160
580
5187
4070
400
2933
9691
2639
2215
2756
2281
2684
1429
7693
9302
6092
1875
10098
2079
3496
1563
5216
4429
5543
4148
9852
7797
7725
662
8754
5853
3077
7424
8008
4746
497
3116
3422
9415
7260
736
6150
1072
5266
9396
1620
8272
6853
10088
4074
7995
9125
3308
6138
3072
2296
1622
889
5655
7935
352
1467
7414
2953
5828
8229
3418
648
3769
2455
4516
6437
2110
777
1170
9266
8704
8880
5875
9942
9060
7269
98
4634
7693
6219
5788
5775
7489
3236
4282
3417
3619
5480
4528
1176
5001
2615
4403
8261
3426
7736
1847
8275
9187
7011
2113
6637
10460
5934
1947
9689
6409
5608
9179
145
1708
7627
3062
8450
9196
2284
1032
4763
830
1373
231
5201
1371
9277
405
1432
5462
825
6507
9355
4453
9421
6935
6829
1716
7605
6237
4212
3881
2365
5051
3025
9710
3249
3002
9587
7224
4022
2121
7142
2450
8658
8382
7251
3083
6318
1828
5485
2386
805
2619
5706
3971
7876
5144
10111
6508
9766
8299
8139
9006
6968
8612
7163
6123
7670
3902
6434
6444
6800
2450
1745
6476
314
5435
2640
5961
4640
518
5729
330
8647
2913
1841
7746
1911
3288
773
4138
1523
3565
4222
729
9217
3175
275
5383
3566
9716
2156
210
9071
7837
7540
10196
7606
3951
10030
3683
6423
3423
7193
1279
1707
9592
5954
8364
5643
3427
9761
10486
8068
2374
2479
3359
8277
9905
10302
997
8273
2948
7074
7911
6454
6582
9568
7321
3805
3095
4387
9537
779
918
2475
911
8856
350
7995
4155
2365
8541
7694
8813
3558
4870
1656
6685
9545
10342
8301
10337
9075
5590
2936
2820
1345
6799
1513
4799
3512
8434
7762
5594
2436
8413
3127
8071
6694
5087
82
7434
843
7194
8487
2212
10416
5337
4564
10108
8437
9818
4448
9625
6781
5149
7168
6087
2128
8045
3985
5653
51
5344
5036
4044
5106
1940
6973
1804
9035
4679
4235
278
6185
3007
6191
223
9198
5536
811
8153
6503
6598
4889
4560
6052
2759
452
2320
7713
1820
1578
9504
3582
7186
6929
6590
7241
5195
4415
3694
6662
40
1953
7618
10196
1638
4034
470
3027
3862
2950
4500
1515
3534
4787
414
9892
9552
5203
959
9293
2507
4947
1554
1474
3846
767
9938
1230
7907
3657
7369
4982
533
5497
8509
6414
9494
3723
3631
3729
9159
9356
81
3978
8860
8964
903
197
7772
2292
3016
3733
8214
3139
350
4180
1115
576
4697
8673
6007
2812
3445
6700
9809
7246
958
2161
3616
5396
650
9414
8252
5714
4896
9267
10253
3488
8929
4786
5572
8153
4967
10001
2470
4235
1811
8944
6858
1583
5158
5801
5619
8165
8598
2410
6426
6632
5303
9261
7858
5724
327
2650
7984
7918
4448
2504
7649
4237
8995
5930
3391
9027
10340
2581
2800
1550
5209
1281
4533
