450
90
170
12
62
176
100
17
73
140
67
83
33
159
30
24
143
111
122
150
37
51
105
100
76
119
97
151
148
55
119
59
128
169
150
120
76
144
172
86
22
152
70
78
22
145
133
34
17
104
50
123
104
129
2
69
14
74
9
33
132
172
5
148
81
54
6
146
100
43
74
26
153
11
92
59
23
155
77
49
113
70
82
65
136
103
125
91
162
139
168
136
150
25
48
24
128
73
76
58
39
167
38
133
72
109
65
73
136
111
158
58
91
126
120
152
79
80
117
43
40
148
80
85
119
18
80
175
53
103
116
137
177
141
107
147
47
112
61
100
163
137
147
20
111
12
1
119
177
50
93
9
77
42
56
125
139
153
64
17
48
18
143
129
95
170
141
7
168
159
163
96
112
18
161
175
166
51
156
58
169
52
130
134
82
45
86
109
106
145
73
164
32
167
70
66
9
20
118
109
91
173
10
171
143
141
125
130
23
118
127
51
18
81
176
39
167
2
174
65
10
52
171
132
129
92
96
24
36
60
155
32
158
92
50
150
143
98
126
150
3
116
117
50
154
151
151
171
151
161
128
157
80
156
110
96
157
149
165
134
125
36
82
64
116
19
60
61
33
52
65
33
69
178
12
21
173
56
141
85
23
147
94
179
104
117
13
21
154
74
124
157
61
143
166
163
53
35
99
68
42
127
14
176
158
50
79
144
42
89
38
46
86
174
170
63
37
86
80
94
34
119
106
81
48
80
59
168
111
129
38
155
104
56
126
158
9
144
45
76
11
113
104
133
148
20
59
152
132
4
61
89
103
98
94
139
104
78
53
76
37
30
92
52
17
94
140
45
68
4
154
160
2
134
65
107
98
153
172
167
63
144
106
150
134
171
50
105
70
51
165
130
26
168
155
47
72
86
106
53
76
143
17
160
62
141
168
14
83
35
169
132
150
135
129
150
27
93
79
4
28
144
160
44
143
148
116
15
137
5
33
87
32
22
20
132
152
145
74
105
25
129
166
7
142
167
29
91
27
25
94
73
