1200
80
67
82
151
150
40
94
39
72
60
33
85
13
111
86
55
40
87
68
79
115
5
69
56
141
49
74
54
7
66
107
49
25
73
136
35
63
136
64
114
114
96
134
1
133
107
50
113
153
89
85
124
39
89
37
135
73
159
143
97
72
62
43
78
43
110
71
46
10
11
17
26
97
32
137
69
72
105
51
128
107
132
1
128
143
76
66
47
155
45
60
27
89
103
35
74
117
103
10
54
136
123
69
2
109
149
151
102
19
15
10
115
56
115
100
44
72
6
89
25
118
27
64
42
151
113
46
38
156
151
15
27
80
50
150
124
32
14
132
25
151
87
35
35
97
117
85
77
10
137
22
40
20
158
45
154
16
15
43
43
76
89
40
119
137
123
127
139
63
155
37
143
126
97
16
132
59
89
112
71
3
17
139
78
50
146
33
95
93
123
9
100
65
62
30
146
18
19
129
91
18
58
39
58
66
21
76
114
156
148
38
41
86
142
124
135
50
140
71
69
77
61
127
71
32
129
151
43
113
53
49
24
117
108
3
104
158
104
143
74
74
39
105
30
143
115
121
136
34
117
69
90
31
20
133
112
3
23
85
54
71
31
51
18
67
21
61
99
58
78
70
156
88
140
19
141
91
5
98
38
8
25
130
63
84
33
36
119
24
93
85
137
113
155
121
158
35
43
87
127
151
14
1
73
16
139
91
70
77
144
84
83
138
13
82
20
71
63
149
139
123
19
145
107
153
77
97
96
149
35
132
96
18
77
44
87
34
28
139
84
6
16
63
18
5
67
132
143
106
67
34
46
75
152
43
25
103
106
72
143
59
59
53
24
15
33
93
98
88
16
103
110
115
111
144
56
138
124
105
59
17
157
29
100
105
111
84
112
60
153
143
68
30
52
76
75
66
102
5
79
70
115
85
1
61
89
14
82
42
120
47
59
32
27
43
102
112
91
73
45
73
11
13
94
111
148
92
96
105
131
45
59
69
21
155
37
90
83
40
10
94
66
26
88
146
10
144
126
24
54
38
90
49
27
7
27
80
28
95
10
21
153
83
149
84
33
69
71
98
156
18
47
5
98
137
38
65
89
30
2
87
54
90
54
11
142
75
14
147
61
30
21
79
137
31
20
4
56
150
51
21
116
100
38
124
133
125
157
102
49
45
107
23
61
41
131
43
62
79
107
72
140
156
51
66
101
67
45
65
5
27
121
107
155
31
24
59
133
98
56
127
129
35
106
39
67
139
59
91
157
77
26
3
88
126
63
83
121
126
2
54
126
63
126
159
116
24
53
108
27
132
71
94
113
139
1
15
29
27
79
38
105
66
95
156
9
21
48
17
116
14
27
2
28
95
101
63
147
108
153
2
152
4
138
74
105
37
85
67
91
36
131
86
10
29
16
142
135
102
18
50
84
47
45
145
31
66
131
21
146
120
127
54
143
16
21
15
62
26
1
124
112
113
132
88
42
78
72
18
146
93
61
98
81
146
146
108
127
21
73
28
127
111
85
121
16
126
150
109
141
82
140
28
25
67
112
10
132
89
1
15
56
63
23
90
112
36
40
67
1
127
64
42
100
34
5
77
158
15
155
137
5
65
52
105
93
157
147
19
16
70
126
81
104
70
33
144
116
105
19
76
146
159
122
43
118
153
19
57
39
106
45
45
129
80
67
55
119
63
102
142
154
119
97
101
123
80
67
106
26
155
144
103
107
27
95
55
97
115
153
19
66
38
7
92
159
70
102
94
42
60
118
127
143
84
50
150
117
61
117
39
84
15
74
74
129
5
59
129
56
74
12
67
35
137
112
103
105
45
48
46
111
75
148
102
2
5
150
139
110
39
42
100
62
101
51
43
134
71
26
87
124
144
126
143
118
83
55
81
134
121
87
102
19
67
131
98
82
33
114
61
145
130
80
139
47
18
122
93
124
40
152
70
96
112
7
47
121
152
64
104
99
158
147
10
63
34
72
98
124
85
142
45
72
61
114
32
110
64
124
80
89
113
19
91
128
41
153
137
111
130
59
9
135
72
116
117
114
126
87
35
137
89
153
35
7
156
35
143
11
36
81
57
104
144
27
30
90
120
80
27
153
24
25
77
104
66
11
10
6
131
14
11
56
114
5
14
107
133
125
35
2
92
127
69
70
93
87
22
94
103
43
117
122
142
27
61
81
146
56
69
8
152
85
98
144
89
137
100
102
65
142
94
54
71
45
17
141
80
53
158
7
4
32
150
27
5
44
24
124
118
139
68
152
13
119
50
133
48
22
145
143
145
33
90
40
23
43
23
135
21
128
59
74
71
55
148
23
74
17
55
65
81
100
37
23
106
101
119
150
42
108
82
95
46
129
5
52
21
145
38
65
54
132
72
113
87
123
9
73
12
15
6
158
86
122
27
10
53
158
139
112
20
18
114
117
84
36
118
18
83
51
40
35
48
40
96
89
85
87
128
141
118
54
23
114
140
130
132
11
95
25
7
68
41
139
81
59
136
57
17
3
49
23
23
108
16
74
146
6
32
42
32
144
68
136
55
143
81
77
159
48
17
80
150
97
141
64
73
22
97
53
125
104
137
100
129
140
125
134
67
157
78
128
93
140
1
120
64
31
1
17
8
121
112
124
97
151
58
124
74
104
133
60
132
22
91
152
102
62
61
151
137
77
139
16
51
73
40
153
10
114
14
29
149
84
23
50
112
126
158
55
150
136
124
45
138
113
42
138
91
