161
80
993
432
41
1513
154
1600
1112
835
237
209
117
641
398
1013
1444
1543
331
951
751
1455
1280
1412
922
480
974
16
735
914
1513
1139
574
842
1213
168
203
231
481
868
554
720
1200
1387
1096
841
257
537
662
1075
147
1135
475
4
373
1036
919
1527
304
1136
302
1061
4
405
123
442
290
884
1334
246
273
1529
1296
1195
1217
125
596
1041
423
1126
1350
477
1324
1407
685
371
564
1031
1513
1420
579
387
1081
1051
648
1253
1333
127
621
518
799
928
507
210
1184
1579
1605
493
1607
1150
1462
911
1098
960
1063
1459
1218
1252
1383
1254
531
763
119
1469
1294
16
829
733
588
1543
1128
1086
1305
244
1204
339
305
126
488
185
195
230
277
679
740
399
176
955
875
426
1571
1039
1123
1180
1036
1604
288
1408
1502
903
425
280
1513
