200
20
103
104
99
105
105
101
103
101
105
97
101
100
100
99
101
105
97
101
100
96
105
104
98
95
99
96
105
97
105
95
98
100
105
101
96
97
96
103
104
99
100
105
105
101
105
102
104
99
101
105
98
99
99
97
98
101
95
102
98
97
97
102
101
98
95
101
102
97
103
101
96
99
101
96
100
96
103
95
99
105
105
96
104
103
101
95
96
105
95
105
100
96
104
98
99
104
95
101
103
95
96
101
104
99
95
99
105
101
101
102
99
103
100
99
97
101
96
103
103
104
98
95
100
104
103
105
101
99
96
103
99
102
104
98
95
99
102
97
97
104
96
99
98
99
99
104
99
95
105
98
99
96
102
95
97
95
99
98
100
105
98
98
103
99
102
105
105
98
96
99
101
100
103
103
100
103
101
97
97
98
102
98
97
102
101
99
97
95
96
96
98
98
104
101
102
100
98
99
103
105
