300
100
113
171
116
153
155
188
178
196
142
105
196
177
130
156
104
167
121
184
119
101
141
101
119
161
198
155
155
194
166
109
179
184
192
134
100
130
129
190
115
172
174
105
175
159
130
152
103
106
172
195
184
160
198
174
178
148
164
163
122
117
178
176
168
187
111
110
105
150
199
188
179
131
110
166
144
143
114
146
159
182
161
197
105
153
111
171
130
100
132
194
134
147
145
100
188
124
164
126
150
173
186
199
166
136
188
151
185
149
197
148
146
176
143
162
145
137
119
103
174
151
160
186
149
163
156
137
185
123
125
148
129
137
171
100
102
191
119
108
115
163
172
134
109
124
179
174
189
101
143
199
110
103
137
127
138
108
140
105
168
179
150
101
167
109
198
115
122
163
175
129
157
164
168
105
176
181
190
181
124
108
196
187
166
167
174
176
167
121
178
180
162
160
180
156
128
142
112
141
141
161
111
198
171
118
171
127
103
147
121
149
158
134
175
156
126
139
132
130
117
124
101
116
128
148
126
118
142
189
133
147
185
179
166
167
185
127
164
129
116
103
171
101
162
155
112
155
122
174
107
101
111
150
124
193
198
189
114
158
120
183
171
123
109
107
189
168
129
150
159
120
164
194
176
132
192
138
110
117
108
112
107
199
122
158
136
171
140
194
153
125
173
100
179
164
126
190
156
157
121
156
