800
80
87
61
95
82
97
50
96
28
44
74
73
90
75
38
29
39
94
83
14
71
98
70
23
20
2
56
40
67
40
40
87
46
55
48
95
74
67
49
98
22
95
67
62
94
26
88
14
60
66
60
56
85
47
23
57
29
85
84
97
5
67
48
72
17
18
77
94
15
19
20
13
36
38
43
47
35
71
79
60
68
88
95
21
2
38
73
23
55
83
51
95
26
78
99
78
46
28
61
52
64
61
83
12
70
32
54
13
39
27
35
39
65
47
65
32
92
63
93
45
32
43
4
61
29
37
45
89
39
77
23
94
80
82
82
69
90
89
72
57
59
87
50
3
91
25
47
81
25
53
43
95
86
94
87
42
11
55
13
96
28
80
72
33
40
57
1
26
86
10
57
62
70
11
18
15
73
71
83
66
64
31
56
52
51
41
79
52
26
67
13
53
28
64
20
100
7
87
80
16
31
38
72
45
49
6
73
29
9
19
51
22
94
41
28
2
81
83
32
29
95
27
35
80
26
33
32
22
98
22
14
82
14
94
26
11
69
93
76
59
95
13
86
51
88
70
84
53
26
86
13
34
3
69
36
96
15
2
49
12
87
22
70
18
31
14
38
45
6
46
39
27
10
84
98
81
75
45
26
93
93
86
75
90
69
50
29
96
56
98
46
81
20
85
5
68
29
84
30
49
65
36
17
95
72
89
13
34
54
50
27
10
27
38
79
73
81
81
3
25
68
60
70
91
1
17
57
69
73
56
9
47
42
61
18
21
94
77
20
47
70
96
55
43
94
82
42
98
45
33
61
11
67
33
70
3
79
56
27
42
38
40
9
61
7
73
83
56
54
73
1
10
98
50
61
74
64
34
47
66
54
21
27
1
41
87
20
72
40
82
95
69
19
33
7
92
35
56
91
63
41
24
43
87
32
10
8
73
27
12
92
100
60
85
16
76
1
63
72
66
94
1
28
24
100
70
99
40
98
40
62
28
56
39
4
3
70
49
57
13
14
41
65
5
44
73
86
23
76
35
13
93
79
15
31
26
19
83
68
98
33
18
100
45
15
80
2
14
41
47
98
39
90
14
33
15
72
68
62
34
36
85
100
33
31
7
16
96
68
87
87
24
77
84
61
51
20
74
62
5
17
94
74
80
62
24
93
54
2
16
30
96
22
7
95
24
100
91
88
25
77
3
34
56
33
48
45
27
44
12
52
89
51
6
26
33
5
2
98
78
4
47
44
96
88
33
29
13
80
57
33
68
89
37
48
40
21
70
26
46
22
18
74
47
34
84
10
78
41
79
80
86
57
69
75
96
96
94
77
41
44
90
86
13
72
19
61
77
78
73
19
17
39
73
84
45
28
12
97
57
40
62
20
82
54
64
11
46
19
35
6
34
50
23
74
68
29
67
22
75
78
74
32
72
80
89
3
20
52
88
45
56
53
10
4
85
25
92
12
96
37
98
97
87
62
90
56
56
94
96
46
88
16
22
95
61
14
88
88
65
29
50
43
27
1
82
99
79
44
80
63
26
37
78
42
45
52
95
96
94
22
91
31
47
50
50
58
96
22
80
54
48
98
100
67
24
63
54
66
27
4
88
93
66
60
89
1
1
54
70
93
82
24
15
72
81
49
8
45
88
47
80
11
56
90
65
30
31
61
28
43
96
48
29
38
8
69
64
39
19
35
92
16
73
27
77
79
68
88
61
3
68
32
52
81
48
13
79
52
56
74
69
54
2
28
98
28
59
81
55
49
62
13
52
43
20
27
56
43
48
41
24
16
33
18
7
28
58
61
1
32
86
64
33
64
6
79
16
68
53
44
