250
50
74
38
46
79
21
19
85
70
96
28
39
5
26
99
9
73
64
63
41
83
67
14
2
98
1
92
49
99
67
2
6
49
55
20
1
72
47
43
64
23
64
62
41
34
48
16
49
40
2
94
22
12
18
9
21
40
33
99
30
93
92
71
60
93
23
73
67
17
36
58
95
65
18
60
58
80
75
17
45
36
46
62
93
84
5
86
72
8
53
70
16
92
57
49
64
60
37
99
33
66
4
67
23
46
49
58
86
99
58
57
36
60
83
62
94
78
21
91
19
70
71
89
89
50
32
21
66
10
62
60
99
69
90
4
90
1
35
19
91
87
5
55
74
81
87
27
48
63
7
82
49
34
72
62
63
69
89
58
7
71
58
82
71
41
27
57
9
69
40
62
2
62
81
14
38
64
10
4
2
91
51
50
44
9
4
6
58
12
94
97
16
4
80
67
71
46
83
68
56
82
2
84
76
80
95
47
79
93
22
53
66
58
97
9
15
96
88
89
59
43
8
37
61
76
23
24
39
42
66
96
8
22
95
46
75
32
72
70
92
33
56
7
92
90
88
34
48
69
40
35
