181
90
111
750
1228
1250
180
1500
936
1272
267
279
1537
429
709
1160
146
111
897
426
51
710
938
229
1352
521
1671
311
631
1364
19
1005
138
1133
1800
1801
1143
1458
1748
1237
429
1046
616
39
612
1754
635
539
274
953
1076
1800
1779
415
40
885
1347
699
1654
1599
50
499
255
939
567
408
102
930
1401
254
1326
1198
254
1771
77
1049
190
1193
119
823
1534
511
1557
2
1258
1626
1510
50
1739
171
146
697
1656
585
1327
449
1276
592
1459
593
1175
1066
699
1398
775
766
1486
1394
423
1373
751
1063
15
184
1019
139
1091
1115
1601
90
1152
143
343
1691
319
229
1485
1291
250
1129
365
618
1725
228
602
738
1529
266
1411
1101
84
385
1715
1284
891
1404
1119
194
610
568
615
1095
975
1775
1792
620
499
878
665
125
381
641
175
456
116
249
693
1193
1080
1614
480
1240
1051
444
15
1302
1658
264
229
740
892
847
1720
