450
90
130
154
138
154
154
172
102
130
171
103
148
94
100
139
127
121
162
154
118
127
168
125
162
125
115
149
148
94
97
107
179
160
92
108
138
112
155
100
164
142
174
108
171
113
153
114
106
117
108
157
142
121
98
166
106
90
106
108
157
151
149
97
101
156
123
135
117
99
150
91
99
145
179
171
126
111
166
109
113
118
144
162
136
156
97
136
137
168
167
153
124
126
102
131
174
163
151
101
90
175
117
179
157
156
99
102
93
154
124
113
106
177
90
148
173
140
99
102
118
178
92
150
95
99
125
148
151
119
127
154
152
106
179
179
101
168
172
96
120
127
152
177
179
132
103
96
156
122
125
159
130
150
146
147
122
151
107
95
179
175
122
175
113
105
130
128
155
121
94
161
145
115
94
120
137
90
98
141
141
130
148
134
95
110
132
116
132
105
99
141
169
157
166
123
175
112
137
111
100
157
126
177
105
141
148
176
116
146
149
148
116
105
148
122
125
103
120
162
113
124
168
104
120
167
136
148
176
168
108
91
103
177
90
96
118
154
115
159
118
149
110
96
175
128
150
156
128
100
177
91
146
97
118
151
125
112
117
178
150
126
97
130
106
126
168
93
133
100
153
132
117
103
96
103
179
113
151
145
175
148
137
119
109
112
163
139
144
127
160
149
152
155
154
96
96
150
109
106
108
179
115
99
164
145
123
175
139
124
156
116
113
177
143
94
174
179
157
158
140
157
139
95
125
178
115
145
106
91
151
108
170
107
157
148
178
174
136
174
112
159
114
113
167
176
124
171
167
150
144
140
178
106
108
104
117
176
147
125
148
105
162
115
107
164
163
167
140
107
108
116
102
167
148
94
110
121
156
156
134
145
178
111
159
111
158
139
143
166
161
128
110
96
134
136
117
176
135
117
98
115
96
98
95
126
117
113
157
98
103
154
114
152
135
159
153
147
177
100
117
123
102
158
123
123
125
174
175
105
117
93
120
167
104
94
104
100
149
112
102
161
146
112
95
173
136
144
153
152
131
93
