200
40
650
135
1839
668
173
547
1104
1600
1784
212
1207
1372
197
1200
1013
879
325
1619
627
229
1130
361
20
515
298
719
1081
1719
1234
570
1167
1522
1593
409
1888
242
159
292
1554
1883
1344
816
339
1643
1717
242
1228
662
389
566
344
1092
635
1874
1915
94
888
1592
674
92
1289
1389
621
585
1903
219
1234
1330
832
1299
1778
358
1824
1172
1931
1765
1774
779
503
995
404
1646
237
1481
1610
1734
545
1139
1353
516
442
74
989
1583
1093
443
27
1891
116
270
1544
1826
918
688
1823
1319
515
1058
1336
1965
1305
1131
1864
1686
416
1755
596
1446
1007
1519
715
957
998
778
866
1795
1783
1081
1683
578
659
1113
896
1219
475
668
90
297
531
1474
847
1411
205
1067
112
536
164
774
1292
439
1107
1485
155
528
1804
1164
514
427
1342
1995
1495
1552
1833
598
817
1114
135
1528
669
1160
633
1083
1892
1822
1522
1963
655
1130
1400
943
1141
1156
1017
19
495
1103
521
1454
1891
1280
1980
884
1282
463
472
542
1823
1409
1073
660
