600
40
62
44
64
52
56
1
6
6
17
3
69
50
50
9
2
13
51
7
73
69
71
48
22
39
72
55
57
24
11
28
29
53
27
65
67
18
23
5
63
63
79
3
11
36
7
39
8
35
59
2
14
75
29
27
72
74
26
56
1
15
64
79
77
26
7
43
49
69
63
62
78
57
32
16
53
7
77
61
32
27
37
29
28
57
69
9
63
11
54
38
24
55
20
77
61
51
5
31
43
76
6
76
71
50
44
48
45
43
63
5
3
56
27
57
22
72
2
15
7
51
52
38
43
23
19
25
51
28
21
4
58
31
57
79
64
63
48
62
74
24
2
60
61
28
56
14
14
22
74
71
1
30
16
22
39
17
65
9
30
15
31
54
44
53
43
22
43
31
13
30
36
43
74
12
69
50
67
56
43
13
50
75
31
35
50
47
28
41
49
75
56
70
63
63
21
8
22
50
52
49
8
17
9
61
68
24
8
5
36
76
47
25
15
59
74
39
59
55
19
41
15
43
53
58
40
16
11
43
46
63
34
54
69
31
56
57
20
21
19
67
46
67
72
64
21
63
33
1
26
60
43
8
15
64
41
68
42
12
53
77
12
79
23
66
19
11
2
71
57
16
1
28
54
45
33
5
38
23
38
15
20
49
70
55
12
6
31
20
18
13
38
33
7
20
32
78
9
33
8
74
18
36
69
45
57
75
45
67
37
79
5
63
19
69
28
30
28
9
67
64
7
70
10
50
31
75
8
5
18
21
32
2
16
45
42
8
20
75
77
2
70
41
42
54
3
19
65
57
49
44
22
3
60
68
29
78
5
72
15
18
50
26
2
31
61
69
13
27
23
74
35
28
24
61
13
10
21
7
70
7
74
52
11
59
47
44
22
41
27
55
44
55
22
47
25
74
37
29
32
42
55
49
53
23
7
41
10
78
78
38
77
79
61
78
28
26
74
36
49
19
6
58
46
53
48
31
6
11
55
6
30
49
17
23
72
12
66
43
70
64
57
35
23
11
6
63
58
40
34
4
64
49
48
6
69
41
33
51
49
65
52
42
58
70
66
47
35
26
18
14
32
12
61
25
3
65
27
71
10
20
40
53
2
64
56
60
68
10
75
23
15
28
2
20
13
54
15
57
17
11
21
61
75
79
23
46
79
6
30
56
66
70
13
73
25
17
59
7
9
63
69
17
12
70
53
74
31
3
64
68
3
60
57
50
13
29
47
59
15
13
41
12
32
47
76
49
69
33
62
63
59
46
48
42
79
26
64
45
58
7
53
39
32
18
23
69
24
39
4
51
76
51
66
69
75
56
40
71
79
25
79
22
68
35
14
63
31
23
67
21
79
12
24
21
27
52
11
60
25
29
