1500
100
26
55
93
59
38
16
71
31
43
79
44
79
37
63
55
60
60
97
4
13
41
13
43
99
84
53
96
27
32
2
29
12
69
26
16
8
66
4
50
48
31
80
100
65
62
9
55
56
38
99
13
69
91
14
75
99
22
32
58
78
40
82
6
77
60
73
31
52
89
94
26
48
11
34
5
53
41
89
37
35
75
16
23
19
73
55
61
86
61
35
21
91
98
52
64
9
65
42
26
85
82
48
83
61
71
44
15
19
50
36
37
63
98
36
42
36
77
30
18
3
84
97
100
15
21
72
46
56
19
81
31
28
75
89
87
55
23
63
80
14
59
4
20
99
51
46
13
56
14
67
54
44
45
87
39
11
43
51
76
34
55
71
38
47
5
86
1
98
14
52
47
2
46
5
46
84
13
16
9
19
70
71
86
82
90
22
49
64
76
60
25
67
46
5
8
62
94
92
58
42
24
82
55
16
76
83
65
55
8
40
46
37
46
62
46
27
15
70
61
67
4
22
34
85
44
75
76
94
28
78
82
3
76
6
60
8
37
99
80
37
68
81
59
82
73
40
46
58
97
84
64
99
37
7
28
28
45
47
43
47
58
29
27
27
73
92
84
75
15
94
39
29
34
81
24
51
23
49
75
18
48
74
29
74
77
95
76
62
76
8
66
4
94
49
80
50
3
59
40
90
65
81
34
45
11
50
62
100
95
89
78
15
40
2
65
15
18
59
28
93
37
63
24
27
46
67
15
4
18
84
10
40
53
97
85
11
26
50
44
57
4
24
24
33
12
50
1
9
43
17
51
20
81
26
5
71
96
8
63
36
87
12
54
36
14
64
68
76
98
68
30
60
78
36
43
95
51
1
15
67
18
23
64
44
50
62
30
55
90
86
36
7
14
18
61
22
54
91
76
58
12
34
81
31
59
7
63
79
79
16
54
82
3
35
35
3
42
22
7
57
9
38
47
65
99
8
99
82
96
34
71
100
44
49
35
45
39
30
3
28
95
82
93
37
88
95
21
53
90
76
67
46
18
34
51
100
63
55
95
68
50
69
46
8
51
24
51
92
56
20
58
62
49
61
69
11
85
74
8
91
48
73
23
69
75
93
73
74
34
72
48
19
15
31
28
54
85
66
60
71
66
96
92
97
32
41
77
67
96
58
23
38
4
28
20
87
67
47
82
100
44
65
53
25
58
30
14
32
76
11
61
80
24
37
65
72
62
18
46
9
1
7
7
91
81
87
50
59
81
12
20
48
81
7
69
59
91
36
93
71
4
70
99
74
8
27
80
39
24
97
17
29
35
48
17
9
51
60
90
89
80
49
39
81
12
33
5
52
94
34
36
27
43
74
13
25
40
46
66
82
25
67
26
8
89
94
59
18
42
73
45
72
84
84
17
27
19
13
62
44
55
78
5
79
99
53
9
8
58
48
48
14
5
89
65
7
95
55
56
58
90
65
26
97
5
78
16
68
94
87
82
74
92
19
80
95
41
88
85
20
1
28
89
74
64
18
66
73
99
55
62
3
62
74
97
30
63
96
36
58
8
25
68
47
46
76
18
78
31
32
18
66
53
79
72
82
60
92
97
90
76
48
96
7
5
66
68
12
22
46
63
85
23
36
60
59
59
95
50
59
24
4
93
97
89
67
66
68
95
95
8
70
32
30
99
26
77
23
20
55
13
55
28
37
89
65
11
86
42
4
67
81
19
60
44
72
73
24
5
78
68
92
92
2
8
1
46
4
31
98
66
13
4
12
35
68
17
29
20
41
60
86
83
37
42
72
88
4
23
5
5
53
78
40
14
20
20
66
8
42
66
19
66
100
99
96
63
21
87
37
23
68
85
9
94
7
40
73
67
45
35
44
50
95
26
38
72
11
13
82
18
6
63
24
72
95
32
40
65
66
39
18
68
9
3
79
42
75
59
92
74
59
22
82
83
54
35
48
10
97
38
18
12
88
61
43
1
7
15
74
98
18
43
98
82
74
77
58
44
55
95
46
6
3
25
10
24
1
91
71
31
50
47
12
70
20
50
21
76
63
37
1
29
85
38
43
34
41
34
65
77
62
100
30
25
3
52
64
85
34
18
93
47
62
97
73
17
59
31
15
43
52
79
99
19
99
17
78
90
2
97
57
62
99
67
99
17
8
55
60
21
28
45
22
90
71
75
7
69
71
40
64
58
45
81
27
6
47
1
74
9
6
19
69
78
12
73
69
40
84
46
46
41
56
51
57
45
26
42
98
90
21
61
24
12
39
64
3
26
46
25
65
64
71
49
85
87
30
35
66
69
64
81
88
10
70
55
75
26
66
3
20
53
99
60
81
68
89
88
21
64
91
13
85
81
88
70
66
86
63
71
75
95
64
48
9
65
49
29
65
67
26
99
66
70
8
88
41
69
28
61
46
35
70
88
67
29
62
16
48
29
52
50
25
76
51
75
58
91
84
47
32
5
32
31
16
91
74
48
68
57
65
47
91
64
13
49
66
6
79
51
69
91
6
24
36
2
26
62
44
100
8
60
97
25
68
68
75
22
93
97
80
97
18
31
68
49
40
57
8
4
17
91
72
22
8
68
90
9
5
2
20
89
3
18
28
100
45
77
85
20
24
80
100
84
32
29
100
33
1
41
65
55
35
63
4
67
87
93
91
82
79
70
17
88
69
32
44
5
72
68
71
90
62
46
38
84
61
34
44
74
62
90
11
26
91
5
29
59
48
2
10
65
41
66
1
56
27
86
38
91
74
57
7
45
70
23
34
65
32
8
31
85
34
95
90
7
96
80
35
48
66
27
20
33
59
15
83
52
33
62
49
41
10
62
43
85
46
19
49
41
90
22
73
91
38
79
20
36
1
65
13
88
36
21
64
34
81
72
1
56
30
7
46
28
83
13
60
73
44
17
37
49
51
72
14
47
26
27
89
47
18
31
50
40
31
83
56
7
71
46
24
99
50
21
4
51
90
80
16
69
91
95
48
20
14
72
41
66
92
37
61
7
15
13
56
21
67
36
96
20
38
89
3
50
72
22
83
34
22
62
99
62
40
94
71
87
38
79
31
85
93
31
22
23
38
34
4
64
4
22
86
59
4
19
82
71
54
68
52
18
74
44
36
100
3
12
52
70
88
39
51
17
89
94
48
85
76
78
24
96
58
63
53
38
3
9
42
11
52
92
50
78
41
35
98
34
91
51
31
74
98
77
26
35
18
100
59
72
75
10
35
30
91
13
49
19
37
57
81
10
98
75
76
28
28
69
49
74
1
36
37
3
62
15
37
71
45
49
39
9
79
56
71
70
51
3
68
8
64
41
71
48
19
58
88
45
27
3
4
58
13
15
42
40
65
61
96
44
64
6
24
98
11
57
3
66
84
60
70
17
30
47
76
40
93
59
26
98
49
