1200
80
13
3
60
32
64
28
1
33
14
29
82
6
80
90
32
7
89
94
62
68
61
51
17
16
57
81
31
5
9
42
93
44
18
46
93
57
87
91
91
68
74
22
26
4
60
61
6
45
39
57
98
7
37
55
97
62
76
91
92
27
98
37
42
56
29
98
7
39
15
35
67
79
87
10
19
43
80
73
31
76
33
65
19
38
68
34
24
49
84
31
6
97
94
23
71
95
85
50
46
4
1
97
9
61
13
78
65
55
88
7
19
24
91
22
45
89
50
23
1
42
53
71
69
27
79
13
18
93
50
60
97
83
45
22
41
47
56
92
84
6
14
43
42
73
61
7
4
77
70
100
53
89
56
19
94
4
27
36
42
32
83
53
93
33
5
54
42
16
85
38
53
45
97
80
10
50
66
27
57
6
30
82
94
6
39
58
16
85
46
35
17
30
99
20
62
44
84
94
98
41
5
95
96
100
54
53
74
100
72
29
80
34
73
76
10
50
60
87
22
82
6
80
57
26
73
97
94
2
96
97
4
22
4
98
28
76
8
92
89
44
63
44
30
79
18
17
3
93
30
64
89
55
18
29
50
57
83
29
35
83
14
77
100
60
62
68
48
57
2
34
2
29
14
70
92
90
67
89
3
98
55
76
60
14
61
28
9
66
17
52
77
68
56
11
87
95
62
85
33
97
5
63
66
59
86
36
69
23
54
4
86
55
49
60
25
13
30
19
54
63
53
22
7
39
68
7
83
58
35
62
100
31
27
98
46
8
65
32
90
56
61
68
69
22
57
40
63
77
99
23
84
12
69
67
51
16
84
87
5
58
71
67
46
44
34
29
50
16
6
11
86
64
33
29
78
79
6
39
21
79
1
30
50
6
63
41
59
72
25
23
40
13
31
58
68
8
3
1
3
25
65
67
82
28
12
14
98
63
88
15
89
86
79
2
33
85
55
88
43
91
88
74
99
28
33
91
28
41
55
55
9
100
37
63
58
5
99
28
6
62
80
53
63
25
82
50
50
54
65
54
34
95
56
95
60
35
59
88
86
22
33
98
29
96
24
55
43
13
62
67
33
7
1
56
13
14
51
36
90
13
68
84
23
38
16
68
7
32
36
52
53
28
70
44
24
37
35
45
60
36
44
60
43
28
11
63
36
6
83
42
62
42
47
12
21
21
100
58
88
82
35
46
34
41
90
16
75
55
52
68
76
96
20
40
74
100
98
11
6
41
26
41
52
10
56
26
90
40
38
8
92
23
35
58
34
74
95
29
20
66
54
74
11
42
38
97
17
48
34
21
63
2
60
48
18
89
35
64
17
98
30
20
3
29
27
9
20
23
8
54
71
44
89
83
92
27
58
75
32
31
67
99
49
57
63
89
38
98
39
20
88
52
2
14
4
76
32
37
91
91
41
22
24
92
95
65
60
29
78
10
5
3
98
4
95
25
78
78
39
6
40
100
98
44
66
98
29
98
79
47
63
71
94
23
33
9
57
37
67
5
65
17
22
91
7
31
21
31
52
76
6
78
75
43
18
7
10
63
70
51
82
28
72
36
72
76
32
35
94
91
7
92
51
70
34
38
75
6
61
47
33
5
20
80
42
28
19
98
87
58
54
35
94
31
16
37
80
29
23
17
2
45
98
48
79
89
4
66
46
50
37
76
30
61
4
60
13
47
76
13
43
90
47
9
46
27
37
97
38
60
90
53
33
57
9
52
51
55
66
96
22
60
17
59
41
27
99
49
88
93
63
8
2
45
62
99
35
85
75
56
82
1
61
81
8
98
87
52
64
7
55
87
88
42
85
97
30
85
96
74
68
47
36
87
48
60
83
77
97
24
60
22
93
46
14
48
1
9
79
90
56
80
80
57
60
63
83
69
6
98
37
63
27
37
76
89
71
83
90
18
17
23
20
82
52
29
57
32
90
31
68
99
31
84
17
76
11
11
70
94
10
79
18
42
38
6
12
45
26
73
10
37
9
88
27
64
58
97
59
98
34
47
68
41
57
7
3
47
60
13
86
87
62
92
64
17
78
17
74
13
74
8
12
59
17
66
82
52
78
93
31
16
84
61
38
90
30
90
71
42
47
11
50
42
64
20
23
7
71
32
65
52
64
40
69
7
62
92
68
1
78
45
86
46
87
5
24
91
72
43
99
6
65
17
65
27
69
100
87
15
39
56
54
80
69
76
17
33
34
81
81
57
85
26
68
71
9
18
45
64
94
5
49
99
5
41
52
39
73
71
42
67
78
9
21
18
7
50
4
34
14
78
24
94
48
57
73
49
14
31
70
29
21
18
27
14
33
45
93
58
80
70
47
22
26
47
89
5
16
7
14
66
41
6
23
34
9
80
20
28
15
28
98
89
79
25
34
61
9
59
42
31
86
61
29
87
46
82
60
87
80
61
16
15
90
3
42
27
52
35
58
96
50
25
57
83
22
32
32
31
65
89
40
36
23
61
26
4
8
24
91
17
26
12
99
91
28
67
31
2
25
36
3
31
68
32
49
18
100
55
59
94
95
81
37
21
93
80
28
32
89
59
56
51
62
37
84
90
12
65
63
51
32
27
85
36
73
24
74
60
80
69
38
26
98
32
35
60
1
38
36
46
71
31
67
94
34
90
73
92
52
44
97
94
93
47
63
93
64
10
65
59
98
71
53
40
79
56
92
4
64
16
51
47
24
25
62
7
41
42
32
5
45
61
39
4
4
34
16
60
