180
60
104
96
96
95
100
96
95
101
105
101
102
96
102
95
95
96
100
98
103
105
99
101
95
99
102
100
104
99
104
104
101
104
104
105
104
98
105
98
104
97
102
95
101
104
103
103
102
96
105
100
99
101
97
96
96
100
96
102
103
102
99
104
101
104
101
99
98
96
95
100
99
95
101
103
105
103
95
95
99
102
102
95
104
97
105
99
98
98
100
105
97
99
101
103
103
95
100
104
102
101
103
95
98
99
102
97
99
99
102
103
102
100
99
96
100
105
101
100
103
105
98
95
95
99
100
100
102
104
95
102
97
104
104
95
96
96
98
103
95
99
101
98
98
104
102
105
105
99
102
98
97
97
103
97
104
102
103
99
101
95
99
97
96
104
104
102
97
100
100
104
98
105
97
96
101
97
96
98
96
105
