200
20
598
783
1597
561
866
364
423
285
1860
1370
1108
1239
427
1722
1053
658
55
552
1207
991
1430
1421
485
1407
859
467
128
1740
1379
455
1977
575
688
1354
231
359
1146
660
1959
804
1351
1508
1800
846
1849
1101
1876
1219
321
597
1576
1561
1213
833
1919
1803
1294
474
1022
708
777
1815
1899
574
42
1875
617
226
442
1860
302
1881
1917
541
581
616
1816
133
1612
771
1240
386
549
1681
1580
524
1381
1701
242
630
1579
951
435
202
226
679
508
1742
1652
89
520
1412
437
735
34
748
725
1105
632
163
1735
1182
493
47
574
1992
568
491
735
1862
900
1769
809
1075
116
1933
1057
524
1524
1893
1783
1372
430
1273
904
1193
1346
1848
247
89
1134
592
1074
1636
18
874
1170
1647
492
1489
1434
424
1962
4
1967
3
1340
81
1503
1257
1048
176
1314
1853
841
26
206
1232
970
607
1191
527
1784
734
60
887
1994
1127
640
726
912
1047
1912
1796
1780
1258
1789
521
1700
476
637
1483
1071
1935
909
395
1406
411
1042
1262
