800
80
85
64
15
71
41
30
55
50
41
57
94
26
30
81
64
74
26
4
4
43
46
75
44
60
100
33
81
6
98
60
71
4
87
75
41
59
94
25
68
26
57
80
3
55
67
80
59
62
79
80
13
78
54
50
55
37
71
93
94
78
58
28
93
94
51
2
45
13
93
93
26
100
4
26
71
50
82
12
65
76
21
60
47
32
48
55
27
7
12
3
5
21
94
55
10
65
59
21
62
99
76
21
1
71
87
95
41
92
46
37
99
93
53
43
12
59
5
80
58
68
7
67
55
82
31
20
45
47
69
28
22
43
84
84
35
64
32
40
94
37
32
10
61
97
97
92
79
65
47
96
46
38
63
66
94
8
2
83
18
81
95
68
81
94
33
18
45
1
30
59
15
3
20
64
43
19
21
5
20
9
94
75
63
55
9
45
66
82
5
10
38
29
13
1
5
19
40
32
76
41
40
67
68
90
54
77
88
55
32
15
69
63
69
62
18
35
10
30
24
65
71
28
30
55
30
14
100
3
63
74
35
70
87
2
75
6
98
95
8
46
16
85
61
69
11
61
88
21
48
60
5
54
31
95
29
1
5
41
56
80
40
40
16
82
5
6
43
58
100
23
34
20
1
76
88
37
95
80
1
43
63
25
49
82
75
34
83
36
86
17
84
28
2
53
94
2
98
47
40
98
34
27
87
3
40
60
33
25
44
73
38
57
19
89
5
53
81
62
59
3
40
54
42
93
65
46
19
79
25
50
20
92
60
6
46
56
18
91
4
49
88
61
12
24
73
15
77
40
40
73
98
23
99
96
92
49
56
25
39
64
100
91
50
5
41
47
37
53
30
43
61
41
46
21
88
12
51
72
80
76
61
64
54
83
73
98
49
45
63
1
10
52
70
97
59
59
21
90
65
19
5
56
62
84
57
72
50
38
5
74
39
80
38
24
23
37
54
6
48
25
7
14
24
64
48
85
84
96
52
95
62
32
85
68
51
7
56
80
57
33
73
49
98
29
3
71
57
26
16
71
100
73
50
73
87
1
52
36
31
25
94
8
42
33
42
40
92
36
50
79
46
77
70
87
31
73
1
88
10
53
49
18
56
27
39
100
51
48
75
35
62
50
18
53
50
6
27
28
97
75
9
68
98
13
60
43
48
23
29
82
87
90
20
85
40
20
61
64
55
7
96
8
50
18
46
62
44
43
80
33
3
49
66
71
56
18
64
11
40
47
43
58
24
90
50
7
19
15
46
36
46
24
64
15
69
92
37
58
9
20
96
39
30
65
34
75
49
90
94
78
60
74
68
60
43
87
55
42
9
90
77
53
24
26
24
75
11
21
92
71
94
38
87
28
2
15
92
79
40
53
58
20
57
79
14
65
24
11
95
83
79
62
29
69
50
51
8
77
94
23
3
19
23
31
89
94
91
24
100
78
74
61
92
95
100
51
88
41
67
75
66
24
54
50
61
37
95
95
74
32
34
65
8
33
71
7
94
19
32
84
94
53
90
19
8
42
80
79
74
77
27
74
26
71
53
90
14
2
5
71
1
16
96
29
1
71
30
66
7
63
70
17
56
58
29
80
69
37
83
94
18
48
13
47
24
92
28
79
30
44
16
25
100
49
100
42
89
22
1
100
55
25
77
63
8
91
15
66
90
39
70
13
97
43
3
4
37
32
8
6
72
75
53
18
33
24
85
42
92
22
67
74
96
61
83
54
92
63
96
88
59
28
57
41
64
14
37
41
14
46
50
78
38
1
85
38
55
93
9
74
48
24
58
18
29
64
80
21
66
46
19
17
43
100
62
83
78
61
70
57
