400
40
582
3383
3399
2966
1997
2239
1636
1100
2830
2353
997
1156
939
234
3481
2405
3770
1979
2467
2915
1342
927
1951
923
663
2464
3793
1075
133
2325
2930
3198
2944
1100
1825
1596
1476
3494
3515
274
2663
2681
3886
519
3975
1691
3122
336
379
2274
1591
2306
441
3938
1219
640
3102
213
3989
3410
663
1870
3153
1905
3168
73
1948
2048
1011
2278
291
188
1370
1139
274
322
2887
2412
1295
3354
2587
3813
37
677
1173
393
1681
894
652
87
134
2438
2698
2019
3500
2368
3526
1262
1979
3149
3481
1123
3746
2457
1659
2927
2591
331
2980
2225
3449
286
2430
1824
2806
2401
1058
3350
3784
456
2497
3742
2911
577
2645
303
701
92
3753
2317
3878
2769
1058
73
1925
3608
337
183
3919
1148
2426
412
17
809
1983
361
1637
787
135
2667
2891
3721
2934
2454
1584
2909
372
2609
697
2752
2044
623
2198
1985
2452
1595
3040
3844
2705
3635
647
1932
2270
1111
1932
3478
3097
3052
1335
1101
3924
645
1897
947
56
508
3378
1965
1154
754
3573
1304
331
2483
3347
2064
2041
2651
390
2685
3220
3922
2781
1721
2731
1875
3454
1505
2007
2591
1877
990
3180
2678
405
1007
3600
2691
3077
1674
37
2335
1091
1181
675
2195
2444
1594
3694
3967
2463
1353
575
3518
1037
2243
1019
1448
2557
2419
723
1383
3380
1365
3090
2236
3316
887
354
2230
459
590
1052
163
289
369
641
3357
1179
2989
3617
1911
416
2989
3750
2407
3584
491
1905
1512
249
1378
3924
2860
1876
2330
1534
1970
1336
3416
207
137
1188
3952
2028
1284
642
2293
2234
1667
3157
1354
1553
3525
2156
2303
3937
1718
3593
791
3126
3063
1599
1218
183
2453
3622
1962
2311
2827
2399
2012
86
1516
3883
3236
1265
2538
403
2352
2427
1511
746
1702
1325
447
3892
3648
3407
586
307
1903
290
2080
3330
3640
1473
2665
760
3032
3960
1046
3490
1790
1571
2032
3355
242
1092
2020
22
2349
3416
381
248
333
663
596
280
101
2915
3680
2043
2665
2961
743
3646
48
2471
2869
914
3745
3146
1221
639
1282
1481
1781
3960
2853
743
3411
3087
789
668
133
2958
3119
2402
2704
2940
1653
2200
2624
2657
52
3111
3248
1197
3967
