250
50
73
78
39
1
79
70
33
16
13
33
10
52
5
56
56
46
53
100
25
15
68
6
33
19
58
78
25
42
79
49
79
33
44
66
60
97
51
56
33
17
85
69
92
61
76
82
26
82
76
6
21
18
51
44
7
42
63
83
85
3
92
90
58
35
57
96
30
15
77
44
3
22
90
29
27
32
44
90
6
72
75
77
25
64
90
28
2
51
78
95
90
68
13
13
60
45
32
14
16
58
95
51
46
97
25
80
92
95
4
60
93
8
85
7
12
7
90
50
90
81
23
29
57
61
20
9
44
57
36
29
36
78
71
86
81
69
34
56
12
51
74
1
62
29
16
31
46
41
55
38
52
48
59
98
41
72
16
45
28
85
79
83
63
54
1
57
73
59
2
38
53
75
24
23
26
48
31
41
70
48
99
81
70
79
1
83
54
92
29
8
81
92
89
80
6
45
83
21
5
70
16
65
41
75
90
65
51
17
41
8
63
77
48
71
42
13
91
100
79
12
60
46
38
56
6
85
93
46
73
15
64
57
95
99
40
28
36
80
31
82
47
42
97
84
28
11
50
37
45
35
