450
30
55
48
36
59
57
30
32
31
36
47
36
47
33
38
54
37
52
49
51
45
40
45
42
30
53
53
53
52
55
47
44
56
41
56
45
55
32
42
55
33
53
50
42
52
48
55
45
31
50
49
43
34
53
30
46
53
53
50
36
59
30
32
41
46
55
37
58
45
51
35
42
51
46
39
41
42
53
39
43
34
33
30
56
47
46
51
41
53
35
46
46
59
48
40
45
55
36
35
31
32
35
53
40
36
31
33
40
54
54
48
47
54
36
52
56
45
32
45
30
35
47
55
56
30
59
35
57
55
44
46
53
48
46
46
40
47
56
48
52
50
45
36
50
37
58
41
57
40
39
35
45
55
43
38
36
44
57
39
52
51
41
58
42
30
33
48
35
50
31
31
51
58
40
32
36
59
58
53
43
54
42
47
45
38
33
31
43
31
54
37
46
41
41
40
56
53
51
31
36
59
46
49
37
39
44
48
45
31
59
36
33
30
32
49
44
33
37
53
32
54
44
32
36
37
51
44
54
56
50
50
36
33
48
46
47
47
50
30
30
56
38
36
36
36
30
31
57
35
33
35
57
36
32
35
31
56
42
54
50
35
35
39
49
30
36
54
59
39
32
37
45
32
31
34
36
36
55
56
47
44
32
34
34
39
34
49
38
42
46
34
43
35
33
32
33
39
43
33
54
45
48
34
59
45
41
55
55
37
30
57
51
33
58
34
40
45
49
50
41
50
33
51
59
53
44
51
49
44
35
47
56
55
51
36
38
43
32
54
46
34
59
44
30
33
38
40
37
35
33
49
55
43
44
40
47
41
38
55
46
48
39
42
38
52
57
41
30
35
46
55
46
39
35
48
48
41
36
31
30
54
51
46
35
56
38
49
30
53
47
57
34
31
56
43
34
35
52
50
54
45
39
54
32
44
56
48
42
34
36
54
46
41
32
36
31
35
37
57
50
57
31
31
59
34
39
48
59
46
55
51
51
33
53
46
34
31
46
36
49
30
59
51
56
46
43
31
32
48
32
54
