400
80
100
115
99
91
106
127
103
86
152
123
120
150
133
102
148
153
86
111
151
83
93
145
92
95
134
158
89
105
124
136
146
147
82
115
92
120
83
84
146
124
97
141
97
152
110
143
150
146
149
117
146
151
144
119
143
127
100
137
108
94
90
117
139
117
117
140
123
131
81
88
140
89
120
144
150
153
127
107
106
99
80
118
83
127
89
102
143
110
81
101
149
149
137
124
146
106
126
150
115
100
86
123
134
99
121
116
106
114
87
99
136
124
133
118
91
101
108
121
84
88
124
89
139
159
96
130
95
90
97
96
83
105
82
120
119
137
150
133
131
140
144
151
90
106
137
108
108
114
135
137
137
128
129
147
124
129
149
90
121
131
110
130
155
150
109
121
155
111
92
138
149
114
83
80
111
85
125
125
95
122
97
130
81
124
114
138
154
94
151
157
109
91
86
108
138
95
82
146
125
111
139
143
155
109
107
108
138
95
135
119
128
145
128
120
109
86
129
89
109
131
92
119
137
119
102
157
84
88
116
159
113
100
126
111
91
90
116
113
93
123
128
155
96
81
87
138
141
153
113
121
91
137
83
86
152
113
121
159
147
141
159
84
125
145
140
139
148
107
129
144
90
109
86
134
146
124
105
112
140
120
99
98
158
142
157
147
158
98
139
87
138
152
108
135
152
101
157
93
90
102
128
135
135
122
97
150
116
82
136
136
97
154
147
148
131
149
88
147
152
128
133
145
88
152
154
148
80
90
117
158
105
90
138
90
122
94
115
144
97
81
159
111
91
157
123
86
92
157
125
129
89
98
159
159
152
146
115
94
141
148
92
94
119
96
143
140
103
90
135
83
112
129
112
85
86
137
136
132
112
118
153
92
86
154
155
107
114
103
110
86
124
125
121
88
140
86
128
133
144
107
