300
100
194
86
82
33
104
196
11
51
164
47
191
104
35
86
31
102
39
154
94
85
35
78
194
152
183
27
193
154
59
101
67
111
157
171
88
152
72
42
17
101
192
33
160
43
120
41
79
70
29
178
15
130
124
10
104
178
16
153
116
67
14
61
141
155
172
60
81
52
98
96
160
27
198
125
154
129
92
39
137
158
129
99
158
29
21
189
181
165
159
146
63
1
168
3
42
40
111
180
158
109
141
182
48
180
51
74
187
183
22
132
65
44
123
90
138
23
173
83
91
61
93
186
116
185
156
164
36
195
26
117
108
168
71
24
85
176
75
161
154
41
107
135
46
131
12
183
20
94
103
64
128
161
126
47
166
95
8
39
168
1
97
5
106
151
61
94
66
69
115
145
10
12
15
51
14
152
15
86
118
18
62
65
134
93
85
154
18
141
114
98
45
23
9
43
5
182
130
16
156
150
83
150
16
173
165
21
65
9
151
16
111
96
77
50
6
83
4
58
115
185
27
148
114
84
27
66
102
159
87
83
104
121
20
110
184
97
166
24
87
49
145
94
33
166
111
24
135
34
46
150
36
3
90
148
50
18
54
51
64
40
141
195
164
123
24
101
151
54
30
94
188
10
99
176
190
26
27
157
90
184
105
154
130
132
61
31
18
43
153
17
1
81
39
40
14
116
92
98
131
29
