300
30
5
4
4
5
3
3
9
1
4
9
1
10
7
6
10
2
9
1
3
9
1
5
4
3
4
8
7
1
4
9
8
8
8
4
7
5
1
7
8
6
1
8
9
10
7
4
4
4
2
4
8
4
5
5
2
4
5
9
4
5
2
10
8
9
4
2
1
8
6
5
8
2
4
8
6
2
7
6
5
6
10
10
4
3
7
9
1
10
10
6
2
6
3
10
2
7
3
3
7
8
10
4
4
2
1
4
6
2
10
6
10
8
2
10
2
3
2
9
8
8
9
5
6
2
3
10
8
5
9
3
1
8
8
7
8
8
3
5
3
2
4
8
4
9
3
4
6
1
3
5
6
4
2
6
4
8
2
2
4
3
9
1
8
3
9
9
1
1
5
1
9
6
1
6
1
6
9
4
6
9
4
3
1
7
4
6
2
1
10
3
7
8
10
10
8
4
5
9
1
10
5
4
2
7
3
10
5
2
4
2
8
4
1
1
2
8
2
1
3
10
3
10
9
2
7
1
3
7
6
1
5
10
5
10
4
5
10
9
10
9
10
2
7
9
3
10
8
4
1
3
3
2
5
1
10
2
2
4
6
8
3
7
3
8
2
2
3
1
7
9
6
3
7
10
9
5
4
6
9
8
6
7
1
3
6
8
6
2
7
10
6
2
2
5
4
4
3
4
8
1
