201
100
1051
1066
506
634
1090
1978
1957
1414
818
1325
1035
1705
1068
1573
858
890
1308
1
938
697
829
964
223
102
1026
326
1937
642
1757
1633
1401
1146
297
767
530
979
662
1733
1585
1633
1319
1849
1475
297
653
106
140
801
1596
690
467
65
856
1856
574
273
135
1664
1757
861
738
3
1514
1637
1523
130
1152
1855
1225
1544
613
644
784
188
1493
1959
1515
194
787
14
1215
1736
526
147
1605
735
1569
507
1604
1441
366
874
837
1734
1076
5
1390
1436
1938
222
798
129
1780
1827
1497
250
379
1435
1146
1809
1064
580
1755
386
1719
1864
506
1207
1417
766
105
1970
215
1470
46
1652
1045
1959
1950
148
1628
151
231
812
43
968
1859
880
462
201
1200
915
1326
302
786
1779
1723
1287
312
1205
1800
1152
100
1183
608
947
536
616
375
1135
1178
1775
1918
939
1573
1782
81
155
826
1022
480
694
1199
1712
178
975
205
1803
1426
841
494
858
1921
1492
874
556
377
1875
858
1231
65
1236
1416
1988
1253
325
1079
919
1952
1263
559
