300
60
95
101
105
104
98
104
103
95
101
96
103
95
102
100
95
105
100
99
103
103
102
104
101
102
97
98
98
99
103
103
100
101
97
104
100
98
98
103
105
95
104
104
102
99
105
103
103
104
99
100
97
95
104
103
100
97
99
99
102
99
98
97
98
103
97
100
104
98
100
98
105
101
99
96
103
102
102
97
99
95
99
105
105
96
104
98
95
95
99
105
103
97
98
103
99
95
100
98
95
105
101
100
96
99
96
97
97
101
100
99
99
101
104
96
103
96
103
105
101
105
103
100
95
100
97
99
105
101
101
96
105
98
96
98
95
97
96
96
102
102
102
97
96
105
102
97
100
104
98
95
104
103
104
102
101
99
98
100
97
96
102
97
95
95
96
95
99
98
101
97
95
104
100
95
95
96
99
99
104
98
102
96
103
95
96
95
97
98
99
105
101
97
102
104
98
102
103
96
101
95
100
95
98
96
101
103
96
97
96
102
105
102
104
95
99
98
100
101
97
101
98
100
95
100
97
100
100
98
95
96
104
103
99
98
96
100
95
100
105
96
101
104
105
97
104
98
96
95
103
99
102
98
105
104
102
99
102
104
103
99
97
103
98
99
103
95
104
101
95
102
97
102
96
98
100
97
105
101
99
98
98
100
97
95
98
96
98
105
99
95
96
100
104
103
105
98
103
100
105
99
