181
90
101
103
99
102
103
103
100
104
104
101
99
100
105
97
103
102
104
98
100
104
105
100
97
105
100
102
103
100
101
103
95
101
98
96
99
96
99
96
98
95
97
101
99
95
97
102
95
96
97
104
98
97
97
99
105
102
99
102
104
99
100
101
102
95
97
99
97
99
105
101
103
101
102
95
97
95
97
95
101
96
99
96
100
105
99
104
103
101
105
100
105
95
103
96
95
105
97
104
100
97
105
103
99
96
102
100
97
102
104
101
105
99
98
99
98
101
104
95
101
97
102
96
104
99
100
99
97
105
99
102
97
104
95
98
96
96
103
95
95
99
100
96
96
100
101
99
105
100
99
103
95
97
96
97
102
105
103
97
100
100
102
103
98
103
95
101
105
104
97
97
105
99
95
105
104
104
104
100
99
103
97
