600
40
40
79
54
48
100
19
80
77
46
18
61
60
53
22
1
76
75
82
21
5
22
22
67
57
34
33
42
42
4
89
32
79
2
51
11
69
84
82
67
5
5
81
59
95
82
63
25
59
11
80
66
47
54
63
93
67
95
47
69
16
1
72
9
12
81
69
52
63
40
22
100
50
8
61
29
45
43
74
7
95
41
55
27
33
38
95
37
5
34
10
34
11
44
47
47
24
24
86
74
96
40
42
6
28
33
30
14
7
2
92
51
80
23
49
93
51
27
11
29
100
30
48
18
56
36
70
47
97
50
62
28
12
64
82
81
18
71
53
65
75
38
88
65
67
60
73
40
57
42
40
64
42
36
67
80
34
8
33
75
35
36
93
23
78
84
31
58
87
63
81
91
89
11
17
29
53
15
59
41
3
20
27
5
67
95
82
42
75
54
99
3
49
33
24
85
87
69
67
41
10
81
42
85
14
62
68
47
89
84
82
54
1
70
57
31
38
62
11
82
72
44
96
98
49
15
55
72
99
33
92
85
16
8
8
33
73
47
88
91
61
94
76
23
59
50
10
76
58
9
20
81
39
58
73
78
33
14
85
73
17
78
78
87
38
77
33
90
28
26
66
27
56
63
80
14
19
69
8
84
57
36
93
50
91
3
66
20
83
36
51
50
1
85
43
95
19
35
21
83
2
85
20
95
81
57
47
24
88
6
43
22
88
56
14
89
94
80
93
93
72
7
56
19
90
49
99
73
97
64
70
95
74
74
75
75
93
89
10
7
60
96
32
5
44
61
83
37
69
28
71
72
8
14
9
29
97
48
50
4
86
56
93
12
15
67
47
49
66
2
6
51
9
89
84
51
82
17
54
58
42
84
60
40
88
20
3
97
2
15
91
66
35
1
67
77
9
75
99
14
29
15
3
40
68
87
88
19
45
74
53
67
29
33
46
83
75
28
23
56
16
54
46
21
36
73
96
69
97
36
30
66
14
96
75
41
96
46
64
78
8
42
19
11
42
73
14
12
87
72
30
13
50
34
43
59
12
71
92
13
21
28
18
45
10
86
78
45
70
88
59
38
94
73
54
60
26
93
40
23
9
59
6
56
56
56
59
12
63
64
10
37
65
11
97
11
48
49
41
58
91
34
96
76
70
85
70
30
14
24
38
77
51
3
8
67
84
12
3
67
80
45
19
44
32
97
86
7
73
6
19
50
32
66
7
52
69
79
86
99
39
97
76
8
18
82
24
14
99
6
69
16
72
100
51
96
53
46
6
60
69
100
89
1
85
24
10
17
54
29
53
89
3
79
57
89
59
77
55
44
27
37
86
96
96
70
84
51
47
21
94
96
75
32
71
100
11
60
49
74
1
