181
90
100
102
96
102
98
102
102
96
97
97
101
99
105
95
96
105
101
96
104
99
104
96
96
101
103
101
98
105
98
102
101
102
105
100
102
102
102
99
99
96
99
96
103
102
100
105
101
102
99
98
104
95
99
100
95
103
99
96
104
101
104
102
99
96
104
99
104
104
105
96
96
96
104
97
96
99
105
102
99
96
97
98
96
99
100
104
97
96
105
95
102
103
100
97
103
98
97
104
98
103
96
101
103
98
105
95
99
99
101
97
99
101
96
95
97
98
100
99
96
102
97
98
102
105
96
98
101
98
101
101
105
97
101
96
101
96
99
101
97
98
96
103
99
103
99
96
98
105
100
97
100
99
100
105
102
103
103
103
102
97
99
101
105
102
105
105
104
95
100
104
98
105
98
98
98
98
100
105
100
103
100
