250
50
103
96
100
98
99
97
101
100
95
105
98
100
100
98
96
99
103
103
104
98
99
98
99
98
100
97
101
104
105
96
96
103
100
103
97
98
105
99
100
96
100
101
103
99
101
97
103
104
96
97
96
104
100
101
95
101
101
99
95
102
98
99
99
100
101
95
105
105
101
95
100
98
104
101
98
100
104
100
105
101
100
105
104
95
105
97
101
104
96
104
105
103
98
95
103
100
96
101
101
99
99
100
102
95
103
96
103
95
99
104
101
102
96
99
101
105
102
98
101
98
99
96
99
96
100
103
99
95
104
100
99
97
102
98
102
103
100
103
102
99
102
104
95
103
102
99
99
95
101
96
100
103
96
103
100
100
100
104
99
99
95
102
95
99
104
105
96
99
101
98
100
104
97
103
105
102
97
101
99
103
105
97
95
101
105
97
103
98
102
99
103
99
104
97
105
96
102
100
95
104
98
100
102
99
104
102
104
98
105
105
98
101
100
101
96
103
104
104
104
100
105
100
96
103
101
100
100
97
100
98
95
97
105
99
99
98
99
100
102
105
100
96
104
99
101
104
103
96
98
98
