400
80
7
122
92
86
73
92
105
127
146
85
32
122
22
100
36
54
93
113
145
136
101
56
135
82
42
80
19
43
41
131
148
128
39
155
43
148
84
31
108
26
54
40
105
42
2
147
46
113
4
96
34
90
157
103
20
28
29
60
95
5
24
31
117
104
106
57
139
24
96
64
1
71
119
106
78
42
40
14
70
111
10
112
26
36
134
14
119
38
125
3
63
114
144
36
16
63
85
18
101
4
139
25
150
139
137
70
97
128
155
157
111
129
157
145
45
154
115
72
56
65
14
28
99
127
12
157
157
118
99
151
99
152
159
54
66
159
98
67
54
50
30
20
125
154
45
44
120
15
50
87
10
121
121
69
117
58
9
64
89
140
137
105
120
50
1
112
105
92
74
149
135
61
96
56
18
68
60
158
52
86
103
139
22
57
80
8
58
125
146
150
129
98
138
20
58
122
124
24
115
28
58
79
67
63
40
80
36
122
65
98
105
58
96
37
20
40
88
123
123
58
135
47
110
40
53
145
135
38
77
76
154
104
3
56
138
122
102
57
21
124
50
99
107
81
56
63
16
151
117
87
120
56
78
105
155
4
56
114
74
16
49
146
75
140
119
5
140
144
88
81
78
148
50
61
95
5
81
9
94
108
127
46
27
7
64
50
14
150
45
87
68
91
135
25
111
43
30
46
106
43
97
75
123
154
143
67
69
14
5
136
47
16
10
127
154
36
94
3
78
112
130
32
88
20
73
130
119
13
137
68
126
12
98
140
26
27
137
81
126
50
99
78
47
6
129
28
128
156
65
51
132
105
11
137
95
135
84
150
131
29
134
75
99
16
132
95
157
124
16
54
56
130
14
143
40
55
107
152
124
137
147
19
30
140
60
127
156
111
121
137
77
70
149
19
23
87
104
7
46
27
