600
60
100
97
97
104
95
105
103
105
95
95
102
103
102
102
97
101
105
98
102
101
101
96
105
104
103
104
97
97
105
102
104
103
101
96
105
105
101
97
95
95
97
95
103
99
102
100
98
100
103
101
99
98
96
104
99
95
102
99
102
97
105
98
100
102
98
101
96
97
104
104
99
100
97
96
96
97
102
104
95
103
104
101
97
102
102
100
95
95
96
103
98
102
96
102
105
98
96
102
99
103
101
95
97
101
99
95
104
105
96
104
96
102
99
96
102
99
97
105
97
98
104
96
99
97
100
104
95
97
100
96
98
95
103
96
103
103
105
95
101
102
98
101
104
102
96
97
100
95
103
105
105
99
99
103
96
99
99
103
100
105
104
98
103
101
95
95
102
105
104
103
103
96
104
105
98
99
103
95
96
100
99
103
99
101
101
102
105
103
95
103
103
97
97
101
100
105
105
99
105
95
97
101
100
96
96
96
99
99
99
95
102
105
100
96
97
105
97
102
101
103
98
101
95
104
102
104
104
99
98
101
102
99
102
104
97
99
99
105
96
103
101
102
104
104
105
103
104
102
101
104
95
98
104
97
96
97
97
101
104
102
100
97
98
101
105
104
104
101
103
98
105
97
101
98
105
96
100
104
104
96
102
98
98
99
95
98
100
99
97
95
96
105
95
102
103
101
102
101
98
103
96
98
99
102
95
96
95
102
100
96
99
95
103
101
104
103
97
95
105
100
105
100
98
104
99
101
99
103
99
95
98
97
104
101
102
105
101
103
103
95
96
103
103
102
95
104
105
97
103
105
102
96
101
95
100
103
96
95
100
96
102
96
102
97
104
98
100
105
98
105
95
105
104
101
99
100
98
101
101
103
104
102
104
98
95
103
100
99
104
98
95
103
97
104
98
101
103
103
95
96
100
104
105
104
100
99
105
101
101
97
105
99
101
98
98
98
100
99
95
98
95
98
103
99
101
100
103
96
96
105
104
103
97
101
101
96
102
95
101
99
100
98
102
99
103
102
104
104
99
101
96
97
99
104
97
95
100
97
104
101
100
102
100
101
100
100
104
101
99
96
96
104
102
104
103
99
104
103
102
95
102
102
105
98
102
95
97
100
98
95
104
105
102
97
105
103
101
100
99
104
95
104
95
103
95
99
99
101
98
101
96
100
103
102
97
101
99
103
105
104
101
98
97
96
105
100
99
99
104
96
95
95
102
100
104
97
102
101
103
102
96
97
104
103
104
97
100
101
102
97
97
99
100
97
95
97
103
98
95
95
96
96
100
95
95
96
100
97
97
96
105
95
102
104
100
102
105
99
101
96
101
96
104
99
98
97
102
102
103
99
98
96
97
104
100
105
97
103
95
98
