900
60
81
62
113
103
110
77
109
112
72
102
90
96
75
89
67
119
75
65
96
88
71
106
60
119
83
97
90
117
70
71
68
96
115
71
119
93
110
67
104
102
89
90
69
62
64
108
95
99
97
97
91
86
111
62
63
116
94
116
110
98
98
98
104
86
63
93
62
74
100
85
117
97
87
69
90
60
76
67
113
88
89
98
103
70
93
103
68
81
71
108
63
71
105
84
119
117
81
76
88
91
98
60
83
68
97
70
117
82
80
116
62
74
112
81
80
103
108
77
60
95
95
66
117
114
73
100
72
84
116
76
108
101
105
62
115
110
67
70
73
90
100
110
110
101
114
114
71
76
118
111
68
84
90
88
119
61
112
81
99
89
109
90
117
81
60
97
60
86
111
65
83
78
78
112
84
118
70
60
89
76
78
80
79
113
66
101
60
72
111
112
76
108
92
106
72
109
72
113
119
76
75
72
77
106
65
103
102
107
94
69
94
72
72
68
111
88
96
72
82
67
74
85
63
69
114
112
110
66
104
89
66
61
93
111
71
117
81
108
86
89
119
84
111
112
60
85
117
86
100
61
117
82
88
105
85
90
61
109
111
107
107
97
66
63
95
97
78
77
106
74
77
113
92
109
94
81
91
91
116
73
90
65
106
97
77
92
94
117
61
71
104
73
112
102
81
76
86
99
65
67
92
83
113
82
87
62
118
61
86
101
79
105
62
61
98
105
91
95
108
68
117
108
76
67
91
98
81
78
84
111
119
94
90
76
78
60
109
78
100
104
92
74
71
88
77
65
74
99
109
88
95
65
92
94
85
67
92
98
63
105
117
108
85
69
88
66
109
75
109
60
63
64
102
70
115
77
113
119
113
96
106
67
109
108
78
71
114
62
88
76
91
96
96
119
61
96
106
70
108
73
78
95
110
80
94
118
89
89
82
116
70
119
96
92
94
87
110
68
103
63
91
94
79
89
64
107
91
65
88
100
82
76
105
68
106
70
87
119
79
77
113
90
95
80
87
66
80
118
83
103
66
111
87
114
86
100
107
74
104
106
99
84
108
69
65
77
99
118
105
63
116
110
81
62
67
118
75
105
97
99
109
116
89
74
70
86
87
107
88
72
88
84
98
98
70
85
85
68
118
80
99
74
86
69
105
76
72
91
84
109
110
74
92
72
98
111
97
102
111
72
114
69
67
110
115
60
90
97
115
65
104
74
93
61
66
72
73
60
115
67
116
114
110
95
96
117
111
81
106
67
98
66
117
76
107
69
67
116
101
60
111
98
65
64
104
74
105
84
85
95
68
96
71
97
102
111
71
114
90
88
65
99
109
119
93
83
119
101
113
96
72
111
77
80
115
100
106
86
71
67
60
116
80
80
100
79
112
89
113
105
61
88
74
66
65
80
70
87
71
104
71
109
81
110
111
104
109
69
95
111
100
98
94
74
74
106
113
112
116
115
60
76
66
105
83
100
90
105
116
73
114
61
108
91
81
85
116
92
84
64
102
74
86
104
106
78
111
98
84
108
68
92
93
76
119
64
76
63
72
67
67
61
99
119
79
119
89
90
88
78
81
86
94
85
106
117
77
93
61
70
69
73
88
97
96
92
93
62
101
62
107
76
70
65
111
63
83
118
119
76
108
82
107
116
78
97
63
63
63
83
78
106
85
111
109
98
90
82
73
60
92
109
74
68
68
87
61
68
77
83
119
60
63
69
101
61
64
62
110
109
114
118
96
82
86
78
81
87
71
70
108
100
77
75
106
100
100
116
86
101
96
76
103
107
70
101
81
60
119
65
60
94
86
68
115
113
65
103
99
90
117
101
87
60
83
93
81
68
79
65
71
82
96
114
112
67
61
111
74
86
77
106
74
94
63
109
86
84
110
95
102
105
72
90
84
95
108
91
60
100
72
78
92
109
115
93
61
117
80
80
101
73
101
64
86
83
80
93
115
82
114
72
68
89
91
69
112
116
93
105
117
75
68
112
67
79
92
99
80
92
80
110
70
119
105
61
83
102
85
111
108
106
99
66
102
75
62
103
96
98
