201
100
82
30
67
49
50
65
6
90
58
17
50
21
94
33
29
32
69
44
79
89
58
93
44
63
9
46
72
51
40
71
57
90
70
21
72
92
72
79
35
93
52
23
72
28
71
2
9
82
1
49
19
49
93
69
33
47
29
61
93
67
100
48
42
78
56
57
5
69
38
41
57
94
3
27
27
28
2
59
57
37
30
46
93
58
41
12
61
28
88
94
76
83
30
58
5
75
31
38
86
49
88
8
21
12
60
43
11
48
14
51
87
93
48
47
34
5
25
29
15
43
16
13
69
20
26
49
31
98
12
4
62
91
44
13
83
79
96
96
71
8
42
49
3
29
74
49
14
39
55
69
12
100
96
19
91
57
14
42
73
47
55
66
64
28
23
49
59
82
16
48
14
9
7
28
46
76
15
28
97
91
28
72
36
30
82
51
46
27
100
23
32
35
65
6
98
5
88
64
97
38
96
