900
90
11
40
2
43
4
82
9
65
3
27
21
9
87
24
73
10
63
45
66
40
43
13
2
92
11
66
62
68
7
19
47
3
32
74
34
41
57
5
20
96
35
77
86
59
60
13
27
78
17
13
30
23
29
1
65
38
78
32
13
76
94
16
9
50
18
92
12
53
81
5
18
25
47
85
11
33
81
26
13
75
29
43
48
16
38
77
81
10
7
50
26
27
57
63
24
36
43
78
17
29
10
38
30
14
26
26
62
77
72
16
8
4
31
12
64
30
73
21
50
12
59
11
4
95
22
4
78
6
2
19
33
86
98
85
11
56
56
67
20
77
73
4
34
32
58
39
41
14
41
12
49
62
6
75
85
90
7
37
67
47
21
69
65
17
33
83
99
31
72
78
46
95
48
27
71
48
47
38
1
21
87
74
71
78
40
53
89
53
22
79
56
46
85
15
4
47
18
72
83
14
45
97
60
61
88
9
66
40
16
81
22
29
46
74
4
4
88
3
72
90
61
23
76
31
94
88
80
90
62
82
3
11
76
40
32
19
81
94
58
94
61
48
64
97
61
100
22
20
49
20
43
100
79
60
49
27
88
73
53
10
45
67
16
55
62
61
33
22
73
42
16
61
79
55
2
56
37
39
26
68
67
96
58
54
52
85
91
19
12
65
80
65
57
46
2
40
48
42
29
12
58
52
18
65
13
24
83
23
7
38
27
27
92
55
55
69
30
31
23
76
66
89
95
85
33
24
46
80
73
61
7
84
38
62
53
9
53
57
70
89
55
31
60
76
91
74
3
84
86
29
33
15
63
13
4
38
63
96
35
79
49
88
41
7
84
4
13
91
57
69
75
46
93
25
84
76
11
91
51
91
25
90
65
19
43
42
18
88
88
7
70
81
60
45
50
73
88
70
89
50
28
72
71
39
31
38
6
73
58
84
7
13
10
56
41
47
88
90
62
10
68
21
46
7
20
13
3
29
47
79
22
49
6
91
78
23
83
88
51
38
40
66
48
22
100
22
44
21
26
18
39
86
23
27
24
51
97
82
54
78
57
26
21
85
21
65
64
56
59
45
75
9
71
6
56
70
48
45
54
13
66
66
70
77
24
28
30
88
45
69
40
63
85
90
82
50
65
89
56
86
78
99
81
35
85
67
41
16
32
75
15
1
85
21
81
22
4
74
4
34
61
73
53
40
67
70
7
49
49
58
94
22
47
78
70
7
97
17
52
8
44
67
9
4
100
4
55
79
74
52
37
9
98
78
67
63
69
72
77
56
99
15
4
38
72
76
83
53
91
46
73
90
47
38
47
3
43
38
68
59
93
29
3
53
93
42
2
1
77
17
79
20
76
37
69
94
14
93
33
80
12
46
89
94
6
41
65
44
12
18
5
68
23
33
4
12
13
69
13
83
58
11
91
58
48
69
75
33
55
85
95
62
59
93
57
75
41
89
3
44
46
21
49
44
29
52
76
20
73
79
12
54
11
74
3
26
14
28
23
59
68
49
37
45
2
30
45
62
16
48
77
99
76
14
76
48
56
36
61
44
83
56
75
62
53
98
43
76
19
94
67
30
37
80
74
89
48
84
14
57
9
27
1
82
60
12
78
42
24
77
56
48
5
72
93
56
51
83
8
95
3
79
11
10
61
17
92
24
18
1
45
39
60
16
88
78
85
36
81
51
15
26
2
56
32
73
30
3
81
23
2
83
9
94
21
72
75
7
46
76
71
56
97
27
20
84
63
74
19
64
61
12
58
18
99
98
65
85
46
3
90
87
97
27
63
56
77
99
39
43
52
23
11
52
54
93
34
62
32
7
99
83
13
11
79
77
44
35
80
59
19
17
89
43
90
7
29
14
11
81
47
59
27
61
11
88
41
71
35
40
10
58
19
21
46
81
88
92
6
34
63
56
3
22
14
16
74
98
38
7
9
81
32
2
8
80
54
68
20
5
13
89
34
61
100
41
21
47
10
48
42
54
71
23
8
16
95
93
88
48
7
46
43
62
97
28
9
70
50
31
79
92
30
84
26
60
99
10
4
82
