300
20
41
25
1
73
95
81
37
80
33
21
41
20
82
85
19
98
13
38
24
61
70
56
19
10
12
12
71
13
63
8
52
20
99
97
85
70
56
63
49
33
14
65
27
32
68
92
56
98
91
2
41
74
72
8
4
17
32
10
93
53
76
40
74
12
88
48
100
51
4
91
11
32
97
53
24
46
39
52
71
72
44
67
42
98
16
57
37
38
56
76
56
12
35
66
83
85
12
47
48
80
86
41
15
79
30
29
50
2
18
90
96
65
36
66
89
52
78
70
82
20
49
49
94
60
58
98
62
26
23
21
19
60
65
98
69
9
13
87
65
45
88
80
87
40
71
93
14
19
47
8
22
84
73
29
64
42
17
69
77
87
66
87
33
81
43
25
85
30
98
56
78
35
69
2
61
23
82
54
80
98
100
75
66
79
22
69
29
20
94
73
15
50
12
58
50
90
2
13
5
65
27
43
71
50
12
32
39
25
5
3
43
93
88
28
55
41
46
4
34
26
50
45
22
68
75
40
41
51
81
88
57
3
29
41
42
32
13
44
20
42
73
19
66
62
72
52
52
13
8
38
59
22
64
54
21
30
65
4
74
84
46
51
35
67
82
68
16
21
97
9
39
86
60
6
5
62
2
69
73
37
48
95
33
8
50
83
72
53
4
43
17
18
77
79
33
21
45
23
30
76
