450
90
102
101
100
103
100
105
100
102
100
96
97
101
104
97
98
101
97
95
101
97
104
98
102
105
101
104
102
102
105
96
102
100
102
98
96
97
105
99
99
100
95
101
100
100
99
102
101
103
100
104
99
104
97
103
97
98
99
104
105
100
95
101
100
98
105
102
104
99
105
97
105
96
99
103
99
97
95
101
99
100
103
95
102
98
102
103
101
102
104
101
96
100
97
99
97
105
102
98
104
105
104
104
104
101
102
95
95
98
100
96
101
102
101
105
99
101
98
100
99
97
97
104
103
103
101
104
95
95
96
100
97
104
105
102
99
104
95
95
99
104
100
97
105
103
98
102
105
103
95
95
99
105
97
103
101
95
104
97
97
104
97
103
98
102
97
99
103
102
102
104
100
96
101
98
100
97
104
105
102
95
105
102
104
103
100
95
99
100
95
103
98
102
98
105
95
105
102
103
99
96
100
99
95
99
98
100
102
97
104
101
98
98
105
98
97
96
100
96
100
104
99
99
99
104
103
104
100
102
102
99
101
103
105
97
104
95
104
97
96
101
96
95
98
103
100
97
100
99
104
103
99
101
97
100
103
99
103
97
103
96
104
101
99
105
104
95
103
95
98
101
102
99
104
105
97
97
97
96
98
105
102
95
99
97
102
99
104
103
103
95
104
96
104
105
98
101
95
98
102
103
104
98
103
102
95
104
102
103
96
100
103
98
96
103
102
105
98
104
103
100
103
95
104
103
98
101
103
101
105
103
101
99
96
104
98
103
95
100
99
101
99
95
104
103
98
104
104
99
105
99
96
99
103
103
96
104
96
104
98
105
104
97
95
97
96
95
101
95
97
97
100
95
95
97
95
95
98
97
101
103
105
101
96
97
104
98
99
101
98
96
102
100
98
103
100
105
102
99
100
98
97
99
102
105
102
95
96
97
100
98
105
95
97
103
101
104
103
102
98
96
105
96
102
98
105
98
97
101
99
102
105
100
103
97
99
103
101
104
100
100
105
104
101
102
102
100
104
104
96
101
