1050
70
121
124
95
133
128
111
87
102
100
89
138
105
105
81
96
115
132
74
103
139
118
98
70
135
136
119
72
133
109
137
101
97
79
70
101
109
134
139
77
72
124
118
84
138
106
102
139
137
102
123
110
123
136
83
137
125
116
77
84
79
80
107
80
122
70
98
70
88
70
105
114
90
82
90
139
80
116
119
133
136
118
111
80
73
109
81
138
103
113
92
71
131
136
128
113
137
83
116
96
121
91
128
103
127
124
113
125
73
78
130
70
121
135
97
90
70
138
138
86
96
99
137
139
103
85
113
74
123
115
123
70
92
78
118
96
100
134
77
77
110
74
96
98
108
128
85
126
113
71
110
132
127
80
134
72
124
106
139
81
111
86
129
123
115
101
88
137
97
103
111
72
96
108
90
116
132
123
135
122
133
110
138
129
95
75
94
84
77
96
93
97
125
137
112
86
101
134
113
112
87
138
92
127
137
103
121
106
70
74
119
94
104
101
106
74
92
136
126
121
101
138
128
131
99
72
101
124
123
108
102
133
112
124
113
99
117
106
133
120
82
115
80
114
112
79
135
116
93
111
137
95
71
99
132
104
133
92
128
97
73
73
73
76
134
70
103
135
134
91
130
85
109
119
108
132
76
124
97
119
118
101
128
97
73
76
87
93
104
126
108
90
132
90
116
112
92
70
82
98
121
95
120
91
129
137
72
121
97
137
92
139
79
82
119
111
81
133
88
75
123
119
118
100
121
135
72
137
82
94
96
121
139
114
83
97
108
130
88
72
70
98
132
108
128
98
78
134
71
103
75
128
126
108
75
112
123
129
112
86
114
125
96
104
124
134
118
107
94
115
87
128
101
105
87
84
104
92
136
115
131
100
76
114
129
135
134
130
125
124
126
127
123
82
98
95
112
109
124
118
109
72
135
74
127
83
109
128
86
108
127
121
104
119
106
75
104
102
131
102
91
128
123
73
84
79
70
85
72
94
136
100
88
95
70
84
125
76
78
127
121
74
70
101
107
75
104
110
98
80
83
104
122
82
112
123
123
117
121
129
135
137
112
103
102
136
75
91
121
72
75
113
108
98
104
124
118
74
71
110
102
133
81
97
135
82
98
114
115
86
98
110
138
129
93
112
113
136
78
138
93
98
72
86
123
101
126
121
133
104
130
70
137
93
86
110
98
77
129
115
73
106
107
133
105
72
106
71
84
136
93
84
123
100
82
75
94
118
117
115
110
125
102
126
118
135
95
132
87
80
97
93
105
91
99
137
93
101
118
96
117
78
112
127
87
70
139
72
91
123
135
90
85
89
76
110
78
109
108
116
128
104
83
94
132
118
113
79
105
82
80
104
127
96
131
99
136
93
91
72
111
108
88
103
80
109
129
93
77
124
81
103
138
137
126
117
133
113
107
92
113
115
137
112
127
92
107
138
94
79
119
126
105
133
135
98
107
73
138
130
99
114
112
112
85
117
138
110
108
116
130
136
138
93
139
71
108
81
81
83
112
129
116
119
123
75
122
84
126
107
123
112
109
131
88
115
70
91
70
73
86
135
114
111
133
80
98
73
136
129
112
107
92
138
80
129
101
124
93
95
110
84
134
76
90
104
128
136
137
74
139
78
121
108
134
136
76
108
79
93
110
95
75
108
129
97
126
78
100
113
88
107
94
76
109
114
100
131
101
101
94
94
80
105
97
123
117
127
103
72
87
124
134
78
99
100
70
114
80
124
110
133
71
100
100
89
115
84
91
79
123
105
139
76
120
117
109
127
125
116
132
119
77
100
81
104
76
118
113
107
120
104
90
105
94
139
134
118
116
78
94
98
114
83
131
86
119
96
103
93
117
107
115
75
97
134
72
121
82
70
106
116
99
121
134
74
109
131
76
139
139
101
96
137
99
127
106
133
82
105
101
133
102
99
109
120
130
120
81
114
104
114
102
139
131
129
129
118
97
79
118
93
103
116
111
111
112
128
122
123
80
83
125
122
97
75
101
106
97
72
90
120
115
85
75
85
84
120
84
133
94
126
137
84
117
77
126
80
76
131
81
81
73
90
108
99
112
118
130
134
108
74
99
111
130
123
103
117
116
118
110
119
122
97
92
138
113
134
93
86
85
129
109
103
131
86
74
121
94
74
109
85
113
91
138
77
90
81
127
107
111
108
139
132
80
102
134
102
77
138
87
98
107
91
123
93
124
70
133
112
85
138
111
74
96
126
125
91
100
128
109
88
127
104
126
131
139
112
128
134
93
132
70
116
124
121
103
130
120
94
92
130
91
80
121
77
94
115
81
115
127
137
81
101
93
109
120
97
76
95
87
96
124
133
70
92
86
126
137
91
86
114
84
89
101
80
105
130
85
92
91
118
102
94
85
75
132
124
107
88
84
