181
90
124
92
109
167
164
176
109
133
164
137
127
129
121
157
97
123
162
145
162
156
124
94
176
109
173
91
119
136
113
114
179
172
115
170
169
136
106
93
169
149
162
139
166
176
90
126
111
154
147
117
138
104
176
149
164
157
132
165
134
120
173
119
133
158
172
112
130
170
110
179
117
121
91
127
156
149
146
112
124
113
133
106
130
92
173
143
152
124
115
152
132
157
91
116
164
153
178
161
98
148
158
158
144
118
94
109
173
115
107
138
107
138
126
111
109
134
113
132
132
109
108
109
135
116
98
178
99
141
161
106
104
94
128
108
138
167
111
142
135
147
127
90
117
90
161
93
119
162
173
165
178
105
109
120
146
117
160
168
167
121
111
165
159
123
101
102
149
137
136
175
107
159
149
102
153
151
170
90
155
163
103
