500
100
129
128
144
162
125
137
108
152
190
122
185
125
166
172
159
136
100
165
158
163
132
112
126
197
147
186
106
151
166
109
140
183
116
184
130
161
127
145
198
194
153
107
177
140
170
110
189
184
125
109
136
123
131
124
119
137
195
175
151
189
112
100
100
146
134
118
160
143
117
179
144
100
130
154
162
104
139
104
194
195
192
119
143
199
121
167
148
166
125
142
179
143
166
111
155
113
118
138
177
182
151
109
180
166
128
161
187
182
187
122
198
135
190
102
157
114
133
124
142
139
116
181
165
162
109
112
173
100
111
179
163
124
145
134
151
191
126
187
189
172
161
134
142
198
115
157
117
105
193
174
193
145
174
106
165
167
196
101
195
191
190
154
182
144
164
173
183
168
134
168
115
179
103
181
143
153
185
173
110
194
103
134
162
107
173
151
104
125
145
142
121
156
111
194
136
108
192
156
144
166
159
160
193
100
136
145
180
149
136
178
122
189
115
173
105
150
196
110
102
114
123
179
150
163
113
186
112
187
193
173
194
173
181
108
148
121
150
121
100
114
136
154
170
192
127
146
146
124
175
147
149
107
135
171
122
183
119
129
189
133
143
112
148
112
131
164
136
126
167
153
179
139
152
190
139
114
166
145
148
187
160
161
187
188
141
106
166
176
182
177
168
165
102
120
189
197
153
187
105
127
177
130
128
111
188
124
198
118
195
112
117
126
145
101
110
103
142
170
114
155
116
136
175
114
178
138
184
123
175
139
159
186
158
130
166
104
192
145
165
102
197
125
177
158
147
130
167
130
132
189
117
118
120
131
146
175
177
174
128
187
186
135
190
121
108
122
170
154
136
110
132
115
186
144
160
182
133
187
153
123
132
125
102
159
104
170
139
147
195
184
197
155
144
100
189
114
197
162
102
103
146
144
178
132
186
142
106
142
145
163
186
136
198
167
163
188
100
193
127
155
152
163
195
146
155
166
117
125
169
102
142
136
198
114
130
101
108
174
189
112
184
110
140
125
160
196
171
173
100
188
158
104
145
158
169
111
132
133
188
174
199
112
114
134
134
154
116
164
152
130
107
145
113
189
185
156
138
155
141
195
102
199
100
117
152
155
129
154
127
191
171
123
197
131
157
173
107
181
196
110
