600
40
104
105
99
104
101
105
95
95
95
97
103
97
102
98
97
105
104
97
100
104
100
102
99
104
101
103
101
98
98
95
104
105
100
105
96
99
101
105
105
98
101
104
104
97
99
95
101
100
100
96
101
99
101
104
103
103
105
102
100
103
98
99
100
102
103
97
96
102
104
100
98
102
99
102
95
99
100
95
105
103
101
101
96
95
99
99
104
99
103
97
99
102
99
100
99
101
96
95
103
103
105
101
105
101
100
99
96
104
96
102
97
95
95
101
102
100
98
105
105
104
103
97
102
100
98
100
98
98
104
98
98
97
104
98
105
100
99
102
100
104
99
105
97
99
99
104
97
105
101
103
103
99
103
102
102
95
100
100
97
105
98
103
98
104
100
104
97
100
100
102
96
95
98
96
104
100
97
97
102
99
98
97
96
102
104
95
96
98
105
105
103
101
97
97
104
96
96
100
104
103
104
98
100
104
103
95
101
95
102
99
96
100
95
98
104
104
98
95
98
95
102
98
98
105
98
97
99
95
102
105
100
102
105
98
99
103
98
103
100
104
97
104
103
98
96
97
95
95
101
105
97
96
95
100
105
103
102
102
98
102
95
100
102
102
96
104
100
102
98
102
101
101
105
105
105
100
95
103
97
100
103
95
103
104
96
100
102
95
98
99
100
100
98
101
105
100
95
96
100
96
99
95
97
95
104
101
101
99
96
104
95
98
96
95
99
97
97
101
104
103
104
98
103
100
96
96
99
99
103
101
96
99
95
98
99
98
105
102
102
105
100
95
96
103
95
98
95
102
98
101
105
98
97
105
96
99
101
98
97
104
97
97
96
97
103
103
101
103
98
104
99
103
101
105
100
100
97
97
99
100
96
98
102
98
105
105
100
95
102
99
96
105
104
97
98
95
96
104
104
101
100
97
95
97
104
104
100
96
97
104
105
105
102
101
96
98
104
96
96
101
104
102
98
101
96
100
103
97
99
101
97
96
105
102
104
103
96
101
97
100
100
98
98
98
98
102
105
95
101
98
104
97
99
102
102
98
104
98
99
102
101
99
103
105
105
104
99
99
105
98
97
103
96
101
103
101
95
104
104
97
101
102
97
99
104
101
96
98
99
100
102
102
98
99
95
105
103
101
101
100
103
97
101
95
100
102
105
105
98
103
98
103
98
98
98
95
97
96
98
105
102
101
99
99
99
105
104
103
99
95
97
97
103
105
97
104
100
104
99
97
101
98
105
102
105
101
97
98
100
102
100
96
105
97
102
96
100
100
101
99
99
100
97
101
101
95
100
97
96
100
105
96
95
104
95
98
97
102
103
101
100
99
103
96
102
99
95
102
103
95
101
96
103
97
101
102
95
101
95
99
