1500
100
45
78
20
85
97
41
29
11
24
92
76
64
75
78
9
73
49
56
11
25
52
51
63
52
93
86
41
70
75
8
90
21
86
90
96
94
84
56
52
29
48
87
100
15
70
20
17
15
100
40
97
79
14
90
57
20
100
26
58
16
91
64
19
47
50
5
65
2
66
87
26
57
73
64
25
65
87
2
15
87
30
50
45
19
68
53
84
22
35
10
59
45
38
76
35
66
77
67
34
80
11
7
84
97
82
40
31
86
9
18
53
47
62
42
4
21
29
9
23
38
53
46
11
88
72
83
84
46
63
15
44
100
12
44
7
46
36
76
2
45
81
91
35
83
16
83
100
68
51
70
83
39
65
25
85
7
17
26
27
96
15
3
26
57
8
67
25
89
75
24
90
88
66
24
84
14
29
12
4
69
24
42
95
35
31
18
24
18
29
92
63
55
38
60
35
54
85
11
3
35
38
96
57
50
53
9
29
89
62
31
73
49
55
46
67
95
69
64
44
17
2
75
48
90
60
59
25
42
68
49
80
92
94
74
86
6
66
73
78
94
36
2
37
52
11
67
24
17
99
73
18
48
35
79
29
13
53
20
3
32
42
95
21
69
96
28
100
4
41
55
77
17
60
51
97
8
72
17
96
100
48
61
91
22
43
5
71
21
9
94
51
37
15
28
75
72
79
11
34
84
65
80
59
98
19
95
95
3
62
94
11
11
73
3
100
2
81
9
50
35
54
49
49
100
74
8
57
38
37
2
53
1
37
100
2
69
1
60
31
13
39
83
89
65
48
40
59
12
46
10
90
13
88
93
90
49
34
48
73
96
22
38
46
22
5
25
9
1
34
95
39
17
31
68
52
82
43
17
5
15
27
82
62
96
81
26
11
99
57
35
96
43
12
48
30
9
71
79
97
87
90
46
72
43
24
8
37
98
19
91
42
100
64
45
46
80
40
93
57
53
60
1
68
3
92
20
15
19
51
44
38
1
2
50
12
92
17
82
56
26
97
84
84
68
47
53
99
6
66
47
39
60
78
28
85
47
17
11
34
85
74
9
64
63
24
73
20
49
75
71
57
97
71
71
57
27
73
63
49
85
60
89
82
79
84
26
83
3
26
96
19
50
2
31
3
67
39
16
58
55
96
95
1
33
34
31
22
71
9
74
49
94
5
39
7
94
7
80
35
97
40
88
55
11
1
98
50
64
65
88
5
57
51
45
36
35
21
39
14
28
39
15
13
41
4
2
93
86
32
34
85
13
97
47
43
100
77
18
99
12
90
2
4
6
59
89
68
88
55
5
89
84
1
92
56
51
10
49
85
28
98
48
16
67
40
4
6
54
6
99
98
64
20
13
66
64
77
45
36
27
17
42
31
76
20
93
73
70
83
42
24
88
24
51
38
93
84
32
19
68
86
82
94
29
100
70
97
67
36
78
24
100
41
64
17
94
85
14
87
27
95
88
42
65
28
58
94
17
97
70
89
89
56
89
3
50
60
65
32
43
16
77
54
60
70
64
43
44
39
63
10
25
99
61
7
23
94
60
88
62
9
12
73
57
46
59
42
31
3
18
97
33
69
24
97
62
53
91
6
68
57
47
60
24
43
61
71
35
9
62
59
44
93
88
28
16
65
50
56
59
86
43
32
85
46
100
82
63
6
88
51
59
90
97
38
22
10
45
29
2
77
64
68
27
81
25
22
92
49
32
40
98
14
34
80
70
6
29
82
71
39
72
87
31
73
65
70
62
73
52
54
62
79
95
45
2
93
65
8
93
15
62
1
95
8
57
21
74
76
68
59
36
20
36
15
67
44
74
74
93
15
72
70
3
25
5
67
84
83
32
19
17
18
58
30
58
47
95
6
71
26
70
86
36
47
8
43
74
80
23
50
48
45
52
1
72
13
98
59
56
86
27
91
24
21
22
44
45
63
97
56
39
94
52
67
63
22
96
96
59
15
51
29
46
26
35
30
65
85
96
36
96
29
45
80
83
23
6
64
48
16
100
56
5
85
2
84
88
15
2
62
73
99
16
32
14
84
7
81
76
73
76
34
33
94
96
54
67
89
90
67
31
87
51
62
10
65
41
49
86
27
96
77
66
19
87
25
27
32
74
9
8
5
23
80
18
28
72
79
17
25
16
23
67
80
5
88
60
96
33
65
9
60
10
14
65
16
52
33
18
49
32
16
70
41
62
33
86
82
74
44
42
7
59
98
88
62
76
9
50
64
100
17
49
87
87
25
52
5
15
98
3
47
61
12
6
63
62
17
55
97
25
83
2
26
67
76
7
64
69
69
49
78
6
52
72
7
10
72
63
91
93
12
1
60
2
13
57
78
26
11
20
37
29
41
24
25
25
66
22
41
38
72
100
63
7
6
30
87
10
94
71
30
58
68
81
53
68
13
18
30
21
32
31
23
74
14
26
81
100
29
58
81
19
16
83
100
76
50
74
79
88
20
40
48
26
41
16
61
17
99
50
55
60
26
92
74
80
71
93
27
81
62
55
23
97
84
61
27
99
19
75
33
4
1
77
77
3
42
48
46
90
43
93
50
22
19
78
56
22
12
99
5
33
18
61
67
69
25
58
86
43
94
90
87
68
70
70
12
72
100
6
12
60
86
32
11
88
11
98
100
13
25
72
29
34
4
33
76
94
52
3
1
61
11
91
43
76
98
21
22
39
71
25
94
18
8
32
11
63
62
7
47
67
79
28
98
42
96
49
9
10
19
62
15
78
60
51
48
47
86
91
4
17
92
44
8
93
9
30
55
48
72
57
90
17
76
49
70
45
4
44
7
53
61
78
72
6
60
48
8
48
11
10
55
50
12
91
54
78
2
49
44
51
62
43
11
42
59
61
63
15
96
73
91
7
12
20
34
96
6
24
99
72
14
2
82
5
59
35
89
52
17
40
43
56
67
32
2
64
79
19
91
21
20
6
49
21
23
73
84
32
12
22
41
14
2
49
96
2
78
96
1
77
96
17
34
96
35
97
21
81
60
16
39
2
100
7
72
89
29
80
38
12
38
66
67
34
57
30
10
75
90
87
32
89
51
86
51
43
36
6
70
70
11
23
79
60
100
3
98
84
26
74
90
10
84
100
4
68
93
100
51
26
40
5
57
70
18
47
14
13
55
84
35
40
91
19
69
41
19
63
59
38
100
79
18
98
7
31
87
59
25
40
68
11
26
6
49
37
31
44
11
47
8
35
40
10
8
97
33
58
23
42
96
38
66
71
96
87
59
5
8
22
11
63
87
30
44
85
59
59
19
17
15
19
96
5
45
65
17
11
64
29
50
36
77
70
2
87
62
4
66
1
23
16
98
44
12
50
33
6
93
40
96
67
91
67
52
11
35
83
45
15
54
63
53
96
35
70
86
15
69
36
30
36
100
91
61
69
