1350
90
179
159
158
169
115
178
125
108
176
166
141
128
125
119
154
103
129
127
179
158
172
116
93
95
134
143
92
158
137
147
114
133
176
169
106
121
119
120
93
154
167
154
115
165
92
103
178
160
131
115
142
135
92
159
132
148
159
136
131
176
100
176
176
128
175
118
156
108
149
147
179
160
145
113
163
169
150
162
152
127
124
152
141
106
94
96
117
149
120
140
96
166
166
121
103
179
117
139
108
167
164
116
110
106
149
117
129
166
137
161
107
137
134
145
130
118
130
93
131
102
174
159
132
135
167
160
138
119
94
177
91
115
138
113
100
123
112
135
159
96
111
156
122
92
116
120
158
178
155
138
152
114
109
130
98
156
164
179
135
153
179
128
153
113
133
99
165
148
134
174
164
96
145
127
94
166
98
111
166
100
177
179
120
165
130
168
161
130
134
91
144
108
159
124
135
149
121
133
161
110
98
126
92
177
123
111
121
109
169
97
127
169
111
147
90
127
129
97
110
114
97
149
125
144
162
121
106
130
96
177
171
140
100
139
137
162
97
130
109
129
133
96
99
106
115
133
179
107
152
171
104
125
142
169
151
117
114
142
140
106
120
109
95
117
156
147
122
150
119
119
174
94
103
158
131
109
111
98
166
121
141
110
175
157
170
140
96
114
160
142
176
104
156
145
146
92
126
141
109
124
90
177
172
95
91
96
118
172
100
103
146
162
174
111
150
115
116
105
104
95
177
162
149
129
130
146
100
170
170
143
178
100
156
157
155
145
179
113
92
102
131
165
138
92
111
98
125
140
176
146
143
129
138
141
112
157
97
92
111
101
149
166
149
152
132
108
128
168
91
154
92
143
130
177
128
103
94
137
126
178
158
153
164
136
147
114
95
166
100
132
127
142
113
91
120
177
176
163
155
149
179
93
130
161
121
123
135
138
168
167
146
132
173
139
111
132
142
118
121
145
133
101
100
172
161
105
119
164
130
138
99
103
144
143
107
159
167
173
106
155
162
169
132
131
154
148
93
121
94
95
109
114
115
153
178
154
100
174
114
103
146
174
133
119
164
130
165
127
173
106
133
92
99
174
129
90
173
119
120
176
162
157
165
163
157
156
93
122
116
155
119
175
157
144
152
177
111
96
171
162
142
99
159
136
105
130
90
169
128
162
138
157
146
114
120
134
117
167
127
94
115
97
157
128
95
151
173
143
124
107
92
127
143
117
113
106
168
145
139
111
165
95
173
124
97
100
104
112
122
111
99
112
160
109
149
92
93
132
121
107
134
153
140
140
147
143
123
150
146
99
117
104
91
112
141
100
146
167
113
94
156
145
156
160
125
169
120
149
110
164
148
153
140
127
98
115
115
140
160
113
126
168
116
161
98
124
139
131
94
99
123
138
133
163
95
114
121
103
136
118
123
106
129
127
98
154
133
97
153
99
152
170
175
172
100
136
130
135
108
122
98
135
149
155
168
150
125
118
102
168
157
126
96
130
95
130
176
123
150
165
134
94
142
127
176
96
91
130
140
100
152
143
172
113
127
131
143
123
141
145
172
92
148
166
162
150
140
109
132
97
165
121
108
132
150
102
160
165
166
118
122
94
166
175
174
179
166
130
94
167
105
121
150
103
150
170
98
162
106
132
141
154
108
162
133
97
173
170
144
172
107
142
124
92
99
177
100
113
90
124
119
168
111
122
120
108
108
135
136
168
92
129
128
158
99
105
97
99
134
120
165
128
150
171
136
121
157
152
116
139
174
108
133
114
144
93
118
127
106
152
176
133
91
161
102
144
179
133
122
164
158
176
103
111
164
150
149
178
139
101
145
94
171
156
90
159
147
167
161
99
119
119
177
95
172
134
123
104
137
173
130
129
98
102
179
171
107
137
172
168
164
177
130
129
139
123
136
162
145
92
109
95
107
169
142
90
122
151
121
120
126
146
154
103
122
156
149
92
90
156
160
162
148
114
152
123
110
138
90
154
125
112
149
178
170
161
164
140
132
91
96
124
108
148
139
110
137
97
176
111
143
142
179
95
103
144
150
108
124
135
92
139
157
169
149
119
158
100
139
119
131
178
151
122
147
175
115
93
100
138
172
177
114
125
113
176
124
171
157
168
118
103
136
108
150
94
126
131
138
129
150
126
105
170
130
170
156
123
121
113
149
151
179
113
133
123
166
158
90
132
173
177
166
109
90
148
168
130
96
152
137
108
173
135
151
159
129
103
113
104
118
113
101
152
165
152
171
153
135
123
117
90
138
104
166
176
142
135
158
176
163
116
161
122
122
98
114
96
95
157
132
107
121
146
105
132
111
150
159
167
125
172
171
150
115
90
90
169
96
121
159
95
178
146
107
171
113
127
152
135
158
171
171
101
107
114
101
93
94
92
94
126
121
102
176
139
97
156
128
112
151
136
141
93
138
156
171
160
124
128
144
170
130
156
90
132
140
144
109
175
165
176
122
90
171
160
132
159
157
110
138
91
95
130
91
136
157
92
93
162
146
107
111
133
92
103
101
124
147
104
98
135
120
150
171
130
124
169
92
145
152
103
105
158
143
102
149
107
150
117
165
96
156
175
105
170
177
125
150
125
168
126
99
173
113
127
115
130
167
172
127
109
105
105
124
96
130
169
139
143
110
150
122
132
133
161
173
101
108
159
139
134
121
129
111
162
103
108
137
128
147
153
132
100
165
110
168
105
95
152
163
125
101
169
104
112
111
164
102
141
92
136
177
135
174
103
112
148
103
124
97
100
143
130
147
164
154
136
159
111
151
176
117
139
170
164
169
119
100
155
133
136
101
91
179
91
137
128
177
141
111
111
147
150
160
145
155
131
169
100
169
153
142
157
148
164
141
149
136
131
172
139
144
102
134
133
166
172
109
93
179
116
161
153
173
131
145
171
125
160
169
114
147
93
150
93
119
150
133
102
115
135
134
95
177
172
101
135
163
136
177
105
174
148
95
148
153
111
95
115
164
154
149
150
104
148
145
142
153
96
134
170
93
94
98
123
113
159
165
175
171
113
127
94
103
150
156
108
169
169
148
136
157
143
169
127
108
177
146
114
