270
90
2
3
4
5
10
10
1
3
6
9
10
6
7
5
2
5
9
2
5
1
4
6
10
4
2
4
6
7
7
1
9
2
3
3
2
4
10
2
7
4
7
1
1
7
5
10
6
4
9
5
4
7
7
2
10
8
4
5
8
1
5
10
6
8
8
4
7
7
6
5
5
5
7
3
1
10
2
5
9
3
1
10
10
9
8
2
7
1
7
2
4
3
1
5
7
3
5
3
2
3
4
2
5
4
7
4
6
8
7
6
4
6
3
9
7
6
2
5
10
6
9
1
8
3
3
10
2
7
1
9
10
7
4
4
8
3
2
3
2
4
7
5
9
10
10
5
5
8
9
9
10
8
7
1
5
8
4
1
5
3
8
4
10
5
4
10
1
5
1
8
7
5
1
10
5
6
2
6
2
3
10
1
6
2
1
3
4
7
10
4
10
10
7
2
10
9
7
5
9
7
5
7
4
1
3
7
4
2
5
4
8
10
6
9
4
6
5
10
8
2
5
7
4
9
2
3
3
7
3
10
7
2
7
6
10
7
9
4
7
3
10
4
8
6
4
8
6
10
9
7
1
3
5
6
5
8
8
1
1
7
4
1
2
9
8
6
9
3
1
7
