900
90
2549
8559
5154
254
1592
6076
4139
8296
696
4418
543
6581
3315
1643
4008
8039
6848
3212
6323
362
4351
3936
534
1638
578
8021
5604
148
6849
2705
7040
3978
2693
6927
7307
299
4757
7193
6524
7138
987
6807
443
2092
6459
1901
4788
3692
8088
593
7324
6689
3376
1089
2045
6236
3535
6486
7439
1655
3329
2624
5347
496
7811
5894
741
378
6093
6745
7191
7690
1281
5456
1552
6561
8747
8624
2450
4689
826
3593
2717
762
6564
6173
4354
1975
6819
7904
5196
3704
4138
2160
5328
2151
3648
2246
7739
7574
7655
5990
650
6266
318
8886
8649
7958
1589
7293
1868
6746
7626
4419
3073
4802
3034
7389
6222
7597
5367
3181
8440
5379
2829
5709
5563
6279
2738
6187
2352
2234
6930
5736
838
3859
6874
8804
2514
3450
3684
5367
5899
3560
5781
8139
8574
4223
1479
6149
4722
8549
8962
4352
1800
7144
8683
2578
4885
6013
3794
3281
3029
967
1212
7174
7162
5615
5573
7819
1701
1307
4807
4790
3567
2280
2619
95
3002
8721
5208
4070
8488
5588
1895
1742
4203
2887
7101
8422
4161
6636
6763
2113
4628
2120
3164
7028
676
6039
7170
4393
901
5750
901
1180
2836
555
3296
7298
5701
401
1359
5604
1856
5429
5473
7896
4094
1563
3357
6030
3210
6912
1256
8566
7489
8532
146
7730
4884
1034
8685
4150
3592
2220
5181
3113
5156
1975
7797
3729
1227
5073
1134
1529
5952
2744
6025
309
6350
2748
2005
1949
1476
571
346
8031
5179
7761
6626
5435
7564
4207
819
4962
803
949
8074
3596
2362
8923
4464
8693
5372
327
8164
3421
102
1421
343
2378
2091
2389
4966
6998
7776
264
389
5960
3851
5211
6734
2399
2272
5698
3484
5237
4581
8913
6755
6328
2408
6829
6051
191
5097
6769
3838
2085
3455
6437
7798
6764
778
1250
6362
7594
5064
263
2469
6981
5176
479
2564
4649
8839
868
7155
7780
7936
8341
1666
7852
6757
2292
5831
2791
3274
7631
4626
6732
5701
7486
4376
3169
3099
3638
3329
2107
4385
8955
5168
401
7595
6483
5709
2140
1574
6429
507
3763
5498
3568
2916
6464
3015
4288
2687
7052
7572
8519
7647
1805
5427
1448
7723
201
3123
6675
7292
8624
4400
1127
4932
8599
5665
3721
116
7062
6131
8355
5729
4377
5431
1038
8794
7485
1272
7741
2902
5666
484
7312
186
5430
3304
5194
837
8008
1880
2042
7070
1088
4397
2617
7865
1047
7332
7140
3593
4902
7766
2832
2886
3157
8399
4522
7718
2084
498
4008
4363
3016
4875
5521
7638
8406
1820
2511
6300
5004
6679
7304
7563
3374
2674
968
4946
6280
1617
3875
7762
3849
1854
7016
2677
1119
1495
7254
3368
2756
7994
3670
8602
8198
6943
7479
6181
2992
5423
81
6475
2103
3109
3807
3863
113
4354
6334
7290
7825
536
3938
3335
3665
2643
6611
8304
824
5293
5938
8984
4587
1558
2901
638
4733
3407
7161
8381
6988
5374
2237
7312
7787
5289
2671
6375
2545
2992
4891
8248
1404
5517
129
5123
7033
5431
4560
779
6203
1103
8143
6325
7479
4739
4740
6220
398
8364
6945
8179
684
2145
560
4594
3284
2642
7099
6955
5643
2125
242
8343
774
6979
2351
3125
1214
5312
8973
7168
670
2982
5922
5290
4620
1914
6921
5183
6651
1544
8694
3783
7051
3689
7070
5868
3903
5660
1356
6247
7425
342
3286
5359
5775
6566
7487
2782
1773
4622
1070
4854
5822
5554
889
3620
253
5451
5850
7477
2992
2531
8141
2629
5423
6852
8660
922
5253
5785
8440
5726
8452
1162
8265
3602
2093
5384
748
6814
4067
6530
4817
4781
6910
8166
7530
1260
3021
2956
6394
937
4004
2232
1449
5948
3221
4951
6264
3364
4907
2663
5754
2533
4787
8406
3772
2120
2198
7527
2082
3008
8269
5520
6094
2842
1461
3226
2548
7732
8851
2538
1888
2833
6438
874
186
5580
7003
3695
7607
1479
8194
4722
8015
5036
4084
6164
1271
2161
5498
7139
6881
752
158
4486
3533
5741
2894
5561
7721
6051
1732
8551
4677
7904
6185
6607
7223
1292
460
8648
97
2620
1760
5911
8232
432
8444
4890
6677
294
4670
8914
1861
5399
4130
4789
732
2204
5690
1781
6872
1962
2634
1880
6253
2224
2916
4790
4136
2786
6141
7861
6961
451
1982
7806
1884
2567
6993
8667
2784
8939
3982
4620
2880
1370
4017
3004
5242
1754
2106
5764
4176
2395
1833
4409
2176
565
5596
7321
2444
716
5419
3890
2761
6982
139
5960
5525
8572
6677
6103
2666
1753
7821
3667
3482
8990
5766
6326
8973
7447
7999
884
2195
7352
2992
614
761
2521
5067
4771
1267
2931
4404
1257
3134
1800
5259
7129
4063
1220
2416
6554
3881
6666
6725
7674
98
8075
6865
3985
7430
5212
2861
5140
6422
6133
7464
829
7661
6709
8036
5864
952
239
2556
4264
4345
1222
8571
719
8290
78
4706
1613
7933
766
1552
1698
5152
2331
2073
495
5782
8547
1920
8271
2359
5810
2206
1493
1666
2331
4023
7137
7467
2573
5334
2616
4101
5015
7373
2104
6247
6983
8501
7995
8134
1897
803
5327
5733
6239
2136
7008
3580
814
8230
5702
1072
3522
5393
7646
5455
182
6996
801
4530
4227
2660
2342
4507
3177
6335
5011
2399
8660
3286
1261
1014
8726
2585
7611
1345
