1200
80
4
130
118
127
105
52
72
14
139
159
86
40
75
36
45
144
23
2
41
146
71
132
96
90
2
116
117
63
119
44
86
81
46
141
100
2
82
90
159
13
94
158
84
21
131
78
24
13
47
137
59
33
94
145
12
141
28
130
71
144
112
136
141
9
142
78
148
59
43
6
70
76
8
58
136
58
16
136
54
144
8
5
121
93
137
134
24
109
66
137
114
132
69
27
40
137
29
10
52
109
6
86
10
65
53
103
23
107
52
84
119
29
30
92
98
90
131
49
108
88
71
96
38
108
112
27
79
152
157
93
99
158
76
62
75
9
127
130
134
51
6
60
66
121
159
19
61
58
3
60
112
5
25
17
5
120
122
3
95
144
26
145
16
35
85
94
64
38
147
125
32
149
100
94
119
93
15
98
67
2
92
74
55
116
33
43
139
95
135
29
157
7
113
109
83
78
109
73
8
148
37
107
99
86
154
59
103
122
34
159
29
94
19
39
14
108
78
91
63
156
123
30
61
92
131
5
111
132
11
132
147
76
143
18
30
120
27
75
31
16
56
45
56
25
122
1
98
111
105
33
149
31
101
99
71
39
79
47
69
151
21
152
2
119
45
83
47
103
99
50
81
35
132
118
98
22
45
16
148
157
10
5
34
159
79
7
2
36
47
1
28
53
62
49
146
121
114
98
91
149
8
136
106
45
159
51
7
21
80
150
84
25
83
18
22
23
13
103
46
14
86
28
59
65
84
48
117
132
138
12
73
77
27
88
46
14
112
121
14
99
135
47
149
140
78
83
115
14
101
37
27
43
157
81
56
143
138
76
110
73
67
102
118
54
133
144
50
138
129
120
101
23
156
86
158
3
152
99
105
145
87
23
116
48
65
97
131
132
147
17
77
122
60
82
82
59
51
84
15
21
102
69
65
22
135
20
152
133
14
48
135
120
155
13
78
148
132
124
15
146
103
3
121
131
11
20
45
18
104
109
81
148
94
3
75
92
95
72
8
84
17
158
91
113
59
26
35
16
59
73
77
149
103
66
128
84
147
95
153
15
93
45
21
122
127
19
140
88
37
153
47
16
91
38
53
24
103
144
99
20
29
42
113
18
94
24
118
68
5
36
88
95
3
152
81
46
37
59
69
142
145
28
64
85
89
114
41
11
29
71
78
78
109
119
111
40
117
68
27
76
66
141
49
137
62
137
59
79
141
59
56
139
148
83
32
71
144
140
66
155
95
44
12
34
61
139
103
82
56
2
131
113
132
86
122
20
99
74
123
10
153
77
133
79
156
18
20
61
33
132
148
92
155
69
74
41
41
82
83
150
44
121
128
59
159
138
71
149
153
143
7
136
109
113
122
87
87
76
159
114
107
17
69
40
145
39
86
30
144
131
71
29
111
88
50
99
40
156
40
141
55
39
86
68
90
57
113
78
95
86
131
151
106
144
124
132
130
61
23
49
52
49
61
149
37
112
121
87
22
67
106
79
46
74
65
125
31
104
6
17
148
86
72
5
133
128
64
31
4
53
122
45
51
142
131
137
40
44
131
90
77
9
130
50
6
49
119
85
46
29
112
155
149
66
23
75
46
109
73
152
9
95
144
14
120
49
27
137
127
128
54
87
77
108
119
124
120
39
60
55
41
124
74
36
146
59
96
155
93
126
134
42
41
146
152
122
33
25
129
148
52
100
75
41
77
96
36
76
1
13
8
56
36
12
65
63
128
28
150
142
21
14
155
148
67
32
65
159
94
80
70
51
74
6
21
136
44
14
89
35
126
27
73
40
34
101
62
139
69
19
114
15
33
13
71
36
10
8
13
128
9
136
38
65
117
108
18
11
81
114
158
67
31
80
110
158
84
49
97
71
39
44
60
68
103
72
42
33
92
83
39
45
109
125
134
73
125
61
124
12
35
139
46
92
153
130
43
16
138
65
48
49
19
134
68
95
12
71
65
151
115
9
18
159
78
123
120
123
60
28
154
9
150
63
140
106
20
35
104
147
77
136
17
135
34
118
63
1
68
4
72
80
53
131
139
68
29
55
130
67
84
35
53
143
132
98
29
114
133
11
89
53
6
54
71
148
31
36
126
138
117
106
24
67
56
117
22
53
143
72
30
60
36
95
15
76
11
154
150
43
48
118
80
113
36
36
42
144
24
156
119
45
156
121
20
145
116
41
74
82
113
147
10
67
86
63
49
131
83
94
143
20
152
137
147
141
159
94
18
48
112
101
47
68
9
85
119
97
97
129
105
26
36
140
137
105
66
107
1
76
55
43
14
107
36
18
76
59
4
149
94
92
43
91
17
62
46
61
75
104
87
74
12
65
64
143
127
89
13
130
116
88
120
48
105
107
43
151
141
54
124
38
36
141
59
31
132
96
84
66
59
148
114
72
118
145
145
85
100
54
110
126
38
69
154
18
64
48
65
156
75
72
72
135
93
120
84
83
14
145
42
55
150
46
46
39
100
153
91
60
54
114
37
134
13
149
15
159
19
84
110
18
145
143
111
107
34
19
92
58
42
134
119
133
84
64
77
112
74
106
116
61
60
120
102
133
13
52
57
39
77
72
20
98
105
21
126
72
86
13
131
1
87
91
39
150
122
52
100
30
71
82
39
131
54
130
106
25
99
143
121
87
25
133
65
65
84
30
65
30
76
56
133
88
29
14
112
41
33
86
8
64
122
142
24
2
11
74
49
132
35
143
158
144
10
136
48
14
86
37
