600
40
75
60
40
68
73
53
55
60
43
70
63
58
61
41
62
69
43
63
59
40
70
48
48
64
71
63
78
75
77
50
77
45
43
66
43
61
46
47
49
41
58
73
53
68
45
62
68
68
75
58
44
52
57
50
60
56
46
49
56
58
70
75
78
62
47
74
40
50
40
73
67
65
47
70
49
50
74
75
64
62
58
40
50
74
52
74
51
79
46
61
68
47
43
72
67
50
70
41
64
60
74
55
75
48
48
51
74
74
77
78
54
47
59
53
67
63
52
72
43
43
50
62
56
43
56
68
49
51
42
77
61
79
43
62
64
43
54
48
77
42
64
58
79
65
52
58
68
62
57
64
71
76
65
52
53
76
46
73
79
69
45
55
63
57
68
79
73
75
52
65
68
56
63
78
43
59
74
66
71
40
49
72
54
65
46
73
44
52
73
73
61
79
77
70
40
53
50
76
73
44
66
78
61
78
40
48
58
56
41
72
69
71
49
64
70
58
45
78
74
71
52
76
57
79
59
76
51
67
56
51
54
64
78
72
40
76
64
51
59
60
60
71
57
54
68
44
52
60
61
74
54
73
44
61
78
53
66
69
78
70
65
55
46
51
75
79
40
49
54
59
71
47
76
58
65
47
70
76
47
58
59
48
79
63
74
50
65
62
56
40
59
62
71
72
45
70
66
71
54
50
41
48
48
59
55
75
69
56
44
51
57
70
71
70
52
65
56
67
49
76
40
45
48
64
60
52
40
71
45
60
58
68
75
45
74
69
44
45
77
58
66
43
47
42
53
40
40
51
71
58
40
47
74
43
51
64
78
62
51
70
44
78
62
65
62
49
54
61
45
53
62
75
53
70
71
60
63
64
71
44
68
75
61
77
41
46
40
55
53
57
71
68
46
58
72
68
67
49
77
42
67
43
71
76
43
70
71
42
50
41
43
71
72
67
78
73
64
62
57
56
45
63
57
54
61
53
70
44
45
62
64
57
61
64
69
75
70
55
65
70
74
79
76
56
63
53
73
68
48
78
74
58
58
65
44
70
73
50
48
67
59
63
69
72
55
68
60
43
41
54
62
72
78
44
73
58
69
62
51
66
63
55
43
52
68
40
50
44
52
79
67
73
62
45
51
41
70
68
60
63
76
50
61
53
46
79
42
78
50
60
50
72
57
70
67
44
66
53
55
77
57
41
57
51
65
60
45
71
66
60
52
44
63
70
70
74
47
50
60
45
49
73
56
46
56
43
69
56
69
50
45
42
74
63
71
78
65
46
47
76
60
77
49
57
43
72
62
53
77
43
66
57
74
59
73
69
45
67
41
58
73
53
67
75
48
77
54
44
43
53
73
76
46
68
48
63
49
57
44
61
