270
90
105
104
98
105
103
96
101
96
99
103
97
97
97
95
96
95
99
105
97
99
96
97
98
104
101
98
95
96
95
101
96
96
99
99
104
102
99
102
98
101
103
101
95
98
102
105
97
96
103
105
96
101
105
101
99
98
97
95
95
99
97
100
103
104
95
104
96
105
99
105
99
97
105
102
100
98
97
103
98
96
99
96
101
104
102
103
101
95
105
98
103
102
99
98
96
95
99
99
98
97
96
95
99
102
97
99
98
101
98
101
101
96
98
98
99
95
96
101
104
102
99
103
96
99
100
97
105
104
102
99
105
99
105
100
101
104
105
99
102
97
98
96
95
102
100
104
102
97
101
97
100
96
102
103
103
105
101
101
95
100
99
99
97
103
102
101
103
99
100
105
102
96
100
100
96
101
103
101
95
97
98
98
102
103
105
100
96
95
103
99
103
97
103
95
95
98
98
102
102
99
96
103
100
102
98
100
104
105
99
95
97
98
96
99
105
102
98
98
103
101
102
100
99
101
98
95
105
99
95
101
99
105
101
104
105
102
99
103
102
102
105
103
99
101
96
99
105
96
100
103
104
96
99
100
95
100
104
104
104
98
95
102
100
98
97
101
105
97
98
97
