300
20
100
102
101
100
97
95
101
95
96
105
95
103
98
99
102
105
95
100
104
98
102
98
104
105
104
97
96
101
98
104
103
95
104
96
96
103
99
105
97
95
95
102
97
97
99
103
97
99
95
103
100
100
95
99
100
105
100
95
104
105
100
95
96
97
102
96
101
102
98
102
95
95
96
104
105
102
95
96
95
98
98
100
100
102
98
100
98
95
101
101
100
105
98
97
99
97
95
105
99
99
100
96
105
97
95
102
102
101
100
103
105
102
104
95
104
101
100
95
102
104
104
96
105
104
100
102
98
97
98
100
102
101
103
104
97
97
99
98
98
95
103
100
99
99
99
103
105
101
95
97
105
101
97
98
99
104
95
95
96
100
102
98
95
103
103
100
100
97
97
102
101
100
104
95
102
95
101
100
105
98
103
99
96
105
103
103
97
105
103
99
101
101
101
101
101
101
102
99
97
99
104
100
100
102
104
105
97
102
105
96
100
105
97
101
98
105
105
99
101
96
100
98
103
97
98
99
97
98
97
102
102
102
101
100
96
97
98
98
97
96
97
99
95
100
102
103
96
103
96
100
100
103
101
96
97
95
96
104
105
104
102
105
103
99
101
98
95
101
99
96
96
104
98
99
104
100
97
99
95
103
98
104
104
105
101
101
97
105
95
99
98
98
105
103
95
98
98
102
105
105
