800
80
42
37
63
9
84
4
91
54
31
70
60
40
21
32
5
26
42
42
23
12
31
79
72
70
59
74
100
18
19
34
69
88
80
20
56
11
45
62
68
86
71
39
58
100
3
36
80
24
47
82
11
24
99
95
67
22
4
54
56
34
22
33
90
96
12
52
33
7
4
80
37
14
79
35
95
37
52
29
84
92
66
91
63
4
88
18
7
84
54
31
80
1
21
71
74
100
86
4
4
90
14
78
1
48
45
14
41
60
30
71
85
24
37
82
66
35
78
53
78
70
91
67
58
17
51
34
34
33
16
54
32
28
36
23
59
79
49
38
47
4
20
10
58
7
64
1
6
41
42
41
58
71
78
63
97
71
22
68
43
36
6
3
78
42
39
98
62
40
100
38
2
62
78
5
42
87
68
59
1
4
40
16
84
5
42
63
44
82
22
11
26
56
91
43
75
68
39
3
19
20
74
77
31
15
13
16
25
2
28
8
33
54
76
47
76
53
60
81
57
66
34
16
83
35
37
66
24
14
75
36
69
62
96
53
50
21
98
30
78
64
78
11
95
14
93
92
20
88
87
76
71
79
35
78
20
69
67
56
59
32
12
95
24
82
13
3
48
71
2
60
47
90
31
10
33
77
77
31
43
49
92
11
29
100
59
36
82
44
47
79
35
86
33
2
7
16
91
28
3
36
20
24
88
16
41
24
88
26
85
36
63
57
68
24
72
85
59
71
1
43
32
24
43
32
77
15
27
54
42
79
6
47
60
96
98
81
23
88
47
24
47
99
84
12
10
15
93
43
5
55
29
61
83
87
34
69
32
36
70
60
78
79
83
51
27
83
49
31
97
58
2
41
64
36
40
36
79
78
91
90
65
93
74
71
81
20
57
75
15
91
62
70
39
96
68
48
56
17
1
87
82
58
15
1
41
18
88
48
61
89
9
68
89
4
53
79
4
99
100
55
91
52
42
68
100
17
84
68
91
100
8
76
79
29
3
12
5
61
46
84
93
59
34
32
7
58
7
99
61
5
98
24
31
35
56
67
36
3
59
26
69
69
42
78
16
49
38
59
66
53
81
86
99
33
11
43
37
57
22
70
42
92
79
81
65
20
16
93
72
14
51
10
63
93
5
74
5
11
13
2
50
25
23
78
68
67
15
91
30
4
9
51
2
48
6
32
67
55
26
10
15
49
84
79
74
72
74
21
82
59
34
3
42
4
49
56
53
36
4
98
63
35
32
18
91
73
59
100
3
96
66
4
69
38
67
50
64
53
93
14
33
54
42
4
27
59
81
28
5
28
63
19
10
83
66
28
69
41
60
10
68
86
80
28
28
17
81
48
85
40
92
33
74
82
91
85
55
67
56
61
55
74
83
1
99
30
30
81
58
59
2
56
16
60
19
25
96
20
9
8
53
92
44
70
82
35
88
30
39
61
92
32
18
34
24
66
23
63
33
98
15
67
97
24
87
19
55
31
34
10
71
69
99
24
59
17
7
40
54
65
56
42
61
3
89
93
40
15
58
13
79
6
43
36
60
2
6
78
64
34
49
49
36
55
3
25
86
29
60
33
53
78
41
21
96
63
30
16
97
67
81
75
75
52
52
73
23
85
28
16
17
31
76
3
15
79
54
48
26
7
7
91
85
16
54
56
46
64
4
45
33
9
94
48
1
32
38
19
49
51
27
65
52
11
56
83
15
34
13
51
27
2
15
67
1
96
71
10
58
82
92
96
23
69
78
11
1
85
35
52
35
85
10
65
89
83
44
83
92
74
15
67
27
63
15
59
68
74
26
83
24
10
63
13
29
90
91
85
69
11
