150
50
103
102
101
100
101
101
103
102
100
102
104
104
98
100
103
98
103
102
96
105
103
105
98
105
101
96
99
101
99
105
103
101
96
104
100
99
105
98
104
104
95
101
104
104
102
103
103
99
95
100
95
97
102
96
96
97
95
99
104
105
103
96
103
95
103
97
99
96
98
104
103
95
97
105
103
95
103
100
105
100
96
104
96
103
101
102
99
96
104
98
100
103
97
95
95
105
97
101
101
96
104
96
101
97
100
96
99
104
105
99
96
99
100
96
96
101
102
101
102
105
100
104
99
96
105
98
104
98
97
97
102
105
99
102
104
102
100
96
103
105
96
96
105
103
105
99
105
99
98
95
