400
40
69
53
74
73
76
58
68
54
75
57
73
47
59
63
66
56
78
55
41
65
73
67
63
45
54
52
79
76
57
67
72
51
64
44
76
47
59
78
45
41
53
78
64
63
74
40
61
75
72
71
63
73
40
55
49
52
68
73
64
76
44
48
48
77
72
44
40
77
58
58
50
60
70
47
40
53
47
58
64
58
79
44
42
64
41
48
67
54
53
61
63
68
48
54
66
59
45
53
72
66
62
71
59
41
62
42
40
70
55
70
61
74
52
43
79
47
49
51
69
73
71
75
47
52
44
51
43
73
53
42
43
46
44
40
43
59
73
51
61
77
65
56
75
68
78
46
69
76
57
78
47
57
73
45
58
46
45
62
61
47
44
78
74
77
70
56
47
64
69
42
54
51
68
67
79
62
71
65
67
58
46
69
54
66
65
51
73
64
54
71
59
61
79
70
76
48
61
62
65
45
67
70
55
78
69
58
61
55
47
78
42
66
49
69
77
79
56
47
42
75
41
63
65
46
51
48
71
50
56
44
79
58
47
47
51
55
63
72
73
56
60
58
61
53
45
69
70
59
79
41
46
63
47
62
72
49
49
71
74
48
50
71
64
63
52
51
77
57
66
45
78
45
56
71
66
71
70
40
43
57
46
44
46
79
67
59
70
44
75
69
59
64
71
64
56
53
69
72
54
68
55
51
42
67
67
57
53
71
57
47
76
70
65
58
76
59
47
73
78
79
45
63
71
69
73
77
60
42
67
60
51
72
77
47
69
40
43
73
77
40
52
48
57
66
69
60
57
70
42
76
55
74
66
57
58
78
47
71
70
68
65
61
48
79
74
62
57
60
42
47
74
41
49
67
72
78
68
50
49
42
57
76
61
55
76
52
57
60
48
57
79
49
41
46
68
54
74
62
66
62
