400
40
68
58
72
50
42
65
79
47
66
69
48
76
63
58
43
67
72
70
53
73
59
52
48
78
41
63
77
51
41
73
53
72
69
43
58
73
48
41
77
40
46
72
66
61
79
73
72
78
42
61
54
58
73
56
76
43
50
58
46
79
61
74
67
74
76
76
48
54
57
53
60
65
54
66
46
57
46
40
52
76
48
70
62
56
41
54
76
63
57
52
51
76
56
55
60
64
69
52
48
58
47
65
52
57
47
72
56
78
44
49
66
75
65
61
42
48
67
60
53
62
40
59
56
48
61
68
41
43
75
47
46
43
75
77
55
55
72
40
78
42
42
62
70
63
58
70
42
75
51
51
40
62
48
76
52
73
60
55
70
68
73
69
68
51
71
52
53
77
43
70
55
45
43
41
41
46
64
54
64
51
41
55
53
62
46
70
50
62
56
55
49
64
53
72
74
68
59
72
71
41
54
51
75
55
46
48
57
74
71
44
69
62
57
59
68
76
43
72
76
45
47
45
79
72
77
47
44
52
64
63
53
77
59
53
75
63
61
59
77
58
48
42
58
71
79
49
40
41
76
59
42
66
48
56
43
50
78
67
69
69
48
40
70
55
45
40
41
66
66
77
42
49
49
42
79
53
45
73
77
56
59
40
55
46
69
76
47
41
51
41
40
73
66
46
60
51
51
50
66
68
79
66
59
61
53
79
70
74
47
48
60
62
64
44
47
45
63
64
45
68
46
69
59
44
46
68
66
68
78
48
47
67
41
42
41
50
65
52
43
43
43
49
51
52
50
48
47
59
72
47
47
40
44
64
50
51
43
61
78
70
69
65
71
78
47
69
71
46
47
67
47
46
60
66
68
55
72
44
64
49
48
50
72
79
65
58
51
49
40
75
79
50
44
45
45
68
46
47
70
41
