300
60
83
105
109
114
73
102
86
60
104
81
100
117
87
84
77
95
119
70
101
61
77
105
73
95
90
111
85
106
60
77
100
81
70
81
86
89
105
83
99
108
77
110
99
109
70
115
79
84
80
60
104
115
100
66
93
80
101
104
99
105
115
77
103
103
95
72
93
78
62
74
70
62
90
101
112
86
66
71
87
65
111
116
63
103
78
118
77
66
78
99
72
71
104
76
71
104
92
80
102
113
63
110
95
75
66
116
68
82
66
68
89
82
90
91
69
118
118
98
116
111
116
71
63
103
76
117
103
102
101
88
79
103
112
87
102
119
66
105
80
72
104
71
83
89
63
100
61
84
87
97
117
84
90
118
100
67
62
81
66
72
119
79
76
79
106
95
77
109
102
67
84
110
64
62
102
103
67
67
60
97
112
86
71
87
79
98
80
103
91
112
68
61
100
92
70
97
79
90
113
103
113
70
117
70
89
65
112
61
107
100
116
112
100
91
78
116
111
89
109
100
68
119
75
109
76
118
118
78
95
112
103
103
69
118
101
115
92
112
76
94
90
88
103
93
108
98
82
113
81
89
64
83
68
69
86
66
106
117
91
112
86
88
97
108
60
65
75
72
95
94
77
89
71
75
84
113
87
68
61
74
82
113
67
103
88
73
101
89
63
62
69
102
100
119
78
72
105
70
61
97
