600
40
28
5
75
63
20
99
19
74
20
53
14
98
51
75
28
15
19
52
27
83
91
29
40
12
65
92
13
88
5
55
54
53
26
40
47
3
52
39
23
62
53
32
81
35
32
28
14
10
25
70
72
50
25
57
95
82
9
87
11
52
100
93
9
8
14
32
73
22
91
3
38
15
24
16
9
37
71
7
57
80
52
80
21
93
58
59
67
62
44
18
79
100
85
22
61
7
26
16
99
81
88
54
35
24
20
10
5
18
49
96
87
55
11
90
18
87
81
79
41
69
14
90
73
24
50
14
9
34
48
82
38
58
93
100
35
91
43
98
84
32
70
26
41
45
80
56
86
24
56
62
31
98
11
28
11
64
94
40
79
4
66
41
31
91
89
74
39
53
48
81
46
92
26
64
96
47
95
33
98
46
19
25
90
21
66
86
91
9
3
64
60
56
88
51
79
2
91
73
55
45
67
4
16
98
32
69
34
75
70
14
2
98
34
19
78
80
76
37
95
96
82
18
75
95
17
49
74
98
54
1
70
18
30
66
52
47
76
8
5
1
100
31
46
97
18
49
81
83
26
68
78
12
12
46
44
38
78
48
60
56
44
60
70
3
5
100
75
23
37
85
61
54
90
16
48
31
53
9
98
32
29
54
50
88
90
71
29
95
23
78
80
13
41
47
89
5
99
61
100
90
12
80
53
53
64
77
57
94
90
12
62
6
56
15
70
9
68
96
51
38
70
57
76
48
3
85
64
90
55
44
2
35
84
71
67
74
2
73
79
78
59
69
71
11
70
45
64
99
62
70
100
100
37
71
23
9
25
68
6
84
75
86
89
35
64
87
10
61
81
97
65
72
7
48
90
59
15
29
34
3
62
40
83
55
9
75
96
90
99
48
48
55
1
19
38
98
24
72
62
40
89
92
59
40
41
39
79
34
35
85
83
38
58
100
1
56
26
32
63
97
3
44
17
75
84
62
98
7
63
4
72
13
17
87
61
9
22
50
89
55
24
5
5
20
65
37
15
70
27
99
100
39
73
35
84
18
26
97
65
97
76
31
80
53
69
35
22
6
54
85
92
14
15
14
20
43
89
43
24
60
17
6
65
95
83
72
6
9
73
89
49
98
98
76
83
31
77
77
2
73
40
55
7
62
76
76
3
77
9
66
77
90
56
92
11
41
93
16
25
20
93
46
65
5
18
57
71
55
82
42
49
58
93
19
35
33
46
18
54
76
21
8
25
39
2
17
48
67
89
56
65
57
10
5
65
5
2
41
43
81
92
73
63
21
68
14
37
61
52
74
25
11
50
71
22
47
26
92
53
25
49
77
67
36
42
41
69
72
58
99
59
76
37
4
79
12
47
10
69
89
