1350
90
74
8
5
6
91
93
57
35
156
30
32
11
167
70
30
77
100
65
33
121
115
140
121
39
175
141
4
170
47
164
47
116
171
133
32
15
89
167
40
85
102
57
119
20
173
35
57
66
111
8
138
123
40
74
31
157
50
153
53
122
128
75
102
152
156
108
87
41
10
138
63
168
15
130
91
38
22
67
18
82
44
173
109
81
136
24
57
59
79
30
124
6
59
150
4
86
113
34
118
83
100
126
133
45
137
33
108
16
24
21
2
74
155
99
107
12
2
166
104
170
173
114
111
87
125
36
132
100
128
92
120
29
94
3
119
88
65
19
31
1
72
133
6
131
179
24
35
13
57
114
43
77
35
44
142
29
56
146
95
109
129
50
25
50
71
110
157
91
42
93
172
52
32
40
132
106
50
31
107
82
127
60
64
63
12
133
18
51
78
119
35
172
122
43
8
39
156
1
112
5
150
162
112
84
77
98
158
30
150
97
77
17
61
143
121
45
121
117
114
125
72
89
116
75
43
140
176
166
80
150
3
61
9
14
152
95
20
45
67
49
150
38
69
35
72
16
63
96
88
24
119
81
4
33
163
36
12
82
89
99
21
103
163
87
80
72
66
17
151
127
52
30
151
110
135
115
1
12
170
69
90
137
49
95
146
165
89
105
28
132
39
109
37
121
129
60
30
45
123
126
48
76
92
158
139
118
72
160
113
69
137
21
139
94
178
141
170
63
127
57
114
124
42
159
157
119
51
157
97
113
133
43
46
15
117
151
33
154
6
161
8
125
19
133
175
29
73
71
74
162
113
95
51
53
72
121
68
179
46
51
69
24
137
19
164
101
32
111
75
157
20
77
28
45
11
151
158
64
32
161
138
102
59
15
116
86
95
68
104
162
146
29
121
176
79
47
18
132
157
8
178
114
157
131
42
83
134
5
37
171
60
98
69
21
164
85
74
32
122
78
64
90
45
27
84
5
34
20
11
173
26
61
66
52
75
153
75
166
53
179
120
160
17
85
100
15
94
77
151
25
18
40
123
7
134
94
123
62
136
36
13
117
137
78
79
60
178
40
26
162
36
26
152
71
98
92
174
81
83
91
126
154
72
108
16
15
91
88
32
75
151
129
153
114
142
122
90
77
124
179
12
157
129
172
20
69
7
24
15
135
126
54
53
132
34
14
11
15
21
29
89
157
179
126
102
125
2
70
5
128
99
41
153
7
161
105
59
153
121
39
71
98
113
92
56
165
147
179
91
128
55
177
97
44
9
24
102
177
47
85
5
38
143
35
165
76
69
107
98
58
39
171
89
29
49
41
54
1
171
28
24
5
20
17
118
40
177
24
142
49
95
160
17
174
29
47
75
58
30
121
33
140
152
138
103
3
141
163
3
161
27
150
105
15
106
118
116
148
116
34
69
8
160
52
93
20
139
64
141
23
128
49
101
59
120
103
147
122
8
125
9
139
78
29
36
66
112
5
82
172
136
126
141
154
6
128
153
111
163
34
161
116
59
17
76
7
90
86
72
161
93
84
4
19
100
19
101
64
143
26
87
126
75
143
113
57
72
93
130
87
61
12
16
62
159
91
71
113
85
119
5
144
178
164
108
6
136
85
106
69
161
86
110
5
170
2
47
109
143
16
141
41
143
95
179
107
112
143
101
98
152
61
162
62
179
171
6
22
126
13
107
33
165
169
77
54
6
173
40
27
36
175
30
126
37
97
79
26
128
160
104
46
27
147
106
162
148
123
35
53
122
12
156
48
91
96
118
118
141
164
159
22
17
172
108
139
68
60
43
131
93
129
86
91
26
98
35
33
119
3
144
141
113
129
58
23
165
126
89
152
37
91
5
58
179
75
41
50
78
147
69
166
148
83
115
19
60
85
149
106
155
7
56
109
49
37
14
32
83
131
4
172
97
37
146
63
105
37
89
14
23
144
63
130
35
104
178
119
155
101
179
156
152
167
144
56
154
67
108
34
159
65
29
136
36
148
3
64
127
51
41
155
98
27
36
131
87
179
80
65
171
95
70
145
77
123
167
114
99
7
118
99
79
47
130
163
97
20
128
170
68
145
20
152
65
9
74
115
14
62
5
17
165
75
164
78
152
117
17
22
163
113
69
146
41
147
69
138
76
25
99
120
148
59
47
13
128
171
175
19
79
115
28
73
126
13
121
119
105
164
127
57
20
104
144
66
81
112
98
124
169
177
155
21
156
177
87
116
175
32
29
61
72
136
36
130
137
12
37
150
57
75
52
125
70
151
109
72
129
158
106
174
27
130
126
152
12
69
172
148
51
90
162
161
124
49
135
45
83
26
58
133
135
62
62
34
84
2
23
82
71
32
72
126
172
43
10
24
173
48
51
125
59
84
132
89
22
135
42
15
121
159
52
8
84
124
39
26
176
54
59
159
5
143
1
116
178
106
164
179
125
138
112
6
42
89
53
167
76
26
38
157
40
51
149
139
24
10
148
105
14
170
50
54
177
148
149
128
57
101
82
41
63
1
73
84
13
83
81
138
171
19
166
96
135
172
18
169
143
126
61
141
126
148
62
17
131
114
25
16
156
50
77
69
59
68
176
110
142
104
105
120
23
19
112
15
129
27
143
93
46
158
43
85
128
39
48
73
14
90
40
63
104
46
76
145
29
100
68
108
34
100
112
35
117
177
47
138
77
10
49
78
13
22
31
33
62
67
71
25
142
145
57
44
80
150
63
155
60
14
161
125
152
2
152
8
50
61
174
173
80
130
31
132
103
80
39
99
147
54
137
67
85
49
1
60
158
8
53
1
128
104
40
32
17
131
160
6
162
59
24
132
9
20
158
43
83
46
18
161
40
176
179
71
129
52
72
71
93
79
38
164
121
173
25
143
123
165
76
7
179
178
80
91
78
41
142
23
10
135
60
114
130
57
169
5
120
155
122
108
10
49
65
68
120
143
100
64
141
170
67
3
97
106
19
28
113
106
5
140
101
73
162
158
142
100
139
126
166
21
95
166
9
83
52
22
73
169
95
69
41
37
59
56
78
5
85
27
65
164
84
122
172
10
157
15
160
70
123
61
