300
60
69
66
68
117
118
83
92
101
99
119
96
64
109
71
73
101
78
72
97
87
75
80
102
72
101
82
106
64
99
118
66
98
70
96
70
81
65
67
113
85
116
73
87
112
100
90
80
86
70
113
99
101
112
63
73
102
85
104
85
78
102
76
105
73
102
71
94
73
107
71
61
98
84
71
80
75
90
99
113
70
108
93
61
69
116
64
89
68
67
92
109
63
60
115
60
93
61
76
109
105
63
61
65
90
116
68
90
71
69
105
61
92
97
102
72
73
104
118
68
119
101
89
104
119
104
118
91
84
69
117
103
107
106
64
60
101
81
90
68
90
99
67
103
109
101
96
62
113
99
74
73
111
113
78
117
110
76
77
94
116
102
66
103
85
76
62
80
92
108
114
117
93
70
111
104
117
81
94
85
94
61
60
61
75
118
74
119
101
82
62
92
106
89
67
89
75
92
76
91
96
69
106
72
70
94
76
68
109
70
119
115
68
77
71
102
63
90
111
86
66
96
61
78
76
103
85
63
86
69
93
85
75
73
76
64
118
77
82
70
110
77
86
97
74
89
75
86
70
93
116
99
65
98
74
72
90
101
119
86
71
115
112
86
112
111
61
100
72
67
87
113
98
79
81
77
75
94
77
82
67
83
77
113
86
102
98
108
77
95
67
116
98
96
108
115
116
96
62
108
108
