141
70
1042
967
341
1126
100
1235
786
94
80
945
363
341
722
399
1330
264
71
335
816
202
880
495
632
973
445
672
1239
1198
1004
1283
277
979
780
290
34
1376
663
61
97
612
624
1244
326
633
184
906
391
571
1298
48
1066
1146
305
323
453
529
509
495
1345
1048
1041
1364
553
1325
1373
1185
675
690
1188
572
22
1133
40
142
73
552
22
274
984
591
1264
1109
974
182
185
581
1124
1070
935
945
677
1198
558
1177
305
1089
665
710
1132
1326
38
1366
183
674
886
1212
579
1206
69
674
1326
563
776
73
601
1030
1017
678
876
557
709
465
479
73
1183
520
792
1176
968
17
1220
254
135
1108
823
1213
1372
97
797
44
434
