300
30
53
42
31
32
31
36
34
30
59
45
38
39
38
49
31
44
41
54
33
48
59
52
41
33
40
31
53
40
58
32
49
41
53
52
57
42
51
43
39
43
58
34
42
58
53
55
50
38
41
58
33
42
43
49
46
36
36
33
37
52
39
52
44
51
45
40
43
35
49
41
48
42
52
55
55
34
30
42
57
46
54
50
41
48
43
59
56
52
35
37
34
53
44
55
30
37
42
34
37
41
53
38
54
53
45
46
56
39
45
47
40
55
44
33
32
57
45
42
52
57
48
59
50
40
34
46
47
38
54
52
57
59
53
37
36
44
45
48
51
43
49
46
37
42
52
43
58
32
59
37
47
51
31
32
50
56
46
43
59
35
54
44
57
35
52
53
52
45
56
30
47
39
30
41
45
41
34
57
36
46
49
41
37
36
37
42
36
30
31
45
38
57
54
54
38
40
52
35
31
51
43
52
43
33
53
52
41
43
30
32
57
51
46
39
46
56
56
34
31
46
47
30
36
51
54
55
40
46
52
53
52
53
46
42
36
34
58
55
50
46
31
30
44
46
57
35
31
58
41
40
47
40
51
46
31
55
58
40
30
51
56
42
51
43
58
30
43
38
46
42
53
32
54
59
30
41
31
43
43
48
57
30
50
32
52
53
50
33
38
58
51
55
44
40
42
32
58
45
39
46
