1500
100
29
88
177
152
55
10
23
165
59
42
55
148
71
199
181
132
76
142
114
40
146
52
95
22
63
97
90
125
83
187
128
80
190
118
103
77
125
59
13
108
36
125
90
90
146
9
191
125
54
137
75
53
150
169
177
151
135
60
193
168
94
198
187
51
187
18
70
166
192
43
64
140
168
120
165
80
91
115
8
107
94
59
196
98
168
184
101
120
107
44
83
21
8
52
6
42
15
160
25
169
8
180
3
107
7
69
175
67
38
132
83
106
135
132
59
31
84
2
52
66
44
84
119
109
4
181
35
96
129
92
125
161
9
189
189
86
31
44
54
140
163
163
187
124
80
65
144
67
134
98
65
68
159
107
173
170
96
166
21
36
122
29
55
46
120
116
95
119
184
184
184
135
116
19
56
56
52
176
113
99
87
17
101
62
79
195
28
48
58
135
85
19
19
127
188
154
59
60
127
100
5
190
66
112
120
96
118
162
67
92
173
85
51
194
125
145
123
140
14
129
70
32
96
126
119
178
33
32
51
128
150
148
69
116
168
59
145
158
167
151
23
69
186
23
15
158
131
81
1
82
93
132
191
11
103
99
42
70
127
171
3
52
184
83
23
121
186
195
121
51
106
181
142
118
69
150
76
97
135
89
174
74
159
3
96
162
163
165
2
126
171
178
61
96
198
68
97
76
197
87
127
161
70
140
174
116
144
135
142
75
197
31
14
199
75
96
92
91
142
64
181
4
10
166
172
168
76
75
152
99
69
144
103
190
105
126
14
5
36
34
102
45
187
190
31
99
47
178
48
42
81
155
78
177
53
7
117
48
121
153
170
102
72
80
198
7
58
35
137
147
153
12
43
157
154
118
98
192
118
102
196
16
10
95
38
42
20
105
113
89
95
135
62
100
84
52
152
151
31
93
134
165
28
59
68
92
1
161
59
49
130
105
149
178
72
20
26
116
93
135
123
97
198
172
162
126
151
105
187
36
144
108
91
61
186
151
29
172
25
49
56
38
45
147
53
143
51
91
41
108
138
188
60
48
192
44
35
198
41
20
130
117
180
150
147
69
139
122
193
21
181
28
39
85
100
128
58
89
40
50
132
160
62
75
93
120
75
141
138
105
43
58
180
192
155
119
59
28
23
119
182
140
156
97
88
62
59
198
23
14
150
32
5
121
113
40
81
149
1
62
154
121
177
96
89
190
121
132
138
64
148
176
57
121
199
68
2
37
161
186
16
48
14
20
46
13
185
29
15
141
15
108
90
121
167
188
15
26
24
20
106
146
127
169
122
45
154
52
44
163
84
185
163
139
84
129
86
64
93
32
70
33
166
179
157
33
86
169
16
6
26
150
109
115
104
39
157
66
151
45
49
118
27
174
161
151
180
95
45
118
102
178
97
81
60
135
28
171
76
167
183
66
80
57
90
16
38
147
59
144
130
46
165
184
104
73
118
55
182
95
104
35
144
78
114
51
91
159
28
76
168
79
7
127
135
27
64
113
94
89
111
91
135
130
19
126
38
25
43
13
77
95
54
107
106
48
1
192
31
178
106
47
13
55
28
94
173
106
78
20
129
6
99
76
6
185
62
185
156
161
70
25
59
132
63
90
108
196
31
123
46
96
68
188
26
118
170
32
116
121
127
75
147
119
133
18
81
157
79
33
57
180
135
140
22
190
135
9
82
43
45
132
121
17
136
10
155
166
70
67
78
162
191
87
135
180
143
12
166
22
26
165
56
144
53
121
41
136
181
99
55
106
112
172
111
90
109
40
22
158
88
101
70
158
82
21
94
72
86
124
81
100
55
167
6
35
117
158
161
41
69
146
35
189
99
116
156
125
105
196
140
14
130
136
23
165
83
173
108
136
39
133
93
179
132
115
98
71
64
36
116
198
90
101
74
198
143
154
89
160
143
157
136
119
9
186
89
61
185
58
104
112
16
20
52
45
7
62
174
44
189
94
192
150
163
95
182
150
155
172
58
131
93
168
44
54
167
156
111
29
57
175
90
170
65
107
13
118
52
175
3
59
9
76
12
161
113
14
107
46
82
15
88
25
15
123
136
39
7
161
170
54
179
118
63
135
41
187
185
5
133
111
95
116
75
105
76
44
149
17
171
36
56
14
17
147
155
22
104
96
148
52
131
55
16
5
196
110
162
190
198
171
182
136
198
106
112
21
134
56
173
58
62
45
54
138
133
149
139
63
81
34
32
157
33
56
61
45
9
196
175
28
113
29
163
63
16
103
195
158
108
165
83
199
152
47
156
183
142
147
148
78
9
61
77
37
54
53
19
114
23
101
168
175
105
122
99
155
32
190
19
12
182
31
92
48
113
54
104
79
192
54
23
78
45
143
69
126
113
121
87
157
21
45
105
52
31
99
28
156
122
135
105
100
42
160
15
178
35
49
91
104
96
195
36
160
28
161
57
38
159
53
150
182
179
65
132
110
60
14
53
67
179
6
58
129
168
86
69
11
33
165
133
20
48
29
67
138
2
185
2
72
132
104
56
117
48
4
23
26
146
88
122
85
1
132
163
57
142
50
12
11
132
184
36
150
146
185
143
140
189
67
91
93
36
15
51
119
191
50
4
135
1
23
67
135
75
162
127
42
91
35
56
176
49
94
3
100
66
7
149
15
26
145
69
99
174
109
16
151
116
28
116
9
130
166
53
181
177
123
151
14
112
156
133
14
96
16
146
23
6
166
171
85
153
61
6
193
179
155
142
193
141
65
166
58
66
20
31
77
195
120
2
142
155
192
52
105
88
97
138
140
34
18
8
27
165
100
68
152
125
142
187
41
190
45
65
148
65
68
80
52
111
5
122
17
167
82
129
18
96
1
181
79
56
149
177
43
40
174
71
159
114
142
173
40
164
77
130
140
53
20
130
198
143
110
116
101
81
189
142
101
186
139
85
37
129
127
48
92
54
81
11
100
96
188
147
103
16
114
20
153
183
127
175
26
129
187
75
65
163
43
175
183
60
178
100
173
102
25
127
65
93
198
183
49
179
86
116
74
181
77
178
9
22
171
170
92
131
59
102
151
181
100
144
121
82
29
87
32
161
72
120
85
61
35
166
115
164
162
196
79
105
34
90
133
57
61
47
62
139
44
176
128
161
176
52
167
144
100
188
133
159
131
151
161
1
115
43
43
96
37
16
96
128
31
5
192
188
83
30
145
153
138
46
112
181
77
99
98
41
18
94
101
107
164
168
72
106
190
127
56
164
33
78
144
88
152
17
99
132
48
102
195
85
190
170
130
22
64
38
111
15
154
173
3
53
84
133
140
78
152
88
29
30
89
15
95
174
54
127
140
30
57
27
85
127
76
83
36
185
18
34
169
30
52
53
103
185
72
110
2
160
149
63
57
161
165
133
111
93
64
153
62
193
6
135
23
103
124
