450
90
114
114
93
134
150
112
155
166
129
161
130
175
117
174
91
173
170
137
138
94
165
160
126
120
97
91
99
133
133
157
179
116
156
132
129
121
149
155
156
95
112
105
109
103
137
172
132
118
131
92
175
98
154
172
115
95
99
92
96
109
92
106
153
146
91
92
152
114
138
178
155
176
150
177
105
161
174
176
166
122
162
148
133
165
172
110
157
168
151
160
144
158
166
164
154
126
91
104
117
114
166
166
170
90
170
124
135
138
118
139
110
177
100
135
131
105
95
103
144
171
118
173
110
146
113
113
127
133
136
117
91
175
148
102
151
162
162
150
158
151
120
109
90
97
157
124
177
143
158
108
141
115
113
107
148
123
168
122
118
129
109
164
139
134
150
108
140
116
91
119
174
112
148
166
164
120
115
174
112
160
163
135
166
127
152
118
166
143
127
153
105
161
157
109
110
131
96
168
92
136
164
91
114
158
90
133
169
105
149
97
103
106
126
172
118
92
134
177
157
95
162
107
129
135
104
96
99
118
127
96
173
95
113
160
161
158
153
146
151
135
123
97
121
98
140
100
145
102
152
92
166
153
111
152
115
170
107
145
120
129
157
164
126
110
124
154
90
128
139
136
178
135
95
99
124
121
125
173
109
136
115
158
134
169
135
155
175
90
107
142
133
167
98
171
126
107
99
151
157
120
117
135
162
101
123
133
152
101
163
121
100
123
170
111
125
153
120
172
125
119
175
166
164
101
173
119
146
113
123
99
173
124
131
149
129
122
131
139
149
99
169
110
127
123
137
176
170
139
162
92
175
161
151
97
159
119
150
125
160
90
151
170
105
158
161
143
163
114
158
96
163
154
151
119
105
92
112
158
152
103
117
103
159
94
96
105
103
136
115
108
142
154
179
101
98
112
153
102
167
102
95
163
93
117
160
149
122
146
133
112
90
171
160
129
135
95
163
176
136
98
174
160
157
104
148
113
118
129
96
98
115
108
92
106
104
166
107
164
91
136
159
148
90
134
93
161
137
177
102
109
