250
50
405
374
898
1310
767
1707
1293
2488
530
353
2349
1406
1063
2140
1744
1846
1137
732
2246
77
2225
1396
553
1538
496
2352
1720
2067
303
1774
526
2005
1528
2471
1642
2097
1237
321
1516
2435
1013
2393
1963
940
1366
318
358
2138
382
157
1665
1320
618
109
1934
518
1764
2405
1884
23
1764
2139
1953
1422
1677
994
1950
828
2262
383
994
1175
722
1784
607
502
2330
1623
297
1163
143
222
1757
661
964
1091
454
619
2055
1366
2443
686
1272
1980
1412
36
232
1167
2455
1534
453
1771
666
1799
1774
29
1820
1000
415
433
354
500
1092
1991
913
1850
2389
56
2499
1808
57
108
1851
1250
148
847
554
2248
219
2210
467
1428
774
1703
2479
121
772
673
868
1600
739
1480
801
1778
950
1573
1833
520
583
1881
714
1701
1554
1490
1037
42
677
859
1070
1788
460
1083
451
1542
821
1760
1684
1320
1044
303
2451
2375
49
1369
2049
1230
593
322
1254
2462
2152
1506
2243
2124
1560
100
1067
453
1406
790
1470
2272
1898
2379
1941
1603
806
2171
1953
226
2390
295
681
1140
685
492
7
1350
1320
2078
805
2144
1979
941
1008
2442
173
608
376
504
1364
733
492
602
248
1458
2163
244
1381
1649
959
163
1341
652
1258
1639
1597
1166
1410
1122
466
1065
1031
299
1885
2251
425
100
2221
2386
