300
20
105
96
99
96
104
102
95
103
96
102
101
96
99
102
96
104
100
103
104
97
105
99
104
105
100
104
96
98
102
95
96
103
100
102
105
96
101
98
98
99
96
103
102
95
100
104
98
98
96
103
101
105
100
99
96
99
103
95
99
96
103
95
96
103
99
98
104
101
97
98
101
99
102
105
98
97
101
99
104
96
105
101
100
95
102
103
103
98
103
95
102
102
95
100
102
100
99
96
103
101
97
103
100
99
101
103
96
105
101
99
103
96
99
105
102
104
96
104
100
100
99
102
97
101
96
99
100
100
104
95
98
95
97
100
97
100
104
104
101
105
104
99
99
96
99
102
100
98
100
99
103
97
100
104
98
96
95
102
95
98
99
97
100
100
97
100
105
105
98
103
104
100
101
99
102
99
102
102
103
100
104
97
98
98
104
95
98
102
99
103
95
96
102
98
103
100
105
104
98
105
104
104
101
102
99
97
95
95
96
102
103
96
96
100
102
100
101
103
98
101
95
99
104
103
96
105
95
102
95
99
101
103
105
96
104
105
105
96
100
105
99
103
100
104
104
104
101
103
95
95
96
100
105
96
101
105
99
97
101
96
104
102
101
100
97
97
101
99
95
105
105
103
105
101
95
97
101
105
99
103
99
101
95
97
101
98
102
98
103
97
101
97
96
102
96
102
96
103
105
103
