210
70
113
121
85
46
22
65
4
9
56
36
41
7
61
66
114
120
5
102
93
74
75
69
110
122
134
29
101
130
118
74
99
43
109
77
97
94
15
57
20
22
51
39
116
76
49
88
4
70
115
129
55
105
4
30
16
17
39
3
109
120
80
101
38
93
83
111
89
47
30
11
49
22
9
61
106
121
24
49
63
129
115
58
20
116
42
134
12
55
23
30
87
34
17
12
43
94
32
37
94
94
39
38
135
4
30
30
30
79
43
134
89
35
49
125
109
68
102
70
4
103
13
13
137
73
6
51
76
134
111
123
41
44
80
113
51
18
88
21
22
91
108
53
98
119
15
22
77
49
50
64
57
22
113
25
119
62
20
103
72
76
103
103
125
1
73
70
121
131
42
100
123
96
54
55
36
103
109
94
76
88
3
14
35
133
50
24
80
11
35
110
52
89
34
22
36
2
112
75
42
14
38
78
87
128
119
38
14
103
70
64
