350
70
81
95
52
39
91
40
16
4
26
84
74
60
28
78
94
71
16
21
58
10
42
2
20
89
62
18
22
49
92
57
33
18
88
25
30
9
13
79
34
74
61
96
5
63
80
13
86
74
56
13
7
90
28
61
52
65
15
71
36
93
26
63
68
38
19
50
92
48
53
55
42
22
77
39
57
70
53
71
39
46
70
10
65
58
90
50
6
63
46
10
64
81
38
25
70
76
26
20
86
42
70
61
58
62
38
6
65
4
78
85
46
20
74
26
67
66
2
9
16
34
23
40
59
46
28
56
57
13
41
86
30
48
6
53
13
18
66
45
76
99
96
46
18
100
76
68
96
19
83
40
80
93
2
31
30
55
33
5
64
79
79
15
46
56
71
61
92
54
15
65
11
28
21
14
33
31
44
76
90
78
67
57
20
38
49
19
39
43
44
68
61
98
39
42
50
56
3
92
29
85
79
74
70
40
8
49
96
79
58
48
26
71
85
82
37
39
92
96
12
60
66
71
44
46
34
80
18
74
50
71
41
11
46
62
70
97
93
42
31
36
2
21
78
39
3
36
23
41
66
58
37
7
56
62
56
6
87
25
93
82
71
95
44
59
37
24
88
43
85
81
25
84
97
84
74
12
51
49
75
59
17
33
57
52
49
61
84
9
33
47
4
96
36
65
68
11
35
17
82
46
11
22
69
65
15
5
27
75
99
25
30
37
94
99
95
62
37
50
17
80
24
87
1
90
5
61
33
61
35
66
86
47
60
72
87
24
24
4
64
32
67
25
92
31
11
79
55
57
33
100
