240
80
147
52
104
139
58
136
23
97
158
8
22
156
147
91
115
30
147
17
88
147
80
128
47
27
27
100
127
3
56
118
66
67
88
55
123
66
33
109
76
9
43
45
16
143
99
27
125
147
126
31
30
75
37
33
159
73
47
102
142
94
17
3
80
43
129
138
32
5
116
64
90
46
117
147
154
12
36
59
42
29
78
124
90
3
136
38
89
138
136
73
57
95
146
58
25
52
7
133
87
157
75
36
10
126
134
38
113
34
78
128
71
104
3
44
53
154
138
68
14
78
63
60
77
67
90
112
15
85
89
33
156
51
19
105
128
21
120
75
116
112
116
65
52
84
31
12
84
18
157
39
79
5
96
71
119
159
28
95
4
7
13
51
54
108
42
6
49
36
56
120
11
131
59
138
15
140
36
136
111
147
42
123
79
79
15
35
139
80
87
11
71
100
91
141
55
125
48
41
106
75
118
10
125
108
35
49
49
59
107
154
46
52
114
146
130
82
138
88
130
43
134
96
103
56
85
43
1
91
119
125
93
94
35
115
35
106
159
72
68
67
