1050
70
107
133
47
30
91
85
113
89
139
118
33
79
74
81
83
30
81
15
54
36
49
118
92
103
19
80
95
68
74
61
121
4
114
126
23
84
3
103
122
41
113
57
114
67
77
69
69
139
65
32
79
93
53
112
38
122
67
61
89
138
103
68
34
62
4
51
45
45
41
134
120
98
35
57
132
20
38
72
116
109
69
75
133
16
40
79
72
84
107
39
124
82
4
47
54
32
118
3
56
125
65
37
82
12
65
70
94
25
58
111
128
8
115
32
10
133
138
28
91
135
28
83
137
65
89
91
35
117
69
18
113
31
17
103
10
106
2
94
116
46
20
121
1
28
92
90
12
12
105
43
91
89
82
128
121
76
102
66
112
114
68
117
52
45
63
37
108
6
82
69
67
11
75
139
84
30
33
104
114
9
55
98
64
118
76
111
43
89
139
124
131
122
15
106
18
52
69
116
12
110
101
65
94
10
78
5
113
114
36
37
121
39
130
69
71
71
82
21
26
8
90
6
123
45
97
30
17
80
21
112
75
65
52
63
123
112
102
82
78
35
70
40
74
72
89
54
37
65
44
5
44
54
28
50
43
131
40
77
40
15
122
88
2
112
23
41
75
88
33
104
66
23
128
5
18
55
20
15
39
96
123
13
97
28
119
22
115
84
54
116
19
106
19
132
125
104
76
107
12
117
124
70
45
58
129
90
66
108
103
47
85
124
60
116
88
130
2
120
61
92
3
116
103
6
40
23
43
84
8
22
79
82
13
7
136
10
76
130
71
50
54
122
27
78
118
128
95
19
93
126
85
20
76
90
33
129
106
27
20
92
61
40
100
87
88
65
60
89
64
75
5
7
84
100
130
90
109
74
128
57
94
13
59
56
50
80
9
124
62
129
46
129
42
93
69
5
122
36
129
1
89
57
4
94
68
7
19
29
108
22
79
116
104
30
39
66
126
105
63
106
65
130
39
120
34
85
118
63
87
99
138
94
52
97
121
40
85
16
38
51
13
73
41
91
30
68
118
21
63
103
23
106
9
81
80
76
129
97
134
62
61
6
64
86
130
97
52
126
35
69
14
37
138
104
36
46
118
86
124
112
115
34
11
29
92
59
48
21
70
10
116
93
103
79
14
8
79
130
42
29
105
84
121
4
97
66
93
138
72
125
93
67
129
37
39
46
23
93
49
33
56
125
47
129
12
24
4
97
126
47
4
99
106
77
114
13
94
110
34
46
47
52
4
23
105
99
115
38
82
77
132
137
18
139
90
32
56
89
102
35
15
65
59
119
82
63
135
3
27
51
34
66
69
131
129
40
83
112
104
113
13
125
72
72
46
22
86
13
44
39
114
27
64
63
56
118
88
69
25
74
104
88
13
65
64
75
83
112
74
73
114
39
49
58
111
57
44
108
1
119
54
82
91
39
67
33
107
92
56
81
125
139
125
24
37
17
138
82
95
90
85
69
1
103
39
107
137
83
81
44
35
19
81
112
23
59
75
50
119
72
31
19
31
82
94
7
38
40
106
80
51
71
18
40
116
58
76
107
41
11
123
76
116
74
10
48
3
65
61
5
40
72
54
33
125
63
102
118
55
48
35
35
132
6
35
104
27
25
28
21
55
125
64
95
70
79
26
17
108
120
32
130
28
117
119
78
136
74
73
56
112
77
22
133
105
29
13
59
58
76
117
39
119
99
40
64
104
55
26
117
138
17
64
88
123
41
75
127
91
116
35
29
26
82
71
45
122
93
116
104
87
139
66
75
111
7
64
34
86
35
5
79
125
123
17
116
14
132
38
70
10
54
125
48
11
74
37
42
120
115
117
60
69
117
12
87
78
121
35
111
113
99
97
74
14
15
6
56
111
31
130
132
79
63
130
43
134
42
86
135
1
41
86
37
45
24
55
49
83
113
113
9
72
84
27
116
80
27
51
70
47
34
12
37
76
52
54
4
37
132
29
81
75
56
24
20
123
103
101
61
80
51
26
41
47
33
26
113
39
29
85
105
97
107
101
45
94
95
69
11
56
59
44
70
82
116
52
81
19
20
131
22
57
91
120
110
82
132
88
76
26
72
42
109
26
11
75
16
119
87
20
109
91
45
38
5
116
91
139
15
76
43
26
23
129
45
77
134
66
4
51
131
32
13
89
83
130
10
72
108
81
55
61
11
92
36
18
25
80
89
14
60
42
55
14
9
35
99
48
111
83
136
78
86
31
110
136
49
81
48
35
63
110
66
71
99
38
96
63
51
47
105
66
100
57
31
104
9
86
119
48
101
112
16
27
79
71
119
27
2
16
15
69
21
26
4
126
132
106
113
3
106
74
47
88
35
73
109
71
55
75
53
5
55
48
107
107
32
84
114
138
103
111
136
47
106
102
13
23
53
