750
50
40
26
1
55
27
76
1
28
47
32
6
13
83
14
54
58
43
72
46
7
86
56
68
89
53
62
75
27
50
74
12
91
50
37
25
96
3
87
40
50
97
40
33
35
3
71
22
36
98
99
82
98
77
72
49
55
37
76
72
92
3
57
63
96
37
88
94
73
89
34
92
55
12
70
37
66
54
63
8
92
21
35
59
5
79
60
67
34
95
8
80
87
1
30
79
22
1
56
74
75
94
61
26
75
70
43
14
55
39
23
35
64
78
46
83
13
41
27
76
29
35
43
11
38
64
66
25
12
91
12
45
81
74
56
88
69
21
71
7
62
45
95
41
83
29
12
75
33
46
6
63
71
35
41
48
96
8
44
51
77
30
78
16
50
60
35
18
12
68
76
65
75
47
14
57
91
52
90
74
3
17
17
75
20
15
98
64
75
77
17
78
75
14
57
87
57
52
1
21
84
32
66
73
18
72
42
20
10
55
73
26
97
66
51
78
29
9
53
31
84
21
59
41
10
70
24
47
36
54
3
73
80
82
56
72
95
20
48
82
94
57
64
58
11
50
20
24
31
54
60
24
3
16
71
78
59
41
59
16
92
50
73
22
75
61
4
71
10
47
72
46
5
35
37
18
16
49
76
57
3
34
76
99
9
28
69
18
8
97
7
2
58
86
60
94
76
71
74
7
86
96
26
16
23
7
39
83
18
61
39
88
79
98
45
64
76
70
25
35
77
93
40
7
50
58
33
80
10
24
96
35
13
37
29
18
48
52
85
61
83
71
98
42
27
6
40
37
44
66
18
81
65
52
78
3
76
86
59
48
61
83
22
27
35
51
80
69
36
76
75
90
45
89
23
61
56
6
92
2
27
10
85
6
35
83
90
43
56
35
25
53
89
70
80
48
33
16
36
24
97
53
66
81
93
72
58
38
66
36
62
88
4
77
2
90
47
78
94
64
58
39
87
73
22
96
20
22
78
63
69
20
63
42
63
9
13
71
4
83
8
53
14
82
71
83
99
19
88
10
16
30
67
80
96
60
14
81
6
85
71
92
18
67
3
84
27
36
71
39
31
82
96
90
10
61
76
87
8
53
46
14
30
75
22
90
39
7
14
15
22
34
20
98
39
19
99
31
52
71
68
94
41
9
90
50
87
37
66
94
93
64
32
78
76
83
64
6
85
43
31
97
71
23
86
12
41
17
77
4
23
67
44
48
21
36
75
50
79
26
61
58
13
78
43
70
33
58
57
40
49
76
36
83
75
24
95
84
57
34
54
84
51
17
39
2
85
48
61
74
54
56
65
54
6
88
35
11
85
67
79
77
85
39
48
89
11
34
81
86
5
75
32
6
85
8
62
1
53
73
83
50
90
96
14
81
32
56
31
53
28
16
76
74
86
22
25
38
28
36
33
32
91
5
47
78
58
93
49
52
89
26
92
13
46
81
97
23
38
73
6
69
74
69
58
39
37
16
55
6
80
23
34
86
55
74
29
16
34
18
51
18
24
67
50
82
63
24
69
38
43
77
3
12
39
53
10
31
43
13
68
95
29
72
47
89
47
98
90
39
13
79
28
66
91
68
36
13
15
30
46
55
58
69
12
98
26
90
30
27
92
32
37
9
24
76
37
76
71
25
92
24
74
74
88
55
23
51
89
36
88
39
13
24
96
35
17
33
94
66
23
93
51
96
91
41
25
57
1
11
85
