240
80
837
651
665
1367
263
262
242
653
1983
2
467
972
2315
2361
847
2041
937
433
1579
444
1230
2086
2090
1413
1147
839
9
1471
1239
191
1568
2390
846
866
273
1452
762
1156
1519
441
2321
1548
2331
1858
1102
2093
2153
329
1604
924
2249
1927
462
625
664
718
2092
1786
872
1553
1509
783
2162
1393
786
659
1447
2234
219
1135
335
1413
1240
1591
801
2331
1461
416
358
600
535
2023
1163
896
2397
1635
1822
211
1618
228
261
953
2042
941
1283
1719
1461
2370
2273
548
2307
49
1452
1897
1453
1058
1155
2090
47
590
2326
1971
1814
2107
1188
1427
107
2066
448
2099
1299
57
1173
2160
1188
337
2001
2019
1591
1541
26
969
1263
2003
2211
2079
1365
1507
2030
1918
1750
1739
1708
237
314
1142
1468
595
535
1171
80
1341
478
1866
797
1758
1667
1701
241
1953
2046
546
735
709
1455
486
710
1647
26
532
2339
1791
1597
1354
931
1674
1234
265
1229
93
1778
303
919
1168
1137
2027
1855
1684
862
2358
1802
1400
1438
1897
607
901
2286
315
728
625
724
2240
1701
1454
970
1925
1408
1667
2380
904
795
1181
1957
1726
1144
535
422
603
463
1017
1545
1045
1267
2400
1728
1946
2044
2335
408
654
1104
1504
753
918
2147
31
180
2179
196
1439
