270
90
106
109
118
112
95
97
127
90
179
167
164
136
102
101
143
166
152
129
177
121
151
134
141
154
146
149
131
142
153
102
100
176
92
131
127
130
167
161
178
163
146
108
140
171
136
140
167
155
147
139
118
99
165
107
147
158
104
105
149
106
121
128
122
166
145
138
138
154
153
155
122
103
140
120
121
176
143
103
135
137
108
138
133
137
116
138
115
153
123
124
132
94
169
121
169
125
110
143
168
163
171
167
99
106
123
113
178
150
103
160
161
178
121
96
167
177
111
167
92
177
111
133
127
103
122
105
176
178
131
94
157
144
174
90
152
112
119
104
171
168
96
147
142
164
136
134
106
143
175
140
147
146
103
92
128
146
158
109
176
176
174
121
130
131
174
167
153
144
108
163
128
169
147
110
91
100
136
92
123
128
97
131
95
139
112
153
109
163
125
113
172
138
99
121
117
118
151
170
92
114
111
142
164
92
149
174
176
121
155
176
114
145
167
176
113
112
117
94
147
156
146
161
126
145
154
92
143
133
159
152
162
162
99
142
104
125
157
177
128
92
177
114
147
91
163
136
91
118
127
167
145
97
91
99
126
147
110
158
166
116
114
107
101
126
132
97
92
138
179
148
