1000
100
103
176
176
196
134
108
109
175
132
134
118
199
146
171
176
110
100
118
139
133
194
150
112
174
121
132
164
173
136
192
161
187
153
163
186
171
156
157
140
189
159
133
180
105
119
159
185
183
119
166
141
121
135
133
139
110
109
153
165
106
116
185
192
101
137
187
187
158
139
147
173
146
141
122
111
130
199
118
145
164
144
139
127
165
110
154
161
114
137
171
129
102
198
140
165
124
195
133
140
135
150
160
167
127
130
184
172
126
128
146
170
120
143
169
118
120
115
194
185
106
143
178
128
164
129
120
124
181
139
180
129
144
177
159
125
131
105
116
158
137
132
147
128
170
101
198
104
136
186
144
127
198
171
177
106
105
118
106
137
196
177
135
172
119
138
188
117
144
187
166
114
173
140
112
153
142
196
188
199
114
187
110
129
185
152
103
141
183
171
129
168
177
178
128
175
192
180
164
195
105
169
118
135
112
109
195
142
140
193
191
155
193
123
137
141
114
186
102
175
101
103
114
181
119
146
193
134
191
104
110
199
135
116
168
150
150
161
180
105
173
164
134
170
117
162
107
164
151
138
157
135
190
113
163
158
149
153
128
161
106
189
123
112
165
185
132
191
166
135
126
163
160
199
177
144
152
166
155
119
104
170
169
107
157
127
140
168
156
189
120
181
125
140
148
125
131
178
119
155
142
126
144
103
116
158
163
153
180
129
128
191
120
166
157
180
142
169
196
119
131
121
113
176
101
142
124
141
101
132
174
185
161
177
178
113
197
103
108
107
127
147
152
163
108
141
186
132
160
161
114
143
168
186
184
174
161
130
132
102
129
133
195
131
129
170
140
153
165
135
100
165
176
140
138
125
176
105
105
120
143
181
199
146
134
167
155
104
111
107
135
176
175
121
161
103
131
191
178
141
176
141
152
138
134
182
112
189
132
165
100
182
162
178
192
142
126
127
119
145
165
119
180
169
168
179
155
141
178
178
121
143
144
169
164
113
171
128
173
166
194
195
142
138
112
161
188
102
188
105
135
101
139
132
111
109
122
101
148
171
199
199
175
140
154
152
169
107
104
163
191
184
119
112
110
189
141
179
105
157
139
146
111
132
128
103
134
100
170
140
151
101
143
138
188
155
167
101
125
103
109
156
157
111
157
137
194
185
136
198
160
168
124
100
130
185
162
159
114
126
119
164
149
103
191
105
174
138
152
143
173
140
139
161
147
121
113
129
197
115
136
186
129
151
181
172
179
153
187
144
175
112
173
149
183
129
136
160
145
101
145
116
148
186
153
128
197
148
105
102
121
121
123
145
111
135
102
146
168
199
145
117
192
141
154
193
124
149
140
173
108
182
176
166
178
114
139
183
135
141
101
103
198
134
153
146
174
130
121
188
150
100
119
175
127
196
150
117
106
111
187
101
108
118
124
197
157
169
181
199
126
189
182
166
134
192
151
198
107
138
151
168
153
134
137
155
172
146
171
113
108
175
137
105
104
143
133
161
157
182
188
163
122
190
114
175
181
194
125
100
153
145
182
156
188
104
138
191
127
112
193
113
149
121
137
116
101
110
165
113
144
158
152
188
161
132
159
185
175
108
125
136
197
164
100
110
144
137
103
131
116
158
143
140
153
117
103
163
103
135
149
144
144
120
197
140
119
119
147
193
142
155
187
192
147
197
106
102
138
187
136
159
199
136
178
191
158
198
137
144
100
126
145
122
103
110
174
166
191
127
112
165
189
179
107
104
117
171
172
114
110
137
181
118
138
142
190
111
179
157
182
175
159
172
150
182
123
190
152
148
187
157
159
163
102
176
156
145
128
179
162
170
154
197
161
147
117
148
167
102
134
134
103
124
130
138
102
153
146
145
110
134
186
108
194
129
132
115
110
151
110
194
143
102
169
118
183
144
160
179
110
120
103
108
158
193
179
192
181
166
186
145
119
139
107
106
189
175
147
145
191
117
181
177
193
166
179
141
178
125
157
118
139
178
191
162
123
125
135
174
146
185
158
157
109
112
151
191
157
105
187
170
170
117
114
177
155
194
150
108
163
160
187
150
105
106
196
175
186
147
140
183
123
189
175
154
171
186
145
103
126
169
139
130
156
114
199
104
149
157
124
186
144
163
165
139
105
177
177
142
196
186
178
111
141
195
152
183
183
189
179
191
176
120
126
153
162
105
116
188
138
160
119
170
191
176
151
141
102
157
119
128
193
151
179
170
155
164
174
153
171
138
131
107
108
160
160
132
106
116
154
155
126
159
111
152
103
134
131
139
143
