1500
100
10712
5724
14107
14607
13327
9649
6306
5304
969
8162
14714
6082
493
7556
981
3467
2154
5136
3710
446
436
7160
6415
8760
14411
4573
7369
10175
14771
9488
14465
2048
3555
5434
6576
1371
6537
12629
12803
7107
4402
5334
14853
13404
12779
4086
10153
6851
5802
13668
5104
14268
12447
759
6712
2357
8882
540
12290
6421
5006
13690
7507
10720
14074
7380
11262
645
11381
3310
7979
12260
3806
9128
11767
6509
14856
11351
10306
14646
13499
1436
13566
2458
11291
7098
11172
5244
12219
10949
14839
7829
5872
5438
241
1501
10975
11225
5343
2629
4825
7570
6061
4844
8210
987
713
5093
9231
6335
4681
13686
502
12428
2290
7143
458
7383
9463
6920
2247
10363
7559
1697
14666
14170
3422
13313
4161
6392
13526
13336
5361
4371
922
4376
6241
271
9891
3261
7812
13925
7006
14083
1278
6314
5539
13070
378
11120
665
3179
3881
3881
926
1149
9804
915
6516
4000
8806
5734
2231
2285
5042
6582
14771
14096
13726
703
3906
9391
7808
7505
11616
2667
10446
4952
8026
336
13550
5788
13823
3298
13119
5775
13473
9267
5703
6471
10432
12366
10165
10033
11022
10679
4461
2378
7557
3011
8146
8401
2547
1966
8723
3739
5468
1848
4714
11051
12817
14220
7897
4313
5915
5720
4054
13430
13701
1865
2527
11797
5467
10359
9056
7809
10217
10990
7017
6114
7148
1116
6051
13893
2834
9404
14634
7264
7050
4763
4636
13415
13576
10975
6640
11801
1448
10876
6005
5445
9933
1301
4529
10974
7375
8392
13323
8843
8304
6922
12956
11631
10369
10586
1875
14126
6866
4463
2741
10935
1209
4788
9787
6529
1443
10382
8666
8671
10039
10772
7309
10798
12123
9313
3718
1024
11904
11857
165
7281
4938
114
11854
889
4012
49
9905
5674
11561
10824
7253
10985
13896
5847
7606
502
8010
2791
14714
6634
116
1795
10790
9686
1863
5895
4336
2076
2750
4642
13178
6860
3186
12134
8383
3308
12234
9856
3844
7501
199
6797
10921
776
4176
2068
8080
9974
750
13828
10753
1056
14677
10036
10578
438
13501
2046
2524
10242
13312
1876
2402
12410
13435
6859
8422
2558
7590
10172
11711
10366
1836
11940
13538
2221
74
6094
5901
9004
7047
1659
4140
2454
9335
1578
6735
13408
7111
12439
14095
14415
179
3646
12944
11597
5176
7561
1125
8793
821
220
8527
13274
14385
3080
2790
5949
9671
5394
268
8953
5546
11920
1704
4764
5904
14063
658
316
10432
9235
13291
9136
3212
4241
14537
14472
10421
7503
13064
4648
2208
8244
13574
4204
3380
8815
7331
4933
9503
3465
14006
10901
3169
2543
12739
11796
14061
5811
106
12695
340
3942
6066
6418
6056
8640
11687
1165
219
14375
7779
2243
2998
11091
338
4977
11107
8273
2151
14134
12591
14374
1073
9890
13272
7714
14448
14386
5056
10369
5372
3009
2232
3431
11185
7156
10126
7069
294
13194
9319
7129
13885
14900
11494
11231
7247
6568
3507
13531
2414
278
3583
916
9976
5855
10628
12491
11440
69
8784
6867
2018
8541
1513
13015
13898
10038
13371
1173
7355
4145
8219
2783
14806
7467
8552
251
1564
1791
13323
3558
3821
11124
406
6628
4843
197
3345
14708
5835
10809
6751
6752
12524
8033
3148
10512
12355
3890
1189
4722
3203
7613
10288
1917
12405
5736
5886
14636
12884
11404
9064
1680
6059
5526
6750
9670
5992
12573
5711
1285
7321
8302
946
10671
7016
12590
228
11418
2283
7271
10446
917
1218
3421
14577
7716
11572
10675
5235
180
8773
7978
7496
8144
13322
8597
2397
4978
2056
14369
12607
4733
8930
13632
8799
9868
13965
14296
9028
3155
5486
2986
5407
11940
7201
6358
9532
6055
13570
6481
11672
14422
12958
4755
6329
12913
7646
378
5109
4984
4207
10789
11646
10406
10328
9949
11644
9665
5411
14250
7453
13236
14731
1532
9047
10378
10521
9927
616
368
10506
13701
365
3609
7650
11163
869
11940
13819
13311
1964
3709
5440
13483
13117
4594
10578
10128
1382
8496
8229
7631
3908
11340
6619
752
9581
14022
6308
1372
14190
12834
3587
5758
2066
9690
8507
12363
4861
5692
4205
6689
5324
3100
5642
12177
9184
7412
3909
8904
14382
10181
9601
9844
13036
9188
7341
7404
625
2674
9095
666
88
4091
13878
56
473
14968
10390
12871
14229
4700
7999
14604
7039
12343
3312
7844
5053
4416
1414
13812
9845
10616
3242
8804
3146
13475
9039
14948
2572
177
5634
4809
11879
2466
5979
8126
2563
2507
7804
8722
8226
5244
12823
6621
6107
1173
4272
2384
11966
1820
7669
9855
9279
7235
11953
1213
11001
6500
3302
12408
2856
14518
2186
6452
13460
9658
4232
8232
753
10490
5368
5705
3826
13170
1966
3052
8932
5863
1726
2273
2120
3256
2519
3117
4421
8094
8158
10208
11734
7038
14525
3417
4369
9697
1500
14456
10952
9595
10954
4487
149
10084
3909
7890
560
8515
8872
11858
6692
7253
3284
7828
11881
12001
6730
1107
7557
6771
5363
11289
338
3907
6545
10587
14802
3878
12007
1081
9872
8192
11505
1319
1660
6929
2827
3480
7723
10410
10305
5744
3702
3800
8486
12819
62
12187
11524
11889
14981
5048
7228
5272
11606
10249
8058
4901
8843
12860
9177
11180
2603
6629
13713
7103
7980
3807
256
3356
13456
2491
12065
3278
1779
482
4424
6695
4711
9432
1674
1460
11649
3183
8745
10018
5017
4441
12128
4244
14734
10498
12832
734
9395
11804
14540
2334
12963
8973
1724
5193
13262
5428
9820
6874
3478
14758
863
9773
5412
3096
5585
13616
10135
11122
2079
8750
3982
10290
3552
5716
10352
12013
9522
12356
7954
1365
13483
7910
14248
7606
12431
324
9308
12931
5020
13776
8788
6064
2954
6450
3435
7187
6453
9870
9274
11722
5982
9620
13105
8750
1948
12513
14901
5186
14918
14875
1182
2167
11609
13459
12114
14608
5749
8526
8555
7614
4924
11523
8325
657
7454
7110
14335
4632
13013
7658
9271
6949
11208
12650
5706
7608
3815
6766
8786
14036
11132
11110
3626
2051
4900
14834
14930
13652
9949
10553
10761
10224
6949
9081
1205
12895
6995
3041
12826
4553
8375
9403
5707
9093
7281
5291
5524
10865
745
6949
9080
13442
4336
2470
3169
4281
14592
5130
3300
11622
5629
6381
3887
7678
10462
7763
7119
14293
7400
850
11032
4727
3124
1333
10111
4886
897
7289
14154
4582
12394
9464
5731
13203
6687
5905
10322
14344
2569
11731
8111
10820
4168
14767
12846
2930
5018
12567
9586
14760
2693
14565
11484
4698
1695
1248
6545
651
4159
4428
13994
7942
4166
11583
1804
6257
1575
1826
2258
3361
5757
3266
12052
14344
5630
14607
1482
2160
5263
14075
2001
11798
3401
13237
5886
3484
8559
14366
12927
2652
9287
11262
2688
4724
10523
11571
3575
9167
11395
4692
258
264
13216
2273
3543
9195
8072
466
4016
7768
1240
7497
4440
1446
11158
12403
3484
10724
6023
12790
2084
8177
12320
6367
13261
13382
2567
13887
14849
6486
14917
2260
9313
118
5331
13712
11432
10422
5463
7641
13581
3510
11543
14546
8036
12104
13736
496
1269
1634
76
14299
13725
12025
14383
1616
2324
8955
1029
14925
5023
9424
9866
8643
12473
12360
835
6351
2923
12286
2318
6162
9925
13256
11869
7134
1772
2443
4067
11913
10629
434
7037
4460
14909
6525
7548
2666
13417
12906
1216
5148
6413
3045
8384
1533
6344
4584
7331
9533
3983
6280
12675
14687
6932
13038
5554
13164
2706
8324
13587
1026
9689
6415
14501
2110
9015
10335
9060
7632
11524
9716
28
6402
3736
12844
10288
3554
12115
13423
2302
2771
5013
6424
9010
4044
1404
6901
4837
8753
8083
4208
4791
8956
9217
11756
12893
10737
9476
13934
10265
12883
10089
743
10630
4073
8003
291
13285
941
4732
1952
5270
13298
7750
14400
9976
2727
12502
14822
3259
3483
449
4584
463
13422
8277
8275
423
14080
7204
8861
6350
1616
2149
6293
6987
7935
7629
5131
3378
10168
1696
14881
2836
533
11100
1685
13230
938
10429
3213
9360
9829
13869
9076
3119
1450
11935
12569
8669
12105
9132
14131
11835
2016
4823
3358
9553
7963
4740
4713
13205
5564
8270
9525
9014
4549
673
4845
14591
9861
12461
14722
5181
1216
3552
6588
12829
12689
14298
14925
5742
9513
7499
1787
12042
14211
5373
8915
13147
405
13991
9957
427
9541
9048
9444
8687
1555
11521
13199
10669
8485
5458
569
11211
8091
5005
1419
1538
1108
14384
10705
8634
851
2050
1616
14169
9238
6993
7142
8253
14744
1578
9582
6222
9121
4059
1587
2366
2604
11964
1010
9823
14245
12799
12470
9007
515
1561
6133
10949
11770
852
11961
11144
2353
10774
730
3028
14416
4723
12238
10493
10742
3498
14914
12522
8550
11114
12
13565
11722
12352
12221
10528
8691
10897
5714
14800
6303
5026
226
6703
6553
5544
2405
11394
14303
10941
5666
799
8957
11223
14434
12178
11362
9256
12823
11865
10694
6551
13945
1294
9023
3420
11103
10926
12530
12097
1745
193
5611
8894
7678
14066
14570
8180
121
3058
9876
4812
1492
12705
13022
3393
8775
