1200
80
46
41
13
14
88
95
8
27
48
10
97
64
1
48
60
5
91
58
76
59
7
30
52
19
91
41
100
53
23
84
64
3
44
76
91
27
25
6
69
39
17
88
76
97
3
21
83
7
82
22
79
80
18
7
97
30
53
50
20
6
28
69
42
82
76
12
32
68
55
71
52
93
87
56
100
34
97
38
39
85
7
73
87
67
8
67
83
18
3
59
95
88
96
49
51
48
1
24
13
73
4
11
43
60
92
57
18
32
81
25
24
40
73
93
74
81
73
87
9
12
48
64
74
38
65
94
32
55
92
37
47
24
63
37
96
67
88
2
47
56
7
92
13
63
90
8
16
86
46
27
34
28
86
95
86
79
37
98
13
21
11
91
82
65
61
11
80
70
98
28
22
7
90
45
67
85
88
99
20
7
14
11
74
56
66
64
1
59
67
32
19
5
42
27
68
53
29
31
56
83
94
26
87
83
42
10
57
81
31
84
83
68
53
27
10
14
57
26
31
39
40
17
92
99
85
70
50
90
49
99
85
9
51
14
41
90
51
67
37
18
13
97
26
73
60
66
53
32
67
13
41
80
15
60
62
18
69
7
31
1
40
22
24
24
14
14
85
64
8
55
55
12
86
54
32
77
74
10
71
53
54
8
70
3
93
64
51
34
92
44
40
41
81
1
81
63
73
91
14
41
9
73
1
86
60
76
17
17
44
79
47
43
20
42
93
30
75
7
9
81
8
25
48
11
16
16
54
13
21
96
77
42
74
70
45
18
2
81
30
33
16
33
18
47
80
65
19
77
8
5
35
47
32
28
73
18
25
64
83
56
94
88
98
65
44
53
30
20
26
9
19
13
86
2
82
81
8
44
95
12
1
75
22
48
92
77
46
42
25
95
42
14
44
17
76
45
9
25
71
6
82
25
6
55
15
90
95
77
100
55
81
78
92
99
4
91
16
19
52
77
72
65
25
76
53
90
68
56
28
23
54
92
13
55
11
32
39
21
14
39
79
59
11
73
76
46
69
89
1
46
94
22
89
48
27
23
49
74
56
9
98
71
11
69
57
38
63
71
23
19
47
19
71
41
38
26
26
83
44
34
21
71
45
65
4
21
78
50
36
10
25
77
54
12
79
26
22
19
20
87
98
96
65
8
53
6
25
23
32
84
38
45
10
1
3
31
56
43
17
95
18
6
82
95
99
42
24
13
54
90
1
69
71
17
27
94
43
71
48
14
82
64
59
16
92
6
40
1
46
11
37
86
17
55
43
71
63
59
54
24
3
45
64
91
93
89
61
7
3
15
30
53
31
28
44
62
95
90
91
93
43
55
100
47
64
4
15
68
62
48
100
86
2
100
28
25
14
56
34
71
33
24
66
80
6
8
89
97
37
91
34
57
99
96
41
44
62
97
99
38
5
3
94
83
21
100
50
34
23
97
92
38
53
63
86
3
58
78
46
82
43
38
34
76
94
65
75
24
80
27
52
82
34
78
74
58
89
84
21
13
61
68
35
5
70
17
39
43
55
16
49
74
53
41
32
57
6
18
30
47
65
72
4
1
62
35
75
44
79
50
91
31
36
49
95
96
31
18
27
2
58
35
80
70
44
34
24
57
76
73
33
87
48
57
77
91
90
72
10
72
10
59
77
80
90
92
99
5
4
80
52
22
82
72
13
55
14
44
53
16
10
4
90
75
53
90
49
42
50
40
99
61
84
69
37
82
10
91
19
30
6
79
70
60
9
25
26
24
30
28
26
31
35
23
23
2
77
57
30
74
44
32
48
31
98
26
35
54
29
71
71
2
62
55
95
97
51
10
30
90
9
10
82
71
36
68
10
82
34
62
72
30
48
19
5
97
24
96
38
32
78
61
11
12
56
59
67
8
64
87
55
50
53
89
11
38
57
38
28
54
37
81
13
46
75
65
1
98
54
78
86
11
63
15
56
94
59
85
21
22
79
36
49
83
35
20
96
83
47
65
40
10
50
10
71
67
32
66
68
16
97
5
12
54
69
62
40
89
57
36
32
67
63
83
2
17
40
94
62
5
17
81
80
81
26
15
10
22
26
96
74
88
36
83
20
76
96
3
9
63
92
35
100
51
29
44
49
8
60
90
32
89
1
12
13
69
9
61
34
60
93
66
21
94
57
71
73
64
41
95
12
91
39
88
100
56
85
91
42
49
6
31
27
81
42
15
98
17
83
70
63
85
44
76
72
29
45
21
88
77
68
58
54
43
70
26
17
15
50
2
70
16
35
26
24
40
81
8
73
88
79
6
4
5
67
81
21
53
15
13
89
78
34
22
56
71
98
14
12
62
88
53
80
89
17
25
17
16
70
6
32
21
75
51
75
93
4
21
97
79
67
62
14
72
12
66
22
4
11
19
48
91
80
31
65
36
16
20
77
13
23
20
100
76
41
14
7
41
4
5
69
2
23
12
20
14
20
14
88
97
78
87
41
63
31
59
71
69
23
33
83
54
54
65
98
54
9
96
51
71
80
33
52
91
91
69
82
17
49
85
58
25
39
26
33
69
47
61
34
41
32
11
51
62
89
95
88
76
84
29
53
84
16
31
25
11
12
49
35
8
61
32
39
25
62
12
14
43
90
48
85
17
26
77
20
94
52
60
81
82
86
68
12
33
3
18
45
98
68
69
60
91
5
7
99
88
13
91
63
23
32
98
50
58
21
32
43
16
88
77
65
2
82
87
9
84
17
60
24
4
