200
40
98
97
101
98
95
105
95
96
96
100
100
104
97
100
103
105
95
103
105
99
96
95
105
99
105
100
95
103
95
95
99
101
95
102
95
104
102
100
96
97
100
95
100
105
98
97
99
98
99
100
99
95
95
101
96
99
96
105
105
105
95
104
102
99
97
95
96
98
102
99
101
98
104
103
101
97
98
97
100
103
101
101
105
97
103
96
102
98
95
96
100
101
99
97
104
97
104
97
100
101
100
98
97
96
96
97
97
103
99
98
98
101
97
100
105
105
103
103
99
104
96
105
98
95
105
95
103
102
103
97
102
105
103
98
105
99
101
101
102
105
98
97
104
102
101
100
95
102
96
103
98
99
98
95
104
101
101
101
97
95
101
95
105
101
102
98
102
105
101
99
101
103
100
103
99
95
95
103
96
104
98
103
105
101
103
99
95
102
101
99
105
104
100
99
100
99
95
100
102
103
