500
100
886
1377
4340
728
4939
1986
77
1969
1159
3699
1616
4888
177
304
187
2236
2699
1306
4398
140
2951
4512
366
4286
2795
1234
4129
3240
770
4020
2554
3631
87
4634
2423
2382
4895
4370
251
777
3311
3736
3189
4284
4294
3165
2435
2129
1851
2885
2
4497
371
4005
4140
2861
1145
412
4735
3158
3758
2309
3935
2179
1393
3134
4444
4811
52
1288
410
4071
2769
4137
2167
3241
3209
96
2929
798
2041
1246
1101
4017
3656
2817
927
2021
2821
1850
1453
1106
3702
4110
2079
409
1391
1590
4101
939
365
4359
3783
3876
2783
2464
1721
2395
927
1264
947
4587
1594
2145
3942
1720
4559
1290
1135
1593
3760
3003
2903
2395
3625
512
2129
4039
1910
4368
410
4101
3547
4942
4275
3342
2899
2645
3468
4189
1045
327
2181
4964
2630
4795
2221
3833
1243
1575
2947
3527
4265
2870
4707
2394
1877
1094
427
2699
4371
3684
4517
4126
4227
1163
2319
797
2072
3734
4803
663
44
3314
4307
3667
2190
4864
14
155
3043
209
2431
1005
1480
4376
527
4165
2976
3069
406
590
2469
71
3633
1480
628
4836
3330
2351
2711
2916
974
966
1210
1525
2302
3295
4401
1132
2288
3909
3920
2912
218
1291
3169
2122
2022
3017
254
3977
945
676
2560
2378
4577
1706
2710
1966
4026
4374
2923
1510
4513
3406
3176
3185
1450
4105
3400
1620
1853
4916
3477
109
869
1070
2137
2598
4335
2518
1220
3527
3291
1718
2708
2200
434
2376
3655
3255
4204
1972
2856
3442
3744
704
2360
2203
3782
348
2254
4761
86
2901
2366
2660
1808
3575
3186
2763
1225
3042
4829
1913
3034
1528
3062
4369
3984
4045
3236
1968
2096
3919
4699
3713
2699
1072
3746
2902
2638
3026
4124
1423
2361
794
299
54
3921
2441
4310
4775
4352
4692
3711
2731
3609
576
617
728
4995
707
820
1466
1412
4666
3871
1175
110
2611
4513
1008
503
2841
903
4802
214
4203
1875
2361
2804
3614
573
4360
1608
3845
3739
569
2918
2343
2335
4055
4117
737
3507
1540
3843
3413
1973
4557
895
3483
2838
4983
4777
2086
2363
2222
4148
2203
3217
3705
4877
1
4553
4912
4148
4068
618
1069
601
3594
4504
2608
2000
219
2508
1310
1236
2682
4818
4388
118
2409
484
156
2209
4538
1287
591
3466
3318
2989
4184
3501
3685
699
193
3155
1388
684
272
642
978
74
242
4413
3650
4852
3160
28
388
4733
861
3227
148
2495
1421
4108
3873
1450
3040
846
22
4742
3785
2797
412
1945
1584
2367
577
1223
3012
1864
1649
4377
1283
1318
860
3875
1600
4954
4596
3865
2662
4962
16
4331
1987
3854
219
4460
3364
1447
712
848
347
4871
232
3160
1376
3281
4347
4126
3341
3723
567
150
2047
675
1921
4495
2777
1447
3859
110
3482
2119
1711
855
2615
4437
1010
1677
166
268
1446
