450
30
3
2
9
5
2
8
2
3
8
2
3
7
9
1
8
5
9
9
1
4
8
3
3
7
2
3
6
7
4
5
7
2
5
3
10
3
4
10
7
1
2
4
2
4
6
7
9
4
7
2
8
7
6
8
7
6
8
7
10
3
4
10
9
8
5
9
7
8
3
5
6
2
9
10
4
4
2
6
2
10
7
10
6
5
9
8
1
7
8
8
10
9
5
8
5
6
10
8
9
5
5
10
6
5
8
9
10
8
4
7
10
2
3
8
2
8
5
10
4
7
9
5
9
2
3
4
7
10
9
1
4
7
10
4
8
10
5
10
4
4
4
2
3
6
5
3
5
9
6
1
2
1
2
3
5
2
7
4
3
6
10
8
5
9
10
9
9
6
6
8
3
4
6
9
5
8
5
5
3
5
1
3
3
6
9
7
8
10
6
7
2
2
6
8
2
7
4
4
2
9
8
2
4
5
4
5
2
2
7
4
1
8
6
6
9
2
10
1
3
1
4
2
5
2
4
5
7
10
3
6
4
7
10
9
8
9
1
4
2
6
7
5
7
9
8
4
10
1
4
6
10
5
9
7
4
8
2
7
3
3
3
2
5
6
5
1
7
4
5
7
1
5
4
2
8
8
9
10
6
4
1
6
6
8
10
10
7
4
4
10
3
6
8
1
7
4
5
6
1
10
10
1
5
4
2
4
7
6
9
6
2
2
3
5
3
9
5
4
10
4
7
2
1
10
3
2
6
5
2
2
2
4
10
3
9
5
10
2
9
2
1
2
6
9
4
6
5
3
5
8
9
5
10
10
4
8
4
2
6
8
3
4
2
9
8
1
5
10
10
4
4
7
5
5
2
2
5
6
3
6
3
2
4
9
2
2
8
10
4
4
8
1
5
4
7
3
10
10
2
6
7
8
8
5
1
8
6
6
7
9
1
9
3
6
1
2
5
7
4
6
8
7
3
1
5
1
5
4
8
2
7
9
10
10
7
7
3
9
3
7
2
2
6
10
7
2
10
4
7
3
