161
80
825
630
821
863
98
340
94
844
310
1281
812
362
1165
1095
509
1574
507
1219
1217
1191
1072
50
1219
1449
1337
277
1441
1550
1404
340
71
475
771
332
1511
76
572
1219
403
1218
1224
516
1575
232
11
547
1156
1335
128
819
1384
1158
1497
864
1498
185
300
1086
117
1335
425
79
1546
914
239
680
1542
1347
1444
1244
663
203
959
1151
1199
224
676
1010
1481
90
632
253
506
849
921
1032
602
303
749
1246
252
550
1354
1401
290
738
104
1142
522
592
1178
1537
1368
1467
1336
1416
448
413
544
352
690
1348
706
392
1514
430
107
1566
454
773
996
826
1069
6
1253
842
304
1067
1492
621
1585
837
1512
182
1402
1458
137
202
195
332
1354
412
367
40
89
74
34
10
636
437
1379
486
115
67
355
1481
1551
33
181
1577
1380
