300
30
2852
898
2478
1111
49
1952
869
2891
49
2384
1469
933
1925
1911
379
2049
2345
579
427
2454
752
697
2809
751
2714
1536
777
2885
658
1421
2693
2058
1139
634
2937
247
1907
1760
1419
641
2458
281
1341
196
410
1757
628
1830
2692
558
1067
980
2702
789
2373
1902
1746
1855
382
1397
2943
1633
1879
2159
385
1648
470
1344
1991
2444
1756
847
2308
2241
2500
740
1468
2437
373
1844
2105
2925
2019
1345
197
781
1163
1150
2780
2064
1142
315
1696
205
88
1676
484
168
2461
2255
2973
931
2555
1580
2662
1201
248
132
1224
2508
130
2415
672
932
2330
2779
2598
2709
939
62
1953
2469
142
2156
2721
2517
542
1774
1965
1192
2622
1557
651
1120
2350
1512
1248
2609
462
2743
2407
1299
2350
897
1923
2595
617
1070
585
1678
2691
1140
507
2392
2848
489
1917
421
2177
1748
1327
525
2030
2204
351
1527
1025
1275
1647
2051
1964
821
2218
210
866
618
1418
281
2577
2273
2158
2617
706
1387
884
1926
1670
258
250
2855
1953
2485
1641
1910
2563
921
2378
2036
1162
671
2823
1527
2230
1376
1489
2023
1318
2494
2409
1479
879
2365
1364
670
2375
184
2923
2413
2095
2192
1419
2590
2379
2110
2130
1014
393
2671
750
1290
2516
70
654
2018
2281
366
2771
2781
998
2908
1257
988
2024
2761
2416
2463
1729
2851
1572
288
1826
2826
782
2533
1197
212
2780
2231
2745
1549
914
829
2882
2272
899
2206
2971
1115
202
2319
755
2400
2301
1125
948
1601
1204
2403
2873
1145
2827
1978
180
487
2622
2179
1200
2827
781
276
2063
551
2567
1475
607
1481
734
1091
2678
2506
