900
60
3824
2112
2005
8905
3540
1867
4707
6410
2038
7433
3872
950
4192
5781
4125
1866
7228
8661
6146
2988
8466
3747
8269
1105
5336
4610
2289
453
618
8309
6905
6628
4709
1561
8210
4288
7174
2947
7129
6788
8914
4601
1625
5191
6740
1404
8764
3590
3791
1300
6943
1880
4085
4245
3781
2804
1508
4392
7524
4902
6264
8718
6082
920
1058
5276
5441
6650
8854
1396
793
8606
8567
6317
3643
2114
7092
7812
7618
3189
654
3496
521
2385
149
3919
5269
3843
5024
2233
4298
960
222
4725
8472
2608
2073
2661
8989
7536
6804
2367
6658
7516
6285
4173
4366
242
966
1727
4166
8186
6717
1236
4393
5992
6713
446
1328
6659
1791
1047
5365
8580
7083
5971
3978
7474
6815
7806
6925
6285
8002
5267
8020
5663
2916
1348
7578
8586
6549
3247
8938
8844
810
5788
3669
6949
6526
7475
6469
7488
2310
7202
4816
4427
7406
4941
8099
7592
5493
5232
7750
1384
2240
2106
5955
1572
6667
2249
8463
3784
780
1931
991
4597
7405
4813
8213
2721
6217
678
6403
6602
6542
2994
1197
1001
8690
3985
4542
8439
1484
93
6499
6279
8855
8769
7927
4234
3187
1303
1578
1739
6315
7640
715
897
170
7625
4968
6694
3756
8993
2616
673
5612
5197
5985
5810
8869
5556
4475
2547
1786
7311
6448
4350
3023
3270
8016
8730
7425
4348
8312
5035
6519
2996
5846
6880
4277
570
8469
2589
6893
7231
4683
2392
1218
4676
106
3610
8351
5384
2431
3147
3962
617
4182
5228
3459
210
7501
7608
1511
6556
5361
7085
2071
2192
1375
6452
3087
516
3376
2195
3339
3829
1506
6941
1297
2346
7004
5144
3892
6857
8670
8177
5031
927
4323
6196
2829
5668
6948
3834
482
2731
5498
1370
5686
3986
1671
1535
2175
37
5415
5980
3672
5488
1517
2317
8264
7688
7748
8722
8030
4658
285
584
4681
2706
3390
6005
2053
6636
6788
6021
40
2196
103
3310
8590
5312
562
1575
4621
7914
6719
8177
6106
2196
4288
7538
105
1152
803
1653
5090
4960
2704
4632
4311
1644
7191
8698
3504
5434
7023
1693
7779
7728
2443
334
846
5718
8957
897
83
430
4021
1316
224
2674
3419
5945
4225
6180
4379
4277
2401
4274
8396
4065
6353
8392
3246
738
7397
6679
7785
625
1804
8961
2983
6562
6857
7836
1032
8408
2524
6068
2161
5149
1028
7911
1290
6247
8768
520
1035
2902
3653
1033
7864
7097
3382
3548
5333
1372
6865
5149
8393
5575
6909
6913
1618
2505
2065
5768
3605
4393
81
4556
3394
3291
5328
3042
4403
729
2783
3073
6059
903
2694
3055
3732
2883
8647
457
3507
1391
8797
7403
1956
8695
41
140
3942
6406
7672
6812
4951
6486
4966
6251
707
8313
7551
304
6348
3054
2768
6241
4791
3932
5216
8717
2801
7901
942
7446
8607
2962
7008
3047
3163
3007
7402
3217
1335
6818
3211
2000
3866
2414
6963
5545
6925
5656
3371
7330
3962
95
5341
4352
6308
1071
3121
7086
3695
2400
3733
1830
5787
2261
2733
844
7730
3861
8773
6366
7709
4426
4908
4240
2990
8328
8676
6784
5436
5582
8516
4074
4462
3748
842
6187
7145
8429
8945
1470
5974
4447
3476
1128
6158
113
3140
7624
8732
7895
676
8828
626
8153
5886
6382
793
1232
6655
4342
3163
638
3929
3800
7007
462
7005
5485
8965
5727
8431
8887
6234
3821
320
585
8961
8998
942
547
4165
2732
6640
8659
8646
6113
8623
4321
8040
2721
4433
4814
6601
635
7150
6123
2130
510
2397
918
7992
4656
7451
813
7615
7007
8702
8742
2392
5074
6835
6147
2063
5717
4269
4960
1852
1713
6956
7604
3736
7239
5916
3989
778
1177
3175
7516
5805
8377
4070
8313
4395
8425
8173
7393
8523
6272
1471
4067
6038
5748
5774
6183
7971
8023
5509
4962
8059
3902
7747
3129
1773
2513
3056
5143
6955
8721
8050
4543
6169
6447
8774
3022
2106
8623
4038
972
5316
8260
2636
5656
3718
2553
7764
5289
181
1387
5970
8315
4562
8732
6671
5467
1363
6882
929
3908
714
5001
137
1138
4405
8329
4636
143
7916
4192
73
6824
4282
7757
8886
8668
4235
867
2527
2394
7871
1952
6652
5479
1698
6503
3301
3545
3954
8852
3376
8400
2588
8699
7441
6473
7557
1538
4301
2250
1111
7860
1564
1140
490
4254
4932
7507
8299
8625
8066
231
6269
5871
8544
1088
943
668
295
4541
2206
8891
7610
5154
1618
2423
6595
3012
2709
5424
6139
7390
997
2871
2690
5322
159
2701
3448
2191
6496
6493
4733
8973
1166
4876
8929
1702
5021
3924
7072
828
2429
4111
8639
6527
6788
4770
1603
980
7810
7561
2713
2157
4657
3136
2778
7908
4305
6140
6273
3336
7998
6337
1037
2138
1663
6698
1717
4148
4071
7443
8078
3737
6655
8771
802
8229
4402
375
8063
8132
3918
5986
1685
7431
174
4835
6458
4211
5148
5975
3553
1919
7070
1924
4503
5982
5217
4314
8024
4227
7164
2220
3005
1315
6147
6568
4535
2386
1171
5058
8711
2973
8497
5313
8472
913
6366
1973
8079
4104
3489
7126
5764
3386
8371
3063
3642
1125
6784
1001
2705
6043
2415
3016
2577
6427
1700
5361
7866
7622
3184
522
153
6817
6898
7210
3641
1207
8735
5453
578
8970
5857
3772
645
2171
6000
3294
