141
70
105
97
101
102
99
101
96
98
100
103
100
102
103
103
102
102
102
102
101
98
101
105
98
104
96
97
104
99
104
96
95
105
100
95
103
105
105
104
98
100
104
102
98
98
97
103
97
103
99
98
104
96
99
103
96
100
96
95
96
99
98
95
100
101
100
101
95
101
101
97
97
96
96
96
104
97
97
101
98
97
98
103
95
102
103
98
103
95
99
97
103
97
105
105
101
97
98
100
96
96
100
104
97
102
98
95
101
102
99
103
105
96
98
100
95
100
101
101
96
105
105
101
98
102
101
100
102
103
98
103
95
103
99
100
95
96
104
95
96
104
98
