600
40
23
6
73
52
49
43
91
72
77
29
5
87
81
50
81
21
65
6
97
6
47
54
14
41
34
33
64
71
16
83
97
15
5
88
53
88
15
73
55
5
48
66
46
76
53
88
13
40
85
96
18
78
26
61
74
42
5
64
65
85
97
23
17
24
81
83
34
55
54
55
46
49
78
83
35
34
77
93
25
84
53
31
39
85
59
33
52
28
32
92
83
46
77
3
27
35
18
13
30
42
83
58
99
85
51
38
17
83
47
28
97
16
40
100
28
24
74
70
35
99
30
22
1
68
29
83
97
52
41
13
27
17
26
72
71
4
61
67
82
24
81
52
71
18
5
55
15
45
2
5
44
7
30
34
19
43
26
10
90
77
84
27
43
10
34
30
84
60
10
98
92
57
91
77
50
83
29
60
86
16
50
46
99
27
40
42
88
46
6
49
85
99
78
70
45
39
4
88
16
12
64
85
81
87
78
6
66
27
40
35
2
27
11
8
56
89
26
61
33
29
13
76
3
95
61
54
68
27
3
30
7
86
75
3
80
36
15
60
43
69
90
51
84
84
100
90
4
53
92
74
37
26
54
53
86
23
20
17
39
3
69
22
5
67
70
68
65
6
49
51
12
15
83
55
99
48
82
56
15
79
18
5
72
18
90
86
45
7
53
11
75
43
33
81
13
41
89
46
2
34
4
51
85
2
81
12
77
63
57
36
4
60
73
68
8
30
90
70
57
26
36
30
38
72
20
37
48
41
37
58
9
32
59
5
19
39
42
19
86
35
89
54
58
94
50
10
14
92
26
13
91
72
63
61
50
81
38
8
22
51
61
78
53
51
32
84
76
22
58
90
88
85
15
15
25
35
73
15
20
86
48
27
28
98
81
13
64
29
98
66
47
8
17
96
65
96
90
93
81
62
58
48
98
97
38
54
92
65
77
78
76
14
78
92
75
30
91
47
63
97
4
48
83
18
71
10
39
73
14
69
29
21
38
40
29
59
70
96
32
58
80
27
38
85
9
47
23
79
77
8
52
88
15
43
52
60
97
69
61
74
58
72
28
92
56
63
40
37
68
96
33
12
7
39
62
8
46
64
22
48
97
47
70
54
65
91
29
85
26
53
40
11
82
79
79
8
9
51
1
27
70
52
43
48
24
90
71
85
73
58
36
15
82
100
50
14
74
62
49
73
19
84
57
41
32
33
66
5
13
52
7
25
34
78
80
6
98
18
83
27
74
79
41
56
84
2
16
8
46
37
19
49
19
17
53
41
10
46
72
75
18
9
27
24
82
17
94
29
54
99
15
9
62
1
59
78
47
63
75
23
20
54
62
88
93
96
94
56
89
86
7
24
42
87
35
95
48
63
60
92
