270
90
173
135
165
153
122
131
138
93
131
119
143
158
106
126
92
105
113
143
172
131
176
153
166
129
98
125
176
105
163
152
158
175
177
109
128
158
96
152
97
167
113
162
139
121
99
174
160
146
172
118
129
165
117
111
130
101
165
108
162
114
92
113
169
90
124
161
96
119
177
146
110
128
179
160
139
111
162
95
172
150
160
132
157
105
123
144
122
98
160
122
112
175
140
150
169
94
163
112
161
90
118
175
131
137
130
129
152
177
150
98
159
174
127
118
97
98
93
149
125
128
151
134
179
100
99
100
123
114
133
179
169
111
97
100
145
136
142
156
105
177
141
124
170
125
145
119
162
172
170
137
98
158
137
136
96
94
146
123
128
134
105
168
154
163
158
146
177
173
109
160
147
126
130
177
92
166
151
153
114
171
161
175
132
99
123
159
142
135
144
126
159
92
149
101
111
112
103
169
156
167
105
105
105
136
153
153
174
95
172
169
162
167
106
114
155
101
116
93
118
128
166
94
161
141
165
164
119
153
141
93
111
92
129
132
178
101
160
171
150
159
114
149
119
168
164
128
92
162
179
139
166
134
162
174
102
116
139
168
159
96
130
137
113
164
97
139
108
174
138
136
