500
100
102
100
101
98
95
97
100
96
99
96
95
105
101
104
98
99
101
95
103
99
95
101
105
97
101
103
103
98
97
98
98
104
103
101
105
96
97
101
104
95
105
103
99
97
102
99
98
102
105
105
95
100
104
100
97
102
102
95
98
100
101
100
95
101
100
99
105
100
98
99
99
103
101
98
98
98
103
99
101
99
104
104
102
103
105
102
103
101
96
99
97
97
104
102
100
102
103
101
97
104
102
102
101
96
102
98
102
105
105
98
95
104
99
103
104
95
99
97
104
99
98
99
97
105
98
103
100
95
96
98
98
98
102
100
100
105
99
99
103
98
104
105
97
98
97
103
95
101
102
102
105
96
101
95
97
95
96
95
99
102
95
102
97
103
95
103
103
104
98
101
104
104
95
96
104
99
95
102
96
101
105
96
103
98
102
99
103
100
95
98
102
99
96
100
103
97
95
100
99
99
102
96
103
98
104
100
105
95
104
98
98
105
102
98
104
105
96
105
98
102
102
102
100
103
97
105
101
98
95
101
104
95
101
100
97
96
104
102
103
105
100
95
98
97
96
104
97
104
102
97
100
104
99
99
98
100
99
99
105
95
101
100
96
100
101
100
105
102
100
96
97
100
95
95
98
99
99
97
100
100
102
95
103
95
104
102
104
103
105
99
102
101
95
96
95
103
99
98
96
95
95
99
95
95
105
96
99
105
98
101
96
98
105
96
99
100
97
103
100
96
102
103
95
98
104
95
105
97
100
100
97
97
99
97
95
96
97
95
95
96
102
97
98
102
96
103
102
101
105
103
103
95
97
103
98
95
103
98
96
100
103
105
97
99
96
98
104
100
96
100
100
97
100
97
103
97
102
96
95
104
105
103
102
98
100
98
97
103
95
98
99
97
98
104
100
95
98
95
99
97
104
95
96
103
97
95
103
100
97
104
98
103
99
100
99
99
100
98
104
98
101
105
96
100
99
104
96
98
97
102
105
100
101
100
99
100
97
104
102
103
102
97
101
104
97
103
100
103
105
99
101
100
101
99
101
105
100
100
97
99
97
105
104
99
95
104
101
97
96
101
105
105
96
96
104
96
103
95
103
98
103
100
99
104
98
103
99
101
95
102
100
101
98
105
105
99
95
102
99
98
