300
100
176
168
116
152
131
176
169
112
143
194
194
199
196
166
139
172
139
148
189
146
137
194
101
115
145
164
118
166
179
145
148
130
112
102
105
129
170
199
136
188
182
174
179
117
187
101
172
175
124
163
113
124
145
118
198
110
153
155
157
118
166
159
123
198
186
155
150
159
106
191
139
104
165
111
197
156
163
131
139
122
147
161
116
145
146
116
191
184
194
172
131
188
140
176
155
191
144
128
130
183
109
172
150
196
114
191
186
193
172
140
122
105
163
172
159
114
102
187
152
120
141
160
182
169
126
164
158
137
167
123
116
187
191
180
193
181
160
189
157
162
151
100
162
198
133
110
126
136
181
181
125
174
182
182
142
120
119
139
195
155
191
156
176
156
122
196
191
145
124
156
122
162
184
190
152
104
189
166
166
116
119
174
169
192
141
126
144
121
177
162
179
128
183
112
116
178
166
141
150
192
129
136
165
172
177
101
129
122
137
169
192
135
162
165
113
171
114
164
101
160
144
158
163
168
180
123
110
154
165
119
182
112
111
183
187
164
147
157
105
108
126
165
178
175
101
137
158
133
121
173
106
177
138
153
186
120
137
151
178
147
181
194
103
146
173
153
150
195
134
174
190
129
182
142
172
171
112
133
183
149
188
143
148
114
150
133
154
140
131
154
138
186
192
101
113
174
186
131
183
136
