250
50
2275
591
353
2002
1516
217
1540
2409
568
896
1408
2451
2035
227
1375
621
314
648
329
1918
1351
369
892
19
1494
629
709
86
1317
2186
688
2060
229
1047
1527
2329
552
241
451
1416
1056
580
1196
1411
479
1172
668
1012
662
882
252
1976
301
229
2181
2057
1247
2144
928
926
144
2376
942
2005
1186
1699
206
149
2447
1505
2326
403
416
155
1707
1494
568
1182
206
1532
2357
2470
1413
1340
1418
702
1146
449
2458
620
1536
1228
303
1182
151
1773
1231
646
415
1065
584
2310
899
2500
2378
161
814
1039
197
882
1741
1305
328
319
1910
1069
861
1398
504
610
1033
2260
2277
1383
647
325
425
1526
1140
1021
1328
1420
1967
867
973
625
1288
2435
1913
1685
2105
2253
881
2180
686
1207
2482
265
745
2154
830
56
890
1049
1286
1326
519
1559
2202
671
1333
500
1621
1662
2065
457
2403
2181
1904
1943
595
276
1155
92
1583
1815
1962
2428
2471
470
408
581
1933
2334
734
320
389
1185
2434
567
228
2385
1912
764
1702
653
568
2128
473
1623
2212
282
2491
1814
245
1214
1830
2317
451
1972
2087
1667
211
1508
1194
1043
2066
400
526
1483
1864
1915
1290
808
262
1525
284
51
595
208
1389
1397
1221
2447
620
2248
14
1433
2300
2020
1931
1098
1679
2133
219
1830
2455
963
1415
490
