700
70
124
120
132
134
109
130
101
121
88
80
117
104
134
104
100
96
82
122
138
116
115
133
97
92
107
97
100
102
79
121
104
89
127
114
109
124
98
104
121
114
96
114
72
137
111
95
112
78
77
111
88
73
109
115
116
96
139
81
99
89
129
72
124
83
88
121
86
105
92
87
119
134
98
127
123
117
84
94
84
72
127
83
103
96
100
81
136
131
106
83
105
77
115
129
129
127
113
82
131
88
130
116
99
71
129
99
104
124
95
81
112
84
102
138
96
108
122
136
74
133
98
100
117
71
128
70
131
138
92
92
123
80
113
80
118
105
136
92
138
73
126
136
100
104
92
128
73
121
102
82
102
97
99
74
90
128
93
108
121
118
72
118
123
132
122
134
72
118
104
114
78
97
130
88
100
103
107
74
109
101
100
104
113
105
117
77
134
93
111
112
133
80
132
93
102
95
134
98
78
71
73
130
103
133
139
80
136
78
114
103
87
108
124
109
121
135
110
79
111
106
85
89
82
71
108
123
81
130
98
114
70
87
72
101
84
107
103
122
94
85
72
70
133
99
136
103
84
97
134
85
120
101
114
128
98
79
123
73
124
126
100
74
74
137
127
96
134
128
95
93
92
112
92
84
76
101
92
85
130
123
95
71
82
76
109
81
112
98
122
96
98
132
122
99
130
119
86
103
73
120
70
95
133
125
76
79
84
87
113
111
112
92
137
138
106
98
86
81
79
98
113
114
121
121
90
110
138
139
137
106
76
80
128
81
75
110
76
80
89
105
74
81
71
120
110
73
86
85
113
99
96
75
139
128
89
92
78
77
79
76
121
73
138
93
101
115
137
113
121
124
85
120
93
111
131
105
77
74
110
99
76
127
105
74
105
87
118
129
121
90
87
83
103
121
75
118
119
108
96
136
116
100
129
70
81
126
87
84
129
76
71
109
85
70
112
90
97
131
93
120
100
101
121
73
87
118
110
104
139
122
124
117
111
91
137
129
97
127
119
119
74
119
117
119
119
81
122
111
85
122
95
71
117
70
131
93
127
104
72
107
86
134
130
137
130
106
72
91
120
124
124
106
135
104
123
88
76
113
98
124
128
115
94
102
113
117
114
136
85
101
70
112
135
71
108
120
71
84
139
77
125
131
76
116
102
128
124
75
116
71
80
105
96
81
82
128
129
102
108
130
93
132
124
116
107
83
76
111
104
88
113
98
87
109
105
94
107
123
114
106
83
98
91
114
110
127
122
96
136
125
86
75
137
118
106
104
110
75
87
97
131
93
124
75
97
111
98
126
106
72
89
101
111
93
72
115
83
120
129
125
93
106
92
122
116
84
104
130
122
77
73
80
101
77
136
129
138
82
117
121
100
104
96
80
93
128
71
137
101
103
90
79
126
135
117
136
73
72
120
116
93
114
114
121
130
135
81
92
132
81
117
97
132
110
80
72
120
77
97
136
130
103
92
85
101
100
91
132
110
87
132
120
74
123
137
109
134
101
114
80
122
88
91
96
81
128
101
103
102
138
126
117
133
78
94
85
102
107
101
136
93
82
83
96
122
99
133
119
137
123
110
109
107
131
98
102
109
122
90
83
