500
100
196
101
80
113
59
155
178
130
101
127
28
134
188
53
47
135
172
38
25
76
199
141
47
1
117
18
67
42
49
29
12
48
101
4
5
61
179
154
18
166
50
13
149
107
31
181
28
77
130
194
41
111
63
146
178
105
45
36
160
163
193
178
22
196
116
125
60
183
89
188
87
44
120
71
55
155
155
1
59
118
197
196
161
169
83
69
142
22
65
44
60
175
188
98
32
172
160
41
22
188
90
65
189
61
171
158
132
114
107
180
115
88
69
182
48
73
97
146
28
118
153
158
145
33
103
144
7
21
46
88
5
148
113
89
192
11
40
30
154
195
144
39
183
28
135
103
111
54
78
164
21
43
121
47
56
4
161
139
187
124
36
63
198
21
36
91
25
177
102
136
186
109
27
52
82
115
133
124
70
63
29
165
195
114
179
146
152
100
40
56
175
187
58
27
3
36
82
44
17
52
61
1
156
13
54
99
130
166
104
51
30
32
7
53
175
83
61
6
176
88
69
162
56
103
73
33
141
136
18
47
54
16
63
189
192
83
170
96
143
96
69
70
113
39
105
195
28
187
94
173
180
156
190
162
42
180
184
83
147
96
107
114
174
151
111
73
121
143
185
172
19
6
67
141
81
133
55
172
103
151
59
45
11
121
148
147
192
1
129
170
44
142
6
167
88
125
12
17
40
145
69
147
5
140
89
88
106
65
177
158
54
12
31
72
103
128
56
69
41
49
158
140
18
33
125
25
64
188
17
39
7
114
143
185
155
91
182
170
160
164
22
192
64
63
90
196
155
124
24
24
182
94
120
24
36
97
107
186
56
102
43
159
193
50
59
55
157
51
43
51
118
31
198
139
78
188
34
56
29
143
165
55
182
150
110
130
28
102
134
20
87
20
199
100
27
32
171
57
185
171
139
137
171
95
129
61
25
21
172
74
183
82
33
81
177
65
146
184
123
143
49
37
110
31
123
174
53
40
199
12
93
3
139
95
149
126
112
79
91
167
117
62
40
147
64
39
161
161
102
116
149
154
132
8
98
189
118
55
129
151
86
78
80
25
42
119
24
2
3
6
20
4
168
141
196
179
137
21
151
135
168
95
29
192
21
53
178
194
69
72
171
71
32
193
128
167
36
189
114
144
