900
90
167
56
137
102
37
118
41
24
2
119
165
152
27
164
135
134
12
113
176
29
77
17
89
35
60
136
42
72
24
91
1
74
16
8
174
8
74
145
101
14
15
161
27
135
97
84
111
73
5
76
12
49
99
126
83
115
132
30
76
113
119
103
145
97
109
7
130
175
96
56
76
98
157
7
129
150
2
62
158
111
162
47
20
166
90
91
154
159
116
116
131
68
92
58
178
125
123
156
151
117
24
93
9
151
20
123
139
72
124
74
165
9
89
165
97
79
93
171
94
48
141
27
153
44
74
119
14
55
99
37
83
7
166
22
115
82
161
150
94
172
66
23
126
140
48
66
25
113
25
169
64
58
59
174
159
59
49
134
34
158
126
28
13
90
17
103
121
90
123
120
113
36
70
24
159
7
125
172
172
171
172
50
150
132
4
117
63
58
28
165
137
61
164
8
95
74
174
153
160
11
48
65
3
106
165
87
83
165
30
14
62
14
153
45
168
83
38
23
79
125
22
25
4
73
122
67
145
108
119
154
82
173
164
1
53
154
93
139
64
11
67
28
158
66
21
113
117
77
144
118
5
139
179
32
36
138
165
166
76
61
57
146
175
153
77
70
44
114
69
14
113
3
1
151
59
96
142
166
162
87
171
19
126
67
45
147
45
83
98
20
96
100
64
35
64
37
45
95
146
18
46
4
104
115
28
99
119
28
138
124
147
53
131
61
77
72
113
143
23
6
165
18
3
36
85
85
10
92
20
163
125
5
155
113
128
114
43
68
36
115
132
85
170
52
39
155
92
115
69
95
128
137
151
167
116
167
104
166
121
133
73
130
91
17
1
73
138
9
5
145
21
15
132
61
137
95
154
33
57
89
52
113
70
139
69
134
66
66
69
130
79
134
67
103
86
43
63
169
48
58
36
78
15
173
17
162
87
31
60
160
70
131
93
170
105
141
148
157
15
153
4
115
71
102
51
92
53
79
6
106
179
166
32
28
75
117
33
5
48
59
178
102
113
88
65
85
101
120
141
154
22
24
92
34
40
144
18
58
36
162
131
139
160
4
125
164
143
55
58
24
22
9
145
62
30
26
156
43
48
69
45
5
166
75
71
33
3
164
135
138
69
111
123
168
103
85
158
147
154
33
26
112
131
33
176
80
127
81
175
47
124
73
158
103
71
107
118
130
57
102
98
148
108
157
8
119
25
53
53
17
67
102
130
14
115
124
46
90
42
176
80
158
155
46
61
98
93
155
35
119
131
51
131
41
145
165
5
108
24
46
37
2
76
62
93
131
100
78
15
1
13
37
115
50
121
137
21
126
102
179
47
32
85
146
76
40
68
80
143
132
10
31
109
123
11
77
175
68
177
83
14
50
131
89
97
133
147
162
96
100
66
84
81
74
170
162
71
101
161
123
28
167
2
29
111
147
162
46
110
172
49
170
138
78
101
33
139
141
85
177
92
93
146
146
112
138
75
161
45
109
29
74
91
159
40
22
106
97
162
4
25
101
147
126
117
15
13
9
84
112
150
144
100
111
17
150
83
9
34
46
154
138
31
127
53
46
159
6
95
84
26
17
162
146
96
65
113
118
29
47
113
6
158
161
34
103
145
175
123
4
145
144
90
132
127
59
18
158
14
163
90
1
63
17
55
91
42
102
58
68
1
99
98
115
28
14
37
126
78
135
120
155
179
13
51
77
155
101
176
154
155
56
166
35
16
94
123
118
142
9
116
109
87
24
3
14
18
47
90
72
66
40
53
103
162
141
78
166
151
146
122
159
140
116
72
76
97
52
60
25
118
112
44
172
134
64
171
143
11
87
86
98
167
152
64
133
130
58
68
41
40
39
174
10
120
116
76
30
160
98
165
68
25
27
106
149
49
7
146
57
1
82
35
85
124
45
9
1
176
123
151
155
105
89
13
80
137
82
129
156
29
81
51
89
78
80
35
168
112
112
27
177
11
143
145
123
171
61
84
85
106
59
83
64
89
99
35
116
156
137
86
129
177
101
135
106
170
80
147
128
73
40
76
94
105
162
141
135
90
127
