1350
90
144
28
11
108
136
146
124
114
126
130
51
138
4
173
138
33
54
77
164
66
14
129
24
159
23
43
103
111
15
53
150
176
123
28
99
54
88
38
102
151
13
171
145
99
73
174
127
135
152
122
39
58
114
93
49
151
72
40
140
179
100
49
76
62
81
83
120
25
128
91
40
145
169
97
136
27
52
121
67
46
148
92
101
171
70
78
80
66
177
20
32
98
90
42
134
120
24
76
86
16
46
144
22
63
63
169
88
109
83
71
107
149
26
2
83
55
5
38
53
90
102
57
107
35
84
148
166
62
106
31
126
85
172
1
26
122
135
52
7
58
13
15
155
38
159
21
62
103
169
79
68
167
8
141
163
166
174
122
67
37
123
50
168
34
11
159
108
133
24
151
69
97
36
103
114
94
46
39
63
128
137
106
171
2
127
89
105
43
46
57
65
47
122
2
96
80
7
25
151
109
116
16
126
136
54
74
21
65
147
123
158
31
94
37
102
109
102
6
25
65
6
117
87
121
167
116
129
84
13
86
57
118
20
118
77
12
150
125
170
71
35
73
127
27
64
70
136
103
54
23
115
23
158
16
166
21
116
135
92
145
17
167
119
167
77
100
126
140
61
130
87
167
72
18
85
68
9
42
16
84
144
15
154
67
130
160
29
98
56
8
112
20
50
126
2
76
23
38
19
69
130
148
30
141
112
176
133
12
89
77
42
32
58
146
178
36
161
52
49
167
165
143
162
177
151
26
154
63
8
123
78
144
95
35
51
7
77
112
85
119
8
104
92
111
80
130
161
56
64
72
169
108
42
120
66
158
97
96
61
52
111
37
179
135
152
139
35
162
163
91
70
143
64
7
46
164
9
178
148
105
50
76
144
28
179
127
21
117
176
83
11
101
106
160
91
46
167
28
175
52
179
8
6
27
4
154
160
24
142
18
22
100
62
39
66
102
157
49
31
165
61
49
58
95
107
33
60
161
76
12
115
49
25
114
66
143
150
164
54
81
62
173
36
57
80
146
95
115
26
143
154
56
122
7
53
170
34
37
37
147
36
152
169
11
36
10
128
129
98
105
142
52
105
128
93
38
112
85
120
29
67
8
147
132
113
81
89
75
11
49
73
32
103
3
22
121
117
160
139
176
55
168
20
120
37
149
30
179
72
55
22
94
108
176
77
73
140
162
137
99
87
151
3
123
25
119
89
87
99
109
109
125
58
44
51
146
106
38
79
46
97
102
74
9
59
15
152
59
53
42
87
97
165
105
138
177
89
27
15
124
105
5
87
112
79
162
33
163
143
137
79
53
166
146
39
140
145
144
85
22
86
88
41
165
30
12
35
151
152
54
62
164
38
161
104
41
64
81
106
150
143
164
94
27
74
131
75
139
145
85
85
143
104
152
42
92
58
146
1
77
91
147
93
60
15
109
74
61
23
27
45
94
86
128
115
51
175
153
137
132
73
163
41
130
129
38
122
146
109
80
153
28
166
101
85
61
57
166
84
135
136
94
102
55
102
62
123
127
13
155
83
137
14
97
20
133
60
150
66
64
94
126
121
120
170
175
1
46
21
70
153
105
82
93
163
84
75
168
5
141
151
84
110
47
163
18
75
67
169
103
3
137
62
116
152
20
67
5
150
164
6
50
16
18
87
76
96
127
120
31
10
28
139
145
161
18
51
9
130
60
160
117
114
7
150
43
78
5
118
25
160
51
172
111
16
89
56
33
90
82
11
102
64
21
24
1
55
139
16
114
154
150
171
102
63
158
3
69
156
82
42
21
20
13
81
62
33
64
146
76
79
1
57
148
28
85
75
154
88
92
66
175
124
13
60
103
34
136
124
131
4
53
79
12
19
142
123
87
174
147
88
158
162
100
27
34
123
83
4
129
179
137
107
70
135
122
57
3
30
125
94
134
84
3
174
30
131
12
119
130
2
78
119
5
93
20
59
17
8
20
48
73
13
127
161
65
40
22
155
5
137
161
64
119
121
51
100
60
66
82
110
115
176
89
153
66
149
128
176
11
179
37
126
67
136
92
66
155
62
165
82
111
44
122
132
156
61
110
78
86
38
100
10
98
46
156
176
101
138
110
99
144
168
163
146
18
119
176
25
178
11
18
48
43
8
43
57
46
93
1
18
157
174
106
124
141
84
173
132
145
156
61
15
55
134
18
75
10
51
153
151
77
96
24
146
71
76
3
143
109
140
121
54
63
147
105
177
79
47
107
174
161
83
127
145
9
46
148
16
34
71
75
75
159
22
57
72
176
35
52
173
17
132
103
52
167
29
49
121
76
10
27
170
89
161
75
86
34
165
128
95
162
138
123
11
135
90
5
7
84
11
57
139
92
139
29
146
64
94
178
94
85
74
84
100
76
111
13
146
7
113
15
32
33
61
98
173
153
167
79
62
166
67
15
85
164
141
63
158
57
15
136
174
83
138
177
106
68
30
31
141
155
147
23
143
4
75
92
64
141
164
145
150
161
18
23
135
166
83
130
46
39
95
133
63
134
11
168
34
145
37
37
3
119
162
113
140
137
155
78
109
68
14
177
36
115
170
162
11
93
133
125
163
56
109
4
55
118
136
148
131
105
153
159
141
67
176
84
120
110
135
24
12
69
42
150
176
26
157
158
59
138
169
106
34
101
116
8
87
70
87
88
150
44
34
172
90
174
3
153
112
67
149
179
33
109
105
95
122
153
32
159
78
24
15
143
86
155
40
37
102
32
71
127
29
14
170
178
72
28
23
72
110
10
179
88
152
133
168
103
27
125
27
82
61
28
15
67
146
131
14
19
11
25
66
77
168
112
66
143
159
33
163
22
159
149
76
34
52
18
120
172
98
84
177
95
148
9
54
166
77
46
27
101
37
110
144
57
124
72
159
141
112
148
144
134
157
168
75
123
14
128
91
170
57
161
92
168
70
42
70
158
117
20
30
30
14
13
147
148
122
67
20
169
28
161
72
40
30
60
103
70
145
145
92
58
33
94
179
133
138
78
30
113
36
60
88
15
61
174
95
16
57
13
163
99
38
75
61
147
7
135
142
176
74
38
101
108
20
56
