300
20
2
22
16
9
37
12
20
3
31
19
5
10
11
22
1
7
34
20
34
38
19
9
6
21
25
23
6
22
2
18
2
20
38
6
34
19
7
29
8
30
34
17
4
27
1
17
6
30
39
2
33
26
38
21
30
32
39
37
32
39
37
31
2
18
24
1
39
30
28
37
5
39
10
9
15
22
17
29
39
9
10
13
11
29
32
22
25
7
36
16
31
22
3
3
6
30
22
8
2
10
33
18
25
21
23
17
39
32
8
35
34
2
19
37
22
16
33
7
37
27
35
13
13
3
24
15
5
11
36
23
25
17
6
5
33
5
30
29
29
24
36
5
4
22
28
11
24
26
38
26
37
1
30
15
18
20
32
32
12
20
35
3
28
37
23
10
7
6
20
37
16
4
25
16
11
39
18
13
24
17
28
3
34
25
14
17
32
3
22
15
32
1
18
1
6
21
31
21
29
37
17
21
35
12
36
15
35
33
35
2
25
32
21
12
37
27
7
12
11
6
29
2
1
4
6
4
9
25
2
14
35
35
36
13
2
25
12
13
15
25
25
8
33
5
9
18
19
9
27
4
26
17
11
24
36
9
33
37
27
7
19
20
16
28
32
27
37
11
37
39
33
19
13
32
34
29
27
15
38
12
1
25
18
31
18
20
17
14
15
9
30
22
37
36
20
23
15
13
1
10
