600
40
66
4
6
6
6
52
27
75
65
61
47
69
15
71
14
54
1
25
2
21
65
3
12
2
75
50
37
51
27
66
62
38
22
49
60
21
64
25
71
68
20
35
15
1
72
67
77
5
79
56
19
10
6
44
19
23
66
4
9
15
30
38
23
72
34
23
69
40
3
38
73
60
30
63
2
45
79
14
57
26
70
12
17
46
32
78
14
69
30
15
57
15
68
75
28
51
44
59
2
67
49
36
7
50
22
2
70
58
20
74
5
79
28
44
5
6
11
17
72
68
33
2
7
56
4
72
8
15
30
41
8
66
74
11
8
26
66
32
6
21
78
41
76
30
50
21
16
33
12
54
73
76
2
44
51
73
19
75
46
68
40
59
48
3
61
76
38
74
12
56
9
40
76
28
77
39
79
25
67
41
36
49
57
39
57
62
30
10
6
6
77
71
64
9
25
47
4
75
48
41
33
57
18
39
13
48
47
62
48
39
20
77
1
5
29
51
74
42
66
31
72
9
43
46
41
8
48
10
57
58
47
32
51
66
38
73
24
16
18
24
66
69
50
43
50
29
36
54
46
31
2
10
16
8
22
14
1
76
58
65
7
56
79
44
23
31
26
2
21
16
60
50
35
25
17
22
34
25
70
61
60
28
77
5
13
4
75
14
33
20
10
14
47
73
61
22
38
24
48
10
39
47
3
12
41
20
62
6
19
25
76
15
54
17
54
9
33
75
31
38
24
38
2
54
59
75
23
31
66
30
68
71
26
69
45
17
56
69
14
56
74
51
2
51
8
38
69
30
14
75
78
23
17
2
52
67
74
48
76
62
41
37
22
76
20
28
73
13
41
52
34
32
69
15
22
25
19
67
50
13
35
68
65
6
13
48
48
8
58
17
3
50
33
63
78
32
63
67
54
10
57
37
41
23
45
71
79
28
32
8
9
36
78
18
12
41
4
56
40
60
17
61
9
49
54
15
17
70
15
38
72
44
35
60
32
66
35
61
1
47
54
37
57
6
17
7
35
73
28
78
31
72
61
17
62
43
42
17
6
55
43
18
58
40
10
74
3
39
34
73
48
55
77
76
24
22
76
48
10
35
4
35
62
54
39
76
29
4
8
68
6
46
41
38
72
14
29
9
77
10
35
25
75
54
52
52
58
70
52
53
22
6
43
67
8
63
6
72
4
39
9
13
41
27
11
74
8
72
40
29
67
78
27
66
75
48
5
26
8
48
59
57
66
61
16
56
50
56
7
54
13
52
1
72
51
78
5
58
28
14
73
39
65
28
59
54
53
38
50
25
56
17
28
50
5
41
76
60
21
7
61
17
17
11
70
8
67
61
6
14
5
31
71
36
46
42
37
37
18
44
