201
100
92
40
95
60
22
62
36
66
15
2
99
27
8
82
14
79
94
83
22
82
26
73
50
20
93
50
5
69
98
18
60
46
78
8
21
69
36
32
95
72
64
49
96
92
50
58
12
52
63
73
71
100
43
94
80
31
45
19
66
55
83
16
33
98
15
87
69
24
23
19
37
25
45
40
19
45
74
83
76
32
25
48
15
28
61
52
4
22
20
34
48
76
17
28
11
32
34
31
5
100
36
67
33
49
31
5
79
52
25
85
11
81
79
100
92
35
7
17
54
53
81
40
66
96
11
88
86
96
90
20
59
63
35
27
10
58
92
39
5
16
84
49
49
89
58
42
70
42
23
68
12
80
15
37
46
34
4
26
74
54
10
41
43
41
37
89
49
65
11
36
65
86
40
9
21
88
30
12
33
36
85
100
45
71
89
100
36
23
75
49
93
52
94
30
13
25
10
93
35
35
55
