180
60
668
137
283
654
1343
1655
24
1305
231
343
539
1154
963
211
1694
1291
1796
752
36
774
392
1613
748
583
459
1778
612
1666
260
1488
1538
82
332
1195
1347
590
518
1449
1308
602
496
975
1067
994
1689
877
304
1684
532
792
1053
1051
351
921
190
817
173
141
324
1167
202
1744
1537
410
844
1374
1798
854
1665
1561
108
1018
1249
1712
193
1798
1402
1550
703
1772
1621
64
870
174
225
600
378
54
58
550
1514
15
794
1588
1235
768
1750
418
876
1011
909
1132
350
942
361
463
777
1791
42
1349
449
1075
1702
644
738
348
1176
427
792
1599
127
906
1338
773
180
1710
546
179
104
1055
841
187
688
339
20
181
866
776
376
986
1431
618
29
1224
552
1281
1091
324
568
692
274
1740
176
1285
1220
822
291
47
630
353
147
1295
426
356
456
74
58
1070
679
922
1657
911
673
1396
799
1587
1336
85
715
240
