600
40
95
105
98
99
99
101
96
99
97
95
96
102
104
99
104
97
98
103
102
99
98
99
102
98
99
98
97
96
99
97
100
96
99
105
105
95
105
100
96
96
105
97
97
96
97
98
99
102
100
101
99
104
97
98
102
97
104
104
103
101
95
103
104
103
97
97
103
105
97
98
104
100
99
101
103
98
97
96
104
104
96
100
104
98
103
105
105
100
98
98
105
103
101
97
105
105
98
98
96
102
101
96
99
99
102
100
101
97
104
103
101
100
96
101
101
95
97
96
100
100
99
97
97
99
96
101
100
103
104
99
101
102
99
100
95
99
102
96
102
99
100
99
100
100
98
104
98
105
104
104
100
98
101
101
105
99
99
101
104
102
98
101
95
103
98
103
102
105
103
104
95
96
102
105
105
105
100
95
105
105
96
96
95
99
103
104
99
100
104
102
101
102
97
97
96
99
100
97
102
96
101
104
102
101
105
96
105
104
100
96
101
98
96
105
100
98
97
98
95
95
95
95
102
96
102
100
102
98
102
101
98
100
101
95
101
100
100
100
104
102
100
103
104
101
104
103
98
98
99
98
98
97
103
98
105
95
97
102
104
101
100
102
98
97
96
98
97
102
98
98
103
103
105
96
101
95
96
101
99
97
98
98
100
104
101
95
102
97
105
99
101
96
100
95
98
98
104
104
96
99
97
102
98
104
101
97
97
95
103
103
98
104
97
99
104
101
104
103
103
98
105
105
102
101
95
97
97
96
97
103
102
105
103
103
105
97
98
98
100
102
105
103
104
95
105
98
100
102
103
104
96
98
95
100
104
99
96
102
103
101
97
98
99
96
104
95
95
105
102
102
98
97
97
96
97
101
97
105
104
101
98
101
105
105
100
103
105
99
96
100
95
101
100
100
99
99
99
96
97
102
104
99
102
98
100
105
97
104
95
105
95
95
105
102
100
96
103
101
100
103
101
101
104
95
104
97
101
98
102
95
103
98
101
99
101
99
97
104
102
98
101
98
97
104
103
97
98
100
104
95
103
105
104
98
97
105
105
105
105
96
95
103
95
101
100
102
103
103
98
95
101
100
97
96
95
101
96
95
105
100
103
102
105
105
96
103
103
99
99
104
100
99
95
104
103
105
96
97
101
97
102
104
97
104
104
103
101
103
100
103
97
95
99
99
104
101
103
95
96
104
104
105
99
100
102
97
95
99
102
105
103
104
102
96
98
97
96
99
96
95
97
98
105
97
103
101
96
100
104
95
96
105
95
105
102
102
97
98
104
98
105
103
99
98
99
105
97
103
100
99
105
95
98
97
102
97
102
97
97
97
98
98
100
97
101
100
98
99
101
100
99
99
105
105
100
101
98
98
100
101
