180
60
98
74
65
65
93
90
93
116
89
108
67
86
73
72
81
81
76
74
80
91
117
67
77
74
72
107
77
63
66
118
83
105
116
107
79
61
89
102
105
77
95
62
97
65
80
63
113
110
98
90
109
63
100
85
60
119
92
87
79
82
106
99
97
65
68
67
103
103
83
64
117
110
97
84
100
118
97
79
86
72
96
60
95
103
94
70
102
98
110
72
65
77
115
119
105
109
102
62
91
91
75
81
68
71
112
96
103
89
103
101
72
108
97
108
98
119
117
78
79
99
61
73
87
119
90
63
84
63
105
86
99
96
87
60
108
71
64
64
103
88
95
98
105
78
105
87
80
95
106
68
77
102
108
87
78
87
87
60
86
99
88
97
113
69
113
88
90
71
68
65
109
106
79
91
87
75
82
104
60
93
