300
20
7
8
10
3
3
2
6
10
9
3
4
10
4
9
3
8
8
5
7
5
1
9
7
5
8
7
5
10
3
10
1
10
9
6
7
9
6
3
6
5
4
4
3
6
6
4
10
2
3
8
6
10
5
6
10
10
5
8
3
10
9
7
9
7
7
7
6
8
4
2
8
9
3
1
1
9
1
10
3
5
6
6
6
4
2
5
5
4
7
1
2
8
7
7
4
9
8
10
5
4
7
9
6
3
5
6
4
3
8
8
3
2
4
5
8
8
6
7
2
7
9
7
9
4
7
4
3
8
2
2
3
10
2
9
2
8
4
1
8
5
7
8
5
9
3
5
8
2
8
6
2
5
2
7
6
2
3
10
5
5
3
7
8
1
6
3
8
5
4
9
9
4
3
2
8
7
9
6
10
9
10
7
5
9
3
9
4
7
2
8
7
4
3
9
3
1
10
7
9
10
1
3
6
10
1
3
6
2
9
3
5
2
8
9
6
1
9
4
2
10
10
8
4
1
7
4
5
5
2
5
1
4
1
3
1
9
9
6
7
5
3
2
3
7
7
3
7
10
8
8
9
7
4
7
3
10
7
4
2
8
5
2
8
1
1
9
7
7
9
9
6
6
7
4
1
6
3
3
9
2
5
2
5
8
3
4
3
4
4
10
3
10
7
6
7
6
8
5
8
9
