600
40
102
102
95
99
104
100
96
98
98
100
102
105
102
105
99
103
97
100
101
99
98
98
99
104
96
103
105
103
104
100
102
102
105
102
100
96
98
99
100
98
103
97
95
99
103
97
95
98
99
96
101
101
102
100
95
99
103
99
98
100
100
95
103
100
98
100
98
98
101
98
98
99
102
95
96
99
95
99
97
104
97
105
100
102
98
102
105
98
100
96
98
99
101
102
100
105
101
105
98
98
99
103
105
102
98
99
102
95
104
95
95
99
98
97
99
99
96
99
95
95
99
100
95
103
105
102
100
103
95
95
97
95
95
102
101
99
101
98
100
98
100
98
104
96
97
103
100
103
101
95
95
102
103
95
98
101
105
104
102
103
105
95
96
103
105
96
105
104
97
100
102
105
96
98
101
95
99
98
102
95
103
102
99
100
100
103
99
97
95
103
100
103
96
105
103
99
102
96
96
104
105
96
102
96
102
95
102
99
98
99
98
97
105
95
104
97
103
97
103
103
96
97
95
100
103
97
96
100
105
103
100
101
99
99
103
104
96
104
101
103
96
99
103
99
98
102
100
101
104
98
96
104
96
95
102
97
99
99
104
102
101
104
104
100
95
103
102
104
98
104
104
105
97
99
103
105
101
105
103
99
98
105
95
100
105
96
95
99
98
102
97
99
100
96
99
96
105
96
102
103
105
99
101
99
97
103
98
104
102
101
99
105
98
99
95
105
105
101
101
97
99
102
104
101
95
101
102
99
105
102
104
100
97
102
103
97
100
100
95
104
95
100
97
95
100
100
96
102
95
96
104
103
96
103
98
97
96
97
98
95
97
97
98
101
103
96
105
101
102
95
103
99
104
98
97
105
101
99
101
96
102
103
102
95
105
99
104
98
95
99
101
97
102
96
98
101
98
105
95
99
103
102
104
99
105
95
96
95
98
97
102
101
101
98
105
102
102
95
105
96
104
98
103
96
97
103
101
98
101
98
102
104
101
102
98
96
104
99
102
104
99
99
105
105
99
98
105
104
103
105
97
101
105
102
104
104
97
98
102
104
97
97
101
105
105
100
104
100
96
101
100
101
100
98
102
95
103
96
103
101
105
97
102
104
96
100
102
96
96
102
97
101
99
100
97
95
104
104
98
102
101
104
101
98
97
96
100
102
100
103
99
104
102
99
98
96
99
100
105
101
105
100
105
99
105
97
105
103
105
104
98
104
95
99
99
99
102
104
103
105
98
101
102
105
103
98
99
102
98
103
96
100
100
101
105
95
104
100
95
97
99
95
105
96
96
105
97
95
95
100
100
102
95
95
98
97
98
103
97
99
105
98
101
95
95
97
96
96
105
105
100
95
104
98
101
104
97
99
99
102
