270
90
342
2508
320
2634
802
2656
1282
865
2190
1513
1621
2510
1250
398
61
515
1747
1988
2697
993
1095
187
2575
2075
1504
46
1930
1022
2010
2359
386
799
2409
2586
379
2042
447
1398
1947
720
649
843
1395
617
1576
1226
1688
1482
473
1224
2303
573
974
2169
1746
2231
1709
499
2509
1007
2065
1909
2137
848
2177
1753
410
1994
1463
1160
565
1463
802
52
898
1824
2192
1206
264
1912
2133
2337
1060
2358
985
269
54
2595
2099
1370
916
1808
2090
9
604
1608
156
312
221
768
98
311
1936
2494
2332
11
2287
2274
164
433
738
2040
721
1439
1409
2135
1993
1598
119
53
1264
410
2035
2284
2135
2237
1459
538
2302
1135
7
500
897
601
1305
1257
2249
2679
2453
2357
44
293
319
344
2498
1283
1465
363
2431
27
1584
626
917
1549
1897
843
187
187
2655
2407
431
2186
1989
934
1679
882
315
2194
282
2115
2264
379
736
617
2290
320
694
1026
1391
1979
2655
1955
2690
132
2444
293
2667
1096
2008
2179
2620
646
303
365
1636
1739
1014
670
1486
1191
2498
1356
2539
1875
2398
2436
1972
1456
1064
849
495
1822
1793
2184
2306
1747
667
2511
153
995
1698
201
797
1650
1433
685
2250
1749
811
154
2572
231
778
1560
2281
2231
1188
958
1014
1016
856
28
1994
1173
1920
2635
440
1304
2426
370
2643
1122
508
2039
421
1724
1468
277
769
1758
997
2373
1057
299
2328
1194
515
422
1334
1554
