1050
70
96
71
94
36
63
36
136
57
65
107
60
27
86
64
138
138
28
30
129
102
135
117
31
77
47
65
54
110
94
14
77
3
98
124
18
133
80
68
109
101
44
3
3
131
90
66
74
26
104
80
57
61
84
76
113
127
52
67
9
37
2
9
68
1
75
80
90
9
67
41
76
9
52
12
10
41
38
68
97
25
99
71
109
47
112
75
57
90
32
116
109
119
64
115
104
16
38
23
125
129
49
69
5
90
71
84
90
22
137
20
135
76
109
81
95
101
65
109
135
59
28
109
31
105
20
80
134
43
64
72
75
1
138
17
115
123
20
69
81
96
6
109
108
74
11
72
99
47
14
46
97
54
14
130
19
118
94
27
101
111
117
15
36
22
28
80
88
94
84
87
100
1
77
122
123
80
90
65
91
38
125
102
113
51
30
139
122
96
32
58
15
73
74
46
30
67
123
34
51
97
60
121
41
5
18
116
66
105
83
25
53
121
66
88
13
116
79
112
122
6
8
108
69
100
85
65
73
22
123
23
130
45
139
37
51
132
137
119
5
97
101
108
48
100
88
108
138
120
117
43
124
80
34
137
9
118
101
100
80
127
120
99
36
117
60
94
85
138
91
45
77
134
25
136
131
16
71
121
124
62
75
81
25
110
27
21
25
109
49
16
83
119
124
127
126
95
81
86
101
3
12
24
94
83
125
17
110
63
29
117
81
4
77
130
93
92
138
64
60
84
65
74
75
88
36
33
24
2
18
100
22
42
20
32
26
90
139
21
107
26
55
138
89
132
55
127
138
103
4
42
63
113
52
27
129
73
85
2
32
85
57
77
6
54
71
32
20
9
56
108
46
89
105
105
87
83
44
86
90
124
104
1
37
39
19
136
112
13
30
74
22
50
8
81
83
62
126
9
66
103
66
102
102
80
93
58
25
104
65
66
92
120
54
88
12
11
50
131
30
73
92
38
47
42
134
47
24
98
31
79
50
41
50
13
53
120
39
133
116
5
116
106
68
91
133
79
80
78
90
113
132
107
93
98
115
124
71
4
99
14
116
41
39
90
43
88
79
98
123
29
112
105
27
93
90
42
120
89
129
52
138
73
1
20
106
13
129
105
48
124
95
124
49
27
56
91
84
104
8
89
47
77
131
90
29
89
15
97
33
104
131
98
12
80
121
57
41
39
129
115
21
42
29
43
65
113
93
34
75
36
113
86
60
120
41
39
115
82
132
130
8
126
137
15
123
63
10
73
51
92
57
139
42
50
16
68
102
68
78
123
6
84
67
124
7
92
70
64
92
135
104
59
55
124
106
113
46
3
137
115
62
57
52
106
37
115
129
28
30
33
48
85
49
20
66
99
126
134
123
49
19
14
113
78
8
103
113
38
31
15
63
28
90
123
117
43
5
3
135
55
76
84
128
36
25
45
85
21
91
135
87
2
58
114
99
8
84
56
107
115
91
16
66
76
9
35
85
113
125
71
113
9
96
116
76
24
67
50
52
126
5
3
56
105
24
46
84
96
9
45
105
62
66
61
115
61
14
40
28
109
129
31
136
33
6
64
121
67
114
118
21
105
42
28
72
106
139
2
34
124
78
78
59
34
126
15
66
133
79
101
76
130
16
37
95
134
17
7
37
54
11
30
114
119
6
134
73
84
63
123
108
4
71
119
15
12
87
3
50
41
31
98
40
89
87
47
89
100
129
13
23
15
33
114
73
2
6
93
14
126
119
6
17
88
113
14
90
83
123
2
20
121
85
131
35
115
104
108
84
111
36
55
44
127
30
112
120
20
138
66
2
30
45
38
111
117
5
75
8
131
125
75
76
53
81
49
118
81
103
50
81
89
115
136
66
63
114
87
139
106
74
117
67
101
68
11
27
62
77
44
17
85
10
88
56
69
123
130
67
77
77
25
28
136
109
115
22
110
93
123
6
19
87
76
9
90
125
19
86
47
101
20
138
62
6
115
96
26
54
120
76
10
96
88
51
49
28
129
56
103
2
51
105
118
12
126
64
29
66
54
109
117
8
9
23
45
38
123
91
37
1
100
66
46
36
45
35
20
81
126
68
109
93
51
116
128
116
26
14
133
102
23
100
49
113
123
25
132
91
80
1
9
93
29
108
102
15
119
100
6
69
27
59
26
39
42
63
62
11
53
32
24
116
109
102
41
17
15
8
12
19
72
4
31
90
14
33
71
52
27
122
89
1
40
43
129
45
48
32
84
58
50
8
70
118
106
63
126
39
12
103
41
122
137
108
113
26
22
23
46
81
12
38
12
93
18
31
93
16
111
89
6
118
112
117
7
49
102
135
84
62
59
29
29
59
126
47
7
65
94
95
57
50
57
111
6
71
120
63
42
70
125
23
29
36
90
135
1
139
16
