900
60
52
58
77
22
45
93
39
97
13
9
14
80
56
2
88
92
9
72
55
13
13
63
12
84
64
49
38
73
36
72
85
12
22
97
80
71
1
37
25
80
18
67
73
61
28
74
9
61
13
73
19
27
52
88
6
28
10
76
61
39
31
32
73
72
14
33
34
82
15
33
5
89
4
41
46
19
26
44
49
61
8
15
86
50
6
76
18
86
9
14
41
40
93
56
97
74
74
24
27
7
34
52
96
50
79
96
100
77
33
88
57
77
1
67
81
48
84
10
13
38
48
87
45
72
99
100
54
6
68
87
75
65
80
49
39
86
41
100
53
44
49
18
3
51
65
54
14
43
24
71
89
1
12
82
13
45
80
44
69
68
94
44
40
69
68
2
69
14
27
46
21
51
94
53
42
40
87
45
64
38
86
48
43
51
13
84
12
76
96
1
61
40
45
43
59
95
33
39
89
1
79
92
96
65
44
14
49
72
89
62
85
78
49
65
7
34
71
58
7
60
21
68
39
77
78
7
88
16
37
94
73
25
50
67
88
86
9
34
29
12
73
25
22
92
6
96
99
27
32
43
36
45
27
47
72
74
33
69
6
49
59
9
25
84
64
7
23
14
70
35
49
96
77
10
95
3
11
3
26
59
48
82
83
26
90
70
18
7
96
33
18
73
59
50
17
98
25
62
29
55
57
38
92
59
58
82
40
31
23
35
24
59
88
38
47
58
27
69
64
33
87
16
11
2
46
93
61
72
91
1
59
12
92
45
41
6
60
98
86
66
75
53
61
98
77
11
46
97
85
4
21
18
73
42
9
57
70
68
42
64
30
98
13
21
28
53
37
47
39
14
84
3
72
37
13
22
34
59
46
84
68
99
62
70
51
62
17
69
75
29
65
99
75
82
25
3
34
47
26
39
59
86
88
9
95
65
38
29
68
88
94
25
27
42
97
33
24
27
92
12
17
48
12
66
85
82
49
65
41
3
73
4
96
54
52
88
35
30
5
71
64
22
88
86
87
13
28
31
74
1
52
29
99
13
4
37
40
68
77
69
46
95
48
86
15
88
100
52
2
92
4
64
68
29
11
4
95
52
43
50
96
55
86
43
65
32
27
41
53
91
58
2
34
39
29
5
94
66
2
53
45
18
58
93
93
24
65
61
1
1
3
27
29
63
66
68
54
62
7
36
16
17
36
83
37
45
55
19
78
63
70
86
51
70
85
76
78
13
63
63
76
70
46
50
14
73
60
69
46
10
8
5
80
74
41
100
14
95
87
33
54
23
36
90
80
35
79
71
27
72
75
53
33
71
34
52
15
100
12
95
33
9
13
66
50
5
80
30
44
45
34
21
56
44
47
88
5
6
27
61
73
89
9
54
3
3
64
49
63
4
67
53
16
20
30
54
16
85
37
80
4
50
47
81
77
19
50
76
88
90
44
74
5
80
46
91
82
100
67
93
45
58
51
60
28
78
48
13
66
12
33
40
4
26
31
45
22
73
86
30
8
26
27
56
17
98
99
2
33
91
57
32
22
35
9
56
77
21
92
36
54
73
58
30
21
16
28
91
97
93
98
74
91
76
55
31
88
73
6
17
89
98
61
87
95
75
1
12
4
61
61
23
27
79
6
45
98
11
40
95
87
52
11
39
94
1
43
60
18
56
68
2
100
40
61
14
28
55
91
21
44
61
71
80
79
7
89
58
94
81
79
98
86
86
3
50
3
59
14
94
90
76
39
9
8
48
45
4
99
89
61
14
74
74
87
64
81
67
24
52
80
49
3
100
30
41
27
74
21
78
9
73
46
75
34
30
31
22
6
44
91
39
11
25
4
2
90
36
49
76
31
15
4
69
89
9
94
88
80
37
92
51
78
46
68
41
20
36
39
62
79
9
39
7
57
2
87
58
14
61
89
34
97
17
76
21
8
20
76
93
47
70
19
87
57
38
15
30
76
81
48
66
82
6
92
71
25
41
3
26
17
7
98
43
72
95
47
40
64
3
58
79
28
2
69
78
84
51
4
40
83
41
75
96
100
5
81
45
51
36
