450
90
148
175
159
134
125
135
157
161
118
135
158
138
140
142
97
162
113
163
159
114
111
129
126
126
135
137
131
136
145
98
140
118
134
109
145
165
163
90
144
107
140
124
128
101
114
174
136
102
164
161
91
117
111
139
122
151
177
157
173
143
114
91
137
145
101
100
177
179
90
92
126
145
171
174
167
108
157
94
141
141
167
135
153
144
158
111
111
159
124
124
128
108
144
103
91
100
144
105
92
154
142
117
156
143
105
172
158
156
94
151
147
157
106
142
109
110
113
178
122
110
172
163
146
140
140
101
142
129
162
145
124
101
179
179
148
103
114
175
94
147
114
103
160
112
167
153
128
178
164
179
90
177
137
122
177
151
132
97
107
116
142
148
147
91
140
175
140
146
161
109
125
172
167
111
140
120
163
127
148
141
175
136
155
106
175
126
96
171
169
120
145
128
120
97
178
157
128
136
176
93
155
141
151
94
155
125
131
96
179
93
96
107
170
155
171
167
100
112
139
102
148
134
98
140
131
94
129
109
169
166
148
96
110
153
104
95
110
110
122
125
101
175
99
175
117
152
127
104
177
132
91
166
119
178
130
124
162
176
175
97
105
179
132
132
145
167
131
151
131
159
143
169
112
128
157
141
110
132
171
171
97
93
125
165
131
119
108
104
150
164
119
117
165
145
90
163
119
161
97
146
155
164
109
148
92
137
124
107
105
106
120
175
110
141
134
152
94
150
149
157
114
127
131
122
138
164
125
119
92
111
179
115
174
96
150
107
161
142
92
97
167
126
143
158
93
172
163
111
177
147
158
129
104
163
96
173
148
97
178
115
118
146
153
122
116
137
130
90
121
154
94
97
170
150
172
158
113
95
154
172
138
106
123
128
167
104
156
97
159
164
128
132
175
175
136
178
134
175
160
92
136
167
111
138
93
157
174
153
123
171
178
132
148
112
166
113
112
159
94
122
123
112
152
176
166
155
105
132
145
95
172
142
143
140
142
161
178
94
142
173
162
117
95
126
102
167
126
170
93
153
