600
60
66
91
63
110
80
99
118
108
117
106
86
117
86
111
79
97
90
75
117
75
66
62
82
62
84
70
78
73
99
96
100
109
84
109
70
73
109
62
70
83
98
81
108
71
68
100
80
76
102
95
118
114
75
108
75
78
85
71
105
102
61
87
72
114
102
111
103
117
92
60
102
93
81
119
117
116
85
74
97
92
67
79
61
82
117
69
109
113
102
61
95
110
66
94
108
116
89
67
88
92
100
81
115
71
91
63
83
73
98
95
75
84
92
71
80
98
94
106
95
68
74
67
104
107
108
63
78
103
103
90
119
101
100
115
92
60
76
107
70
61
96
97
71
63
104
98
63
105
100
93
99
87
94
70
102
101
85
101
105
98
94
119
107
113
81
92
116
81
92
75
118
114
106
80
72
107
97
117
80
89
70
117
88
91
77
61
117
84
103
89
114
101
88
94
77
89
111
92
113
67
72
84
115
72
117
95
104
107
116
77
102
118
94
102
83
100
85
105
106
102
100
113
96
76
106
109
79
105
68
78
89
112
69
92
104
78
88
64
81
76
105
81
118
86
94
74
101
98
74
106
79
118
80
88
79
78
107
101
74
62
72
105
72
63
107
71
66
84
110
118
79
85
114
74
106
118
105
113
70
64
74
100
99
72
91
71
112
67
112
115
100
102
105
77
88
83
95
91
82
118
103
82
89
98
112
68
117
77
70
78
67
110
76
114
82
111
99
74
112
109
78
87
63
89
89
70
64
90
98
66
112
86
78
93
62
116
101
75
99
93
110
112
63
75
62
113
74
119
61
68
114
63
89
99
113
81
75
77
108
75
101
90
106
79
85
75
67
112
78
92
109
75
61
78
88
91
111
91
85
112
61
106
104
62
67
78
63
72
73
75
117
72
86
97
65
64
90
60
88
68
115
83
85
66
84
108
73
92
115
77
114
88
94
65
84
103
65
97
100
98
97
92
73
79
104
110
72
103
63
106
100
101
65
97
113
100
83
82
76
100
79
92
71
71
94
78
73
112
109
99
67
74
112
64
83
116
82
74
103
84
100
84
65
103
96
102
60
83
84
75
69
96
96
80
110
73
109
109
112
84
114
99
113
96
66
96
94
102
110
62
60
109
113
69
87
107
103
84
65
73
64
61
118
86
87
77
71
96
119
68
86
111
86
73
75
80
63
81
110
118
92
116
102
80
86
72
80
94
109
65
92
109
109
88
102
60
113
108
81
100
79
87
73
105
72
81
106
113
79
71
70
97
84
67
86
80
110
83
87
67
107
70
90
64
62
111
71
107
64
102
74
61
81
102
93
105
101
70
98
110
97
64
67
74
79
61
88
97
63
99
68
102
88
65
73
117
90
71
71
113
