201
100
99
168
154
114
136
8
35
121
123
148
12
114
152
93
28
101
109
195
19
137
104
43
199
130
44
14
76
44
96
149
11
178
178
22
45
24
185
96
199
189
71
108
64
110
173
46
66
101
16
39
67
73
79
108
169
40
125
148
105
88
152
41
168
63
72
42
94
95
129
120
18
107
106
105
187
79
127
142
45
61
11
142
96
128
78
77
28
10
97
174
40
172
173
81
135
69
94
41
19
190
14
119
114
126
5
194
61
84
5
95
112
151
53
126
80
39
41
106
110
66
12
72
182
124
11
35
124
139
196
75
175
144
104
179
64
126
80
70
173
152
52
173
74
48
75
116
100
1
177
126
146
25
109
121
136
115
69
129
101
2
87
42
152
176
32
174
59
89
55
195
69
5
112
167
19
154
115
132
89
65
104
183
76
48
31
72
127
92
116
14
141
143
191
114
118
71
108
66
119
154
115
