1200
80
115
125
133
122
114
94
112
97
111
123
92
123
84
125
132
131
128
159
102
157
105
83
113
123
112
88
134
122
102
84
96
127
132
111
117
109
125
130
85
82
84
149
89
108
90
81
106
91
115
146
82
149
128
104
145
108
96
96
157
128
117
120
108
113
150
105
135
129
142
148
106
121
117
123
96
107
87
121
138
103
148
84
157
128
91
101
81
144
94
96
128
115
134
88
126
102
152
144
117
89
94
128
111
95
150
158
149
113
116
105
138
98
87
88
136
137
97
152
105
144
157
155
134
105
131
129
143
151
98
90
94
96
104
94
122
127
97
105
144
87
143
134
109
81
104
84
94
109
146
131
140
120
90
130
101
143
129
107
121
105
89
146
123
81
137
107
95
155
99
111
127
119
129
122
84
94
101
129
107
95
146
81
154
158
111
107
89
128
122
155
101
113
136
123
119
109
138
158
98
106
145
97
127
124
129
157
107
89
109
119
132
112
144
100
133
147
144
144
154
110
111
114
117
94
88
137
150
153
89
120
150
99
126
134
123
130
99
140
143
118
112
83
111
102
81
95
104
136
132
134
95
145
126
143
125
124
99
82
141
103
97
129
133
148
87
102
126
97
125
154
126
120
93
119
124
144
127
99
131
132
133
119
114
91
120
117
133
80
130
103
150
139
113
101
153
90
157
81
104
100
87
105
94
142
134
149
87
106
103
116
83
136
96
110
111
152
116
152
109
99
139
80
100
118
107
116
98
128
135
80
124
138
107
146
102
107
121
155
119
138
135
107
86
147
129
110
138
146
117
106
159
155
151
129
148
109
159
139
98
154
90
153
138
134
141
123
133
153
83
105
89
89
142
98
147
108
120
83
126
141
140
115
158
108
91
124
126
129
129
111
133
159
101
125
103
147
86
123
157
98
158
130
88
158
127
147
118
113
117
106
159
117
136
92
88
131
152
156
105
100
137
117
124
103
128
118
123
144
134
156
143
94
125
82
154
155
122
152
107
116
150
152
157
148
95
91
96
82
137
108
112
125
100
155
90
155
109
155
145
142
115
95
88
103
157
114
126
89
81
96
129
117
100
153
154
137
109
140
95
141
89
145
96
158
98
87
122
115
129
135
118
114
126
120
131
114
116
81
83
149
96
146
86
112
150
159
145
108
120
131
94
111
99
147
113
96
89
80
91
146
103
115
82
150
80
142
124
133
135
140
82
93
85
134
123
100
118
148
88
102
123
135
144
118
124
127
121
107
94
131
120
105
147
103
153
103
132
124
143
118
108
128
82
153
138
148
107
143
157
107
148
141
84
96
141
106
111
100
109
158
140
104
138
112
126
137
134
81
136
143
84
107
113
82
94
97
139
138
91
123
102
89
102
93
110
132
133
103
121
135
136
133
142
115
116
132
158
112
116
96
102
152
85
142
112
90
121
146
135
81
86
86
144
125
123
105
154
104
101
112
81
81
107
119
140
136
122
127
126
88
130
145
110
120
82
94
113
158
80
136
151
80
88
146
98
93
141
148
139
108
137
104
123
97
152
130
114
90
82
135
143
127
132
137
87
141
88
146
126
133
97
138
157
140
107
146
121
132
83
150
126
104
119
129
100
94
137
159
140
88
146
92
143
88
109
126
117
107
144
83
130
127
118
119
105
149
141
89
96
108
106
122
102
149
99
139
110
120
92
136
149
119
96
159
86
95
154
120
102
137
82
95
152
88
128
86
86
111
103
155
101
138
149
99
146
82
150
132
127
158
89
104
134
95
118
146
81
130
159
104
94
100
130
133
86
98
90
81
138
94
150
115
147
122
133
94
129
85
155
95
96
115
112
134
134
104
112
136
120
87
143
155
91
135
102
80
100
135
122
147
111
88
141
157
125
159
148
125
118
131
129
80
84
97
133
88
93
139
137
116
105
92
136
102
142
96
156
147
81
113
146
155
124
159
133
155
148
158
91
157
139
159
86
118
92
126
159
121
128
128
145
102
146
103
136
152
94
122
109
123
139
127
151
107
156
118
90
111
154
127
142
132
86
109
104
150
93
123
98
128
147
118
152
124
119
125
152
133
139
99
107
140
85
106
96
89
95
122
151
113
93
82
80
120
152
144
131
159
144
151
142
88
81
137
121
80
155
103
129
140
110
120
92
104
103
118
103
148
102
148
155
119
83
91
158
97
145
143
83
116
116
129
112
94
133
96
151
133
89
106
82
143
133
157
132
148
135
105
82
125
145
138
121
97
156
106
112
159
148
92
98
132
93
133
86
132
119
97
89
80
92
128
129
144
158
102
133
107
146
112
129
107
130
92
106
80
132
104
120
95
93
83
84
89
106
98
131
139
109
99
135
142
127
133
95
150
90
145
90
126
123
137
105
83
135
95
84
130
105
105
89
109
135
150
155
146
115
101
124
139
123
158
156
142
80
159
111
124
120
145
129
146
118
88
86
119
147
123
146
112
151
104
151
119
97
109
114
99
127
146
89
106
110
153
121
87
128
159
124
125
115
120
147
106
123
113
124
82
101
109
89
81
126
158
136
129
98
113
111
129
107
93
131
152
86
94
130
133
118
126
137
93
119
114
139
93
154
155
155
149
86
100
149
147
140
122
139
88
82
106
92
118
96
126
116
80
153
108
141
94
118
120
125
118
155
103
93
85
122
105
145
98
155
93
113
130
153
136
127
98
133
120
96
129
134
100
116
113
154
120
80
118
125
126
102
125
157
151
80
151
