210
70
131
74
102
114
105
108
117
136
106
112
120
96
82
99
123
138
74
139
92
91
103
86
98
72
89
128
97
133
126
85
81
126
92
102
84
102
108
114
84
93
105
97
135
128
128
124
72
99
134
103
114
89
91
103
112
94
123
139
91
126
135
90
124
108
70
110
131
119
137
77
81
75
121
133
139
122
120
103
84
93
126
83
137
133
114
132
96
73
120
113
72
94
107
127
97
106
88
129
122
113
70
72
138
133
117
114
123
71
82
93
128
74
75
70
71
134
122
117
116
99
102
109
119
117
96
136
106
81
105
131
84
128
125
93
88
93
82
71
96
112
88
70
75
70
113
96
92
98
136
138
129
90
104
133
129
124
124
90
132
126
132
80
132
74
137
134
77
119
76
107
132
78
93
124
95
114
91
101
132
124
97
82
72
93
99
94
91
109
91
99
119
122
136
98
116
93
87
101
129
89
90
104
75
118
112
81
78
71
101
103
