200
20
556
388
1716
20
1840
282
609
1941
1749
351
1605
716
389
475
159
1170
1572
1021
1243
508
1425
1976
1293
1432
955
993
462
1169
325
179
621
1871
1507
574
1337
1140
678
1340
86
1262
1853
848
970
1118
1117
178
463
977
1272
1839
1932
1244
1035
1191
966
841
1846
1892
478
1442
1608
1805
1547
435
104
1601
157
122
749
1583
450
1135
985
1052
855
618
1090
1379
1215
1285
248
1441
52
983
1738
1852
1957
903
568
1737
1670
834
1284
906
734
1199
456
457
553
1427
1301
1223
1969
916
1266
1719
1396
53
393
1921
1819
1923
42
1045
1855
918
915
914
1114
508
20
401
1051
847
1607
1337
1267
1709
1191
1443
1869
87
1462
778
675
680
1715
777
1301
685
944
936
1786
491
1432
1594
1644
230
1700
153
227
804
1735
1527
11
411
1511
235
503
887
379
543
1551
1917
1254
250
687
1507
1467
1042
1984
1572
608
1888
1127
642
1631
1919
289
638
779
1359
1045
292
954
570
937
1734
295
1110
1633
191
1211
746
1075
1780
1263
1616
1225
1876
