240
80
34
44
51
22
29
82
117
122
79
74
154
28
131
151
11
93
118
11
109
134
45
6
157
21
153
96
19
118
17
136
133
9
52
28
59
19
58
120
47
118
17
20
52
128
25
121
140
4
43
103
20
86
97
64
23
141
117
88
129
46
128
76
81
34
135
83
44
135
44
108
31
150
21
69
4
126
86
25
97
91
159
140
125
114
50
34
3
98
150
95
137
93
68
124
44
13
135
101
53
139
70
14
140
68
36
24
83
112
76
35
17
146
22
41
130
148
35
90
34
87
29
115
70
113
144
3
49
120
34
38
98
140
121
62
134
139
143
52
6
55
137
42
154
54
57
31
149
148
38
76
36
27
156
34
117
20
99
131
107
76
98
120
143
22
12
3
43
34
100
51
134
155
95
77
120
47
12
136
63
153
106
151
52
132
66
48
121
72
56
135
47
134
74
136
119
51
81
60
76
102
80
124
88
132
110
83
75
93
13
151
102
7
36
49
61
48
78
122
29
114
148
35
33
108
115
42
78
95
150
95
24
148
92
102
82
107
134
141
76
88
