900
90
24
16
169
134
86
132
132
132
83
173
148
104
70
137
50
126
94
108
98
26
153
29
8
12
147
6
166
25
123
3
8
10
38
151
130
167
64
6
165
55
86
153
150
138
26
144
65
163
34
58
143
130
177
109
161
171
155
175
104
145
161
125
15
128
13
21
92
94
79
138
49
95
29
117
116
157
105
49
80
135
94
152
52
29
139
69
96
170
156
87
90
168
137
135
65
62
64
106
179
63
167
20
110
50
161
165
12
126
70
158
75
122
17
134
103
137
73
61
48
1
13
152
122
10
105
171
46
95
63
4
119
117
85
79
4
78
35
177
12
42
91
31
6
65
25
86
66
122
173
52
1
159
39
82
173
64
125
51
173
168
9
11
58
134
42
58
57
139
176
100
175
173
147
160
21
30
42
111
103
177
140
168
169
59
151
165
41
148
88
156
93
29
9
46
18
7
100
41
154
62
106
49
11
142
10
90
40
120
117
68
20
138
9
138
91
3
170
153
123
123
113
1
149
131
34
138
79
44
137
126
140
169
63
160
95
101
117
104
160
6
23
176
68
106
71
72
124
49
90
45
95
83
58
39
47
62
74
51
40
176
157
107
133
95
37
155
179
43
96
147
111
40
124
82
166
51
124
43
26
108
39
13
52
36
30
135
4
98
47
40
102
126
18
149
17
170
151
83
107
117
15
52
66
158
43
115
29
93
55
6
12
53
57
48
25
142
96
70
150
69
71
125
21
159
158
35
177
24
175
92
166
139
108
155
49
87
171
176
95
126
60
155
151
33
85
175
141
157
134
145
63
162
172
173
44
12
70
25
147
45
59
138
43
109
129
41
130
22
42
76
58
99
15
89
43
39
78
47
51
85
28
23
159
107
92
171
139
159
75
134
64
88
164
145
82
114
114
156
108
72
15
18
63
77
123
45
101
11
18
53
98
168
92
43
56
118
54
117
23
57
144
81
84
176
171
128
110
77
22
21
16
17
36
98
6
164
9
177
64
4
61
83
20
177
91
90
38
99
9
49
162
14
161
155
157
18
60
162
164
10
69
28
5
87
26
36
6
5
73
157
138
45
80
21
67
76
30
66
110
98
38
65
47
51
65
32
107
11
171
172
19
2
2
20
88
158
37
150
161
107
105
127
115
116
40
156
82
90
141
133
164
21
166
83
68
113
143
154
13
47
19
143
58
125
14
55
98
124
104
103
72
70
168
55
107
164
7
31
113
43
23
139
44
173
120
173
155
3
30
46
20
150
11
7
49
163
2
105
169
83
112
147
73
168
69
110
4
136
179
68
165
41
99
20
157
143
38
85
88
111
27
162
93
20
71
129
51
46
73
123
20
117
111
73
81
48
117
34
7
133
94
33
153
85
163
86
6
93
99
96
118
115
178
153
168
149
142
9
26
145
173
146
118
49
16
77
55
77
108
172
64
138
76
142
92
115
113
52
77
89
39
130
62
142
51
28
140
30
64
14
170
134
54
64
117
149
45
83
5
82
101
156
51
2
139
56
33
30
138
179
33
76
11
91
87
5
60
147
165
76
139
173
115
75
70
26
174
179
116
92
109
32
106
130
40
17
69
177
88
135
25
126
13
102
47
148
112
158
15
179
153
165
24
131
116
152
77
35
28
177
96
176
72
135
136
179
14
89
6
77
135
91
80
38
61
89
161
154
138
7
88
4
66
116
22
47
149
58
125
6
70
150
116
47
22
145
22
159
137
129
162
115
19
30
170
70
20
83
157
35
33
143
51
131
141
35
130
112
72
126
112
121
28
43
21
14
148
147
33
50
125
167
58
138
36
90
11
67
59
84
103
168
18
15
84
78
111
60
159
153
27
31
128
20
45
144
77
126
45
130
103
177
13
81
9
8
106
93
163
175
162
165
150
67
48
166
142
112
137
67
167
72
85
163
27
28
116
147
159
29
52
158
3
20
4
145
94
133
142
78
134
18
93
156
34
88
51
140
65
165
34
61
40
101
6
3
39
158
179
143
132
67
120
10
176
27
3
130
84
150
108
159
91
1
179
79
74
137
135
11
