161
80
135
104
159
96
126
149
122
87
95
90
102
87
100
147
107
94
92
102
141
134
91
114
90
150
90
92
83
95
98
126
157
91
145
88
95
125
110
117
99
138
116
146
143
109
103
82
105
108
147
139
157
81
121
140
132
91
95
90
117
156
82
114
96
115
154
86
86
81
151
151
81
144
123
109
132
83
98
121
156
88
108
158
136
99
113
95
122
90
90
116
111
82
126
93
87
81
130
102
111
104
109
82
126
94
137
149
109
105
82
134
102
98
109
95
90
82
156
132
135
115
125
154
82
101
137
140
147
95
104
107
115
146
148
153
117
95
104
150
105
131
84
91
96
146
106
102
117
150
127
92
106
159
84
133
101
142
90
103
100
107
150
