180
60
104
100
97
101
97
101
99
97
97
95
103
100
102
103
100
97
97
105
100
99
96
96
101
105
97
98
98
96
96
95
101
100
101
104
102
99
101
104
96
100
99
101
98
100
96
97
98
97
104
102
101
99
96
100
104
98
95
95
96
103
105
101
99
98
105
100
103
101
97
100
105
105
98
100
98
98
95
105
100
99
103
97
100
97
96
105
95
105
105
101
97
105
98
104
102
100
101
104
97
97
102
96
101
96
97
99
102
103
105
96
103
101
99
97
99
101
102
101
100
97
96
101
104
105
98
105
102
101
101
102
104
98
96
105
96
105
100
99
95
104
105
96
100
105
104
103
104
103
104
105
103
95
97
100
101
100
101
101
105
103
103
101
96
102
104
102
104
98
100
102
101
97
104
98
105
97
102
96
104
97
