161
80
46
105
119
47
34
38
114
125
153
81
19
101
123
82
83
135
158
60
100
143
55
47
120
12
108
105
117
64
49
49
8
94
69
150
150
148
52
93
100
74
26
152
39
29
102
50
67
118
110
15
79
155
44
116
40
59
27
40
46
119
115
57
126
120
137
38
117
147
73
139
11
148
114
31
11
72
82
25
154
84
59
25
53
32
12
77
46
6
41
147
153
58
111
8
66
46
25
118
84
155
98
127
111
98
112
13
88
119
112
137
134
60
132
2
26
63
92
109
61
98
144
58
148
143
135
134
3
109
24
17
121
116
134
36
80
20
6
56
34
32
67
33
148
151
47
125
143
111
129
45
123
60
85
35
99
63
144
7
138
117
48
