181
90
97
99
103
99
98
104
103
104
100
100
96
99
99
97
97
100
95
98
98
99
98
99
101
95
98
99
96
98
97
101
104
95
104
98
104
97
102
97
104
100
101
95
105
105
102
95
101
98
104
99
102
99
99
102
102
101
96
100
100
99
101
97
104
99
97
96
105
102
100
96
96
104
105
95
103
101
101
100
105
96
102
98
95
103
102
105
98
105
100
96
104
100
96
105
95
97
102
96
103
101
102
99
95
100
96
102
98
99
105
98
98
100
105
96
104
104
102
100
100
102
102
101
103
100
102
99
103
105
103
97
95
101
101
99
100
101
103
96
99
99
99
101
99
102
97
105
101
99
105
98
97
95
99
95
97
100
105
100
105
96
95
98
100
104
98
99
99
104
98
95
99
104
101
101
96
103
103
99
102
97
104
