1500
100
16
67
30
20
1
12
65
9
11
83
61
92
51
87
5
77
51
95
21
71
23
44
59
20
82
46
33
80
91
54
19
34
58
72
23
97
70
38
55
96
84
47
37
42
69
34
85
10
46
28
85
10
84
100
57
97
11
85
81
79
16
28
83
12
55
41
8
48
7
55
35
67
28
29
21
48
52
66
86
56
56
61
31
33
61
24
96
79
32
34
29
24
63
72
68
16
31
85
26
84
85
75
95
88
94
57
65
61
9
32
24
28
19
83
9
93
20
77
1
53
30
96
29
80
28
94
75
17
93
44
59
64
96
16
49
61
60
12
54
90
8
12
67
91
50
50
29
37
68
45
73
22
16
75
40
31
12
4
38
35
66
62
33
97
89
60
88
10
59
46
19
64
24
21
22
40
75
18
23
46
7
88
26
20
54
11
15
32
37
43
52
40
96
72
33
56
12
53
53
40
70
22
75
31
30
61
23
82
96
37
94
97
15
75
56
86
72
98
15
32
17
73
17
67
23
40
85
21
5
78
66
90
15
38
98
99
10
35
7
46
18
16
6
73
73
14
42
86
35
52
80
63
39
30
20
75
58
32
5
84
15
34
53
88
66
99
60
29
33
33
33
77
76
6
94
24
97
79
95
59
4
95
99
7
41
78
45
54
90
57
28
11
80
96
25
91
84
7
1
83
74
96
9
28
84
2
98
52
53
10
90
46
30
99
88
20
25
62
41
34
8
12
88
36
38
6
100
47
77
9
11
57
59
3
62
59
36
97
32
98
59
34
49
68
85
85
74
72
99
71
28
25
69
49
76
61
35
82
26
41
92
28
1
69
67
100
57
4
69
17
94
61
9
22
34
32
25
59
11
82
70
20
31
92
56
93
17
31
47
11
52
57
63
61
30
65
59
82
57
80
64
57
9
63
21
44
84
23
94
75
35
91
80
96
81
85
58
64
16
28
91
7
51
59
32
89
28
22
23
77
73
84
90
25
99
60
90
46
12
94
30
31
3
71
58
35
82
14
74
37
22
20
26
68
77
46
15
13
5
5
16
76
10
22
78
48
18
91
14
95
35
67
54
69
95
10
28
64
69
21
4
1
88
83
16
10
69
34
65
30
52
65
52
12
81
24
75
12
90
13
26
74
75
12
70
26
55
58
76
78
7
32
29
13
27
36
24
94
54
86
25
57
63
76
18
94
56
73
9
71
8
17
29
54
94
9
42
33
55
25
23
78
18
76
100
90
1
27
41
79
68
20
38
74
40
20
16
27
9
84
45
30
65
100
31
43
81
23
9
74
32
96
58
22
37
64
83
12
9
94
37
89
38
4
45
17
77
76
62
72
49
24
60
59
28
30
36
88
79
94
98
49
89
34
30
88
91
82
1
24
95
74
88
49
94
80
42
83
65
78
79
72
78
93
96
80
89
55
87
19
69
16
35
27
97
89
93
100
99
77
93
19
96
80
60
63
26
37
51
21
85
32
10
90
86
91
64
9
31
34
94
94
51
62
46
96
47
39
85
60
9
93
64
45
67
28
28
96
35
7
43
30
32
90
29
1
96
35
61
7
67
78
66
1
87
3
25
78
7
40
86
47
100
64
11
49
7
45
7
4
8
54
53
64
47
96
42
15
53
27
88
86
39
40
9
47
37
26
78
67
77
62
66
22
10
40
19
45
86
99
29
97
84
50
5
22
22
18
28
98
78
20
73
24
85
32
3
47
29
33
91
58
2
13
80
58
72
57
15
70
63
30
85
79
60
26
92
31
86
84
2
86
59
47
48
14
84
47
100
78
74
46
95
76
97
45
58
4
45
6
64
30
11
51
87
54
29
97
72
39
75
83
91
32
30
73
74
73
17
26
74
30
94
81
77
63
48
7
21
67
46
16
54
12
21
28
98
79
83
66
11
95
55
61
63
77
16
25
5
36
86
41
42
63
98
4
80
25
30
4
100
69
7
28
1
3
7
75
97
99
45
47
20
67
39
8
80
86
47
57
36
17
25
78
70
14
88
21
38
40
49
4
55
32
87
51
11
54
76
75
17
78
90
95
36
60
12
45
94
45
1
50
81
3
56
29
100
76
79
96
98
71
9
73
68
95
72
50
14
84
59
19
14
37
67
90
92
10
27
41
33
49
52
11
27
49
62
50
99
40
25
34
14
21
47
29
74
95
31
74
81
94
62
83
3
44
76
30
81
96
50
56
93
30
4
90
33
85
82
20
54
86
55
46
6
13
64
12
69
39
65
55
20
3
77
16
76
5
91
25
26
60
46
4
59
88
6
94
11
8
80
16
20
41
8
46
68
73
27
40
58
40
86
1
4
73
66
23
77
40
94
38
10
60
32
27
63
97
20
80
60
17
34
74
3
6
37
32
22
1
3
64
52
13
51
44
50
62
71
74
27
60
69
55
72
85
93
45
41
34
96
2
88
89
52
97
70
43
65
95
33
29
5
94
35
90
14
66
10
88
74
79
1
25
22
6
95
21
71
62
81
88
73
76
12
18
86
28
27
55
24
74
17
46
85
62
34
96
76
22
2
34
26
79
49
72
17
40
84
21
48
86
32
7
21
85
7
82
94
3
63
72
91
23
89
75
100
35
28
70
52
53
27
61
35
45
21
96
52
46
53
65
46
7
52
80
63
40
74
89
89
36
58
51
67
73
9
99
20
7
8
12
56
88
97
66
24
81
4
61
93
64
3
71
29
37
35
23
21
48
61
35
87
75
40
56
19
85
99
79
43
59
6
62
14
15
18
72
98
13
48
12
82
5
2
19
97
54
82
52
7
47
1
11
42
57
11
6
18
36
34
46
94
9
93
57
74
76
64
88
84
31
87
1
57
37
78
65
87
67
45
81
18
60
32
98
17
100
70
99
97
64
10
89
92
70
92
65
71
78
60
40
13
13
65
23
34
62
24
48
25
36
6
32
74
73
25
66
20
96
99
32
56
68
11
5
15
54
46
24
67
58
15
94
69
3
14
45
92
14
100
2
16
80
1
64
66
34
88
59
80
60
59
44
47
39
86
46
58
50
46
17
73
3
40
85
80
79
61
87
85
53
80
92
77
1
29
91
7
87
85
38
2
55
39
96
93
96
84
85
34
80
44
81
42
53
91
61
63
61
49
44
75
45
3
56
16
40
19
37
1
39
85
78
98
73
62
47
75
3
8
23
35
88
80
82
71
91
12
88
35
62
86
80
22
91
74
32
85
13
11
94
63
45
25
22
32
89
70
67
99
30
97
23
98
10
16
29
94
31
70
75
6
48
10
57
56
11
60
22
53
74
62
66
7
47
86
53
98
48
80
11
71
43
54
43
67
82
60
69
34
39
17
34
85
89
29
70
27
38
15
7
87
46
80
92
85
12
4
64
20
58
10
16
56
1
30
66
17
56
