161
80
122
121
143
113
132
132
119
92
153
147
147
113
118
136
81
153
118
147
153
93
122
156
97
132
93
102
138
98
149
89
89
132
138
159
121
133
107
88
121
129
143
143
104
83
81
80
99
109
138
131
150
148
90
114
91
150
138
133
129
109
141
126
134
101
115
110
129
113
121
130
133
103
154
117
153
94
95
142
93
80
111
139
135
144
86
141
111
123
145
114
137
85
144
93
102
114
80
128
87
132
89
101
87
141
134
92
140
91
158
127
82
88
89
139
131
94
148
87
131
111
89
159
84
94
104
145
103
120
99
97
97
103
155
153
123
111
154
90
154
96
102
82
150
145
103
131
131
132
82
148
94
85
159
108
156
152
114
91
83
102
131
