200
40
97
81
39
24
65
6
15
68
12
7
96
92
73
69
44
42
92
79
12
39
58
99
86
60
64
61
49
40
16
24
94
84
70
86
35
40
56
26
50
34
76
75
29
62
16
93
29
86
14
94
76
88
91
8
70
70
43
60
28
36
77
94
35
88
96
94
50
88
81
95
38
13
5
82
70
98
76
52
36
3
57
17
19
58
52
100
16
24
97
88
37
23
96
24
45
27
94
51
29
45
38
3
20
11
41
26
61
17
1
94
98
76
66
43
23
46
10
10
57
48
94
2
49
17
45
48
45
70
24
97
48
20
20
68
86
86
82
18
77
33
3
85
93
38
98
6
68
50
8
31
82
84
55
85
84
27
50
84
5
1
12
87
70
89
65
96
43
16
12
46
32
89
4
53
63
97
55
80
6
39
45
58
45
50
56
12
9
52
28
83
88
55
56
60
54
53
65
42
65
19
