1050
70
105
78
75
83
108
111
116
107
78
72
110
101
113
123
128
73
136
90
99
101
129
125
107
112
83
75
106
75
110
97
71
89
136
101
99
127
103
138
135
75
85
71
91
82
99
87
129
125
75
82
110
106
80
98
118
128
105
138
134
101
136
93
79
136
71
75
139
125
88
98
139
133
107
98
116
134
130
88
84
130
139
80
95
112
86
74
115
114
81
106
92
76
75
133
101
100
122
81
112
131
118
72
139
99
82
101
99
126
117
95
118
94
87
70
139
122
117
80
89
107
126
118
86
105
131
104
96
117
77
90
114
108
89
100
136
72
98
101
121
86
96
72
98
92
113
118
122
139
120
109
71
107
85
82
85
114
85
72
73
118
94
101
105
99
77
115
106
95
139
95
104
107
83
101
103
98
124
73
81
135
94
100
114
96
70
118
111
113
76
110
96
82
98
117
112
96
82
121
85
128
88
136
83
113
128
117
90
74
97
123
87
122
129
121
118
109
86
130
83
83
135
83
124
122
93
136
135
87
70
114
130
114
129
112
85
94
72
98
76
135
87
107
73
136
70
110
88
97
114
104
131
132
103
93
127
98
113
86
89
89
87
106
134
84
84
133
119
121
132
92
86
98
124
103
127
94
118
102
132
75
104
103
106
139
138
136
122
75
82
100
125
134
91
94
76
121
95
92
75
104
131
132
128
111
107
89
122
97
139
86
115
91
75
83
125
127
82
106
129
131
86
75
117
107
106
95
84
100
102
116
77
105
96
99
123
102
129
101
72
94
75
78
73
126
139
103
139
129
138
98
90
103
115
96
137
118
136
112
101
85
133
85
108
96
121
110
118
122
100
70
79
127
130
135
76
87
87
106
130
103
118
120
106
111
85
125
125
109
70
71
71
102
101
111
139
77
111
72
104
134
77
87
111
138
138
138
139
120
108
130
90
85
75
108
114
114
84
95
131
73
107
89
113
107
132
100
74
135
95
104
112
85
95
74
72
101
102
116
134
107
127
95
132
94
97
108
107
72
100
81
110
78
73
132
99
103
113
120
130
126
74
81
76
127
73
96
103
124
130
100
96
70
119
96
104
112
111
104
91
70
107
95
123
71
77
70
123
95
90
84
71
72
95
105
97
132
88
97
76
113
110
115
122
134
139
79
101
125
98
101
81
106
71
71
118
134
107
104
137
113
117
112
87
92
119
114
109
92
114
74
125
127
104
138
72
117
135
106
73
137
95
121
119
87
117
111
79
93
107
87
105
110
124
70
114
104
80
93
97
104
132
111
95
123
91
109
74
124
136
138
87
79
113
132
139
138
95
101
119
131
75
101
130
91
95
71
137
135
82
90
94
120
75
123
123
129
123
126
104
70
125
137
78
128
87
99
83
98
137
138
131
101
105
133
84
76
77
137
79
132
126
127
78
96
86
106
95
100
134
92
83
128
106
128
124
114
121
130
95
137
97
124
117
74
128
90
97
121
122
104
95
135
92
108
103
121
76
91
110
70
120
107
118
134
117
73
99
108
90
105
83
118
114
111
129
111
114
105
120
131
97
76
109
85
118
132
87
114
103
122
126
112
111
119
99
70
80
135
102
120
128
111
104
80
90
136
87
71
114
120
124
101
98
125
84
137
110
76
74
94
75
81
124
112
117
112
71
131
96
116
115
126
87
135
123
112
121
124
80
79
135
95
123
87
123
97
73
73
90
81
116
102
99
85
100
105
116
92
114
120
109
109
134
118
132
93
124
138
81
86
100
135
98
131
103
133
72
95
105
77
96
97
112
129
72
132
107
71
99
112
94
102
107
119
94
127
130
84
98
74
132
95
116
80
83
78
95
110
120
128
103
98
111
89
98
100
70
103
77
86
80
77
105
108
97
128
79
113
106
111
117
132
133
80
103
84
86
135
115
101
114
102
137
84
97
119
104
76
89
75
100
86
101
104
74
130
137
122
99
110
86
108
115
95
127
111
133
80
73
98
111
71
131
92
90
97
93
124
84
127
70
117
117
111
126
102
118
115
76
131
112
106
79
89
135
78
118
93
134
127
89
116
117
134
124
115
118
81
111
139
109
100
73
130
121
74
99
116
78
119
100
130
75
82
136
130
89
79
98
137
136
103
139
139
79
71
131
133
109
96
138
133
112
91
96
85
122
87
97
106
106
82
80
86
72
95
116
93
114
77
105
105
71
76
71
112
80
111
129
136
107
136
79
83
130
82
115
122
101
92
73
130
123
82
120
101
88
81
110
125
108
110
71
74
110
135
78
74
83
84
139
104
107
113
89
138
131
109
122
89
107
110
138
113
138
114
91
120
132
107
85
132
106
97
123
131
95
72
107
131
136
119
70
71
120
101
110
119
72
136
97
95
79
122
109
112
102
136
136
114
