210
70
126
87
101
127
100
93
107
75
112
82
137
107
81
136
125
108
99
79
116
94
107
133
126
75
78
126
102
94
102
134
127
85
104
96
79
71
102
123
111
126
98
134
85
85
119
97
70
73
122
131
91
92
75
121
94
119
118
82
123
78
80
117
77
88
102
124
133
72
102
107
77
134
79
118
95
125
72
123
122
138
93
91
94
108
77
108
131
93
114
101
126
89
87
105
87
133
102
92
131
114
98
128
115
107
117
102
129
86
114
121
70
88
128
97
89
83
96
106
98
75
136
106
106
71
87
74
137
106
118
139
73
77
71
75
138
122
110
118
115
73
97
93
73
88
107
83
121
86
99
94
106
94
74
72
116
115
111
82
103
96
139
106
72
138
108
95
93
93
111
136
113
126
88
82
135
107
94
107
73
133
75
77
79
103
108
138
136
92
138
110
131
115
93
108
86
106
114
95
132
70
121
104
122
139
139
123
88
106
135
92
