300
20
97
95
102
95
101
104
96
96
104
103
101
95
101
100
97
95
97
98
98
97
100
102
103
101
100
103
102
102
104
103
99
95
102
97
97
95
95
98
104
100
105
95
99
96
98
100
99
95
97
95
102
96
96
101
101
98
104
96
96
103
97
99
98
96
100
104
105
103
101
99
99
95
104
100
100
100
98
100
102
96
97
105
103
100
103
105
96
101
95
98
104
101
100
101
95
100
102
97
98
97
99
98
103
95
104
104
102
102
98
103
98
98
100
102
100
98
103
102
102
105
104
101
99
105
95
103
105
96
103
95
95
100
97
105
99
104
98
99
96
97
104
99
104
105
102
103
102
98
98
97
95
96
95
105
97
101
105
97
100
100
103
101
95
99
96
102
105
96
100
102
104
96
101
103
105
101
103
101
102
98
104
104
97
101
98
103
100
99
100
98
102
102
98
95
101
103
101
98
101
97
101
103
96
98
101
105
100
95
99
105
101
104
97
95
98
102
99
95
98
99
105
99
101
104
102
104
104
103
99
96
97
95
97
104
103
100
96
103
105
97
98
99
98
97
101
103
99
100
97
100
101
102
95
98
101
102
102
99
103
95
96
95
100
97
98
97
105
97
104
105
97
105
98
97
98
102
97
99
96
97
99
99
97
97
100
105
102
101
96
103
95
100
104
97
104
101
100
105
100
95
