700
70
72
18
17
43
21
30
16
55
110
59
24
122
76
96
23
43
122
28
64
110
104
80
83
52
34
12
49
10
121
138
70
52
51
71
52
121
56
21
15
89
117
93
116
73
80
36
122
32
97
9
136
29
72
37
70
19
10
59
81
75
34
133
132
16
134
117
68
52
57
23
12
95
122
11
18
69
72
99
133
36
139
131
43
65
57
98
2
19
1
6
72
19
38
109
117
38
4
88
54
116
121
128
63
90
70
100
80
3
114
87
41
114
80
43
134
25
95
5
65
59
122
26
123
95
76
116
58
24
48
97
131
84
32
100
137
133
116
65
103
4
4
93
7
74
105
52
42
95
18
65
15
135
68
34
69
120
110
96
59
9
77
75
16
8
133
28
62
133
49
5
131
71
16
105
10
29
111
84
136
87
38
30
4
15
116
76
123
135
115
139
78
3
90
117
108
74
130
95
83
106
69
7
64
40
29
54
68
2
100
57
105
27
30
46
73
133
44
84
35
102
58
26
59
71
61
73
107
25
53
104
111
75
86
66
57
73
24
27
59
130
15
46
45
50
34
125
64
122
134
35
54
124
87
72
96
46
101
51
79
54
65
77
42
63
14
9
118
23
131
96
78
120
19
120
9
119
47
104
70
23
51
72
115
126
49
70
2
115
19
100
98
60
37
90
41
107
135
42
42
101
98
87
2
13
106
104
70
83
87
86
96
91
61
81
137
80
67
23
67
115
34
39
9
77
38
86
26
107
85
68
113
104
99
58
9
137
135
5
83
37
50
118
62
112
40
132
73
59
30
35
15
124
6
103
103
95
95
46
108
109
86
44
117
45
107
101
126
82
96
20
105
77
8
26
53
94
45
15
133
68
47
35
21
116
122
55
62
46
19
40
119
74
89
16
4
121
44
63
136
127
16
11
10
57
15
6
25
124
73
46
87
23
15
104
107
59
6
24
64
126
36
105
119
121
9
80
118
19
32
98
64
84
61
121
15
23
119
85
45
108
118
38
34
112
43
52
51
69
71
71
110
29
40
12
56
74
34
26
60
61
65
75
103
91
31
106
62
83
115
39
113
68
117
42
3
48
130
74
58
29
7
81
7
75
32
70
107
71
28
56
41
113
86
25
59
84
83
55
91
18
4
40
61
29
89
98
88
40
31
43
35
98
52
128
87
29
17
94
118
68
17
105
95
11
69
52
114
97
18
57
63
33
11
137
39
78
79
68
19
130
105
91
11
58
134
48
3
105
38
58
52
76
9
138
128
12
109
70
97
65
60
63
1
122
136
47
128
9
21
136
120
130
59
111
9
2
62
62
39
96
53
70
137
118
95
135
38
61
31
75
82
119
109
85
93
52
77
114
27
79
115
30
120
137
18
55
42
52
117
61
112
38
18
10
132
4
45
39
99
18
85
34
137
127
101
3
78
109
114
56
125
100
129
17
45
120
8
110
10
43
130
123
43
21
72
117
22
5
134
112
54
25
52
75
58
23
14
102
38
129
37
15
125
3
117
53
97
30
27
28
48
31
136
125
89
133
63
33
131
52
120
7
32
137
111
126
62
36
61
9
27
19
38
70
42
133
46
112
13
49
