1500
100
131
39
155
48
165
115
184
80
193
187
145
6
8
2
177
123
20
11
185
122
196
133
95
189
160
41
63
137
77
92
84
141
29
4
10
178
124
61
35
126
110
64
121
121
97
111
9
57
38
94
143
172
17
188
138
172
155
70
112
64
46
111
70
67
165
5
155
70
163
101
10
147
73
49
159
123
1
126
65
86
79
65
122
199
68
182
108
35
194
175
156
25
44
93
16
16
50
198
155
151
11
175
120
108
122
113
33
115
128
76
18
155
38
8
150
150
27
22
85
73
12
162
39
156
137
134
16
132
10
30
12
144
134
121
74
131
15
72
141
138
168
10
160
126
166
49
64
9
55
171
103
102
37
66
46
146
77
158
19
113
99
170
73
105
144
77
99
65
17
111
9
61
94
44
53
69
147
107
60
196
151
21
151
185
115
18
125
48
105
110
87
179
132
197
89
151
123
132
132
98
176
167
142
16
4
18
47
174
153
59
184
40
84
69
5
38
116
169
162
91
157
164
30
74
35
176
112
140
42
163
14
81
109
136
70
183
184
3
35
137
35
83
41
129
159
47
25
112
121
58
157
119
127
172
69
33
1
184
103
11
66
156
149
107
161
176
5
105
89
177
198
147
64
38
109
198
187
9
53
149
173
119
158
179
194
83
164
188
158
63
125
126
120
68
184
54
26
183
122
36
104
51
136
193
127
128
74
70
59
42
91
40
122
75
26
19
147
3
157
190
122
87
110
107
74
76
150
101
152
193
15
98
119
90
178
68
146
74
119
183
172
92
123
141
153
124
79
116
162
147
2
166
99
83
55
65
113
187
31
71
30
15
133
139
110
1
138
38
127
166
80
70
121
80
47
146
170
127
39
147
78
23
175
10
184
70
31
116
9
50
153
167
14
147
25
147
123
93
29
49
124
28
50
62
193
9
138
7
175
88
5
167
49
84
121
144
156
150
60
37
122
67
17
37
147
98
176
180
172
68
31
32
185
169
199
90
195
67
141
94
159
123
157
93
133
41
60
69
99
148
180
11
114
161
61
73
189
172
66
112
45
188
96
19
58
199
6
131
104
136
162
2
29
93
160
84
190
146
29
37
26
159
30
158
11
150
28
143
45
110
140
95
95
199
99
58
161
133
14
140
4
6
19
69
39
150
142
142
85
198
111
3
64
72
145
31
94
98
3
188
26
64
101
104
107
176
106
158
77
129
115
181
81
185
19
112
104
108
192
46
84
55
117
121
141
197
131
89
105
181
61
27
60
155
94
137
50
2
149
130
92
159
39
37
64
42
161
98
37
151
7
7
149
44
159
147
71
33
177
178
127
146
49
48
156
115
132
5
190
80
97
190
127
95
180
27
94
41
125
123
81
97
194
29
11
146
177
159
168
69
104
180
148
85
177
167
81
91
153
150
52
136
72
82
178
136
115
5
84
162
26
194
70
137
11
157
164
22
112
29
127
84
184
87
128
38
164
92
59
192
140
130
70
114
9
92
152
95
4
46
165
99
75
168
57
18
196
80
71
128
154
96
64
114
124
14
45
36
15
3
36
72
40
178
128
5
128
115
113
70
34
66
65
21
169
54
10
18
133
94
168
37
175
134
128
182
168
51
135
130
133
199
46
78
11
179
188
181
183
121
1
60
195
103
25
8
49
84
7
128
4
185
137
66
194
57
7
25
145
176
128
62
156
102
92
64
38
84
117
121
83
169
12
125
39
90
163
57
192
39
156
101
134
32
18
23
175
172
133
76
116
196
124
106
51
78
1
175
140
4
148
158
105
63
162
87
132
91
80
184
20
9
130
80
122
20
104
147
25
50
55
6
13
116
84
8
108
7
69
110
63
42
78
62
141
138
147
16
106
190
191
117
60
151
111
161
185
77
126
120
52
197
104
5
76
34
51
111
85
139
59
188
176
108
91
31
197
18
28
48
18
140
23
53
148
139
124
127
190
111
174
115
132
93
10
29
24
24
114
185
59
44
74
86
22
199
149
196
58
12
109
135
188
98
136
122
42
120
111
142
46
75
63
122
163
28
96
185
140
56
157
161
33
181
152
27
39
103
46
111
71
82
71
11
45
147
76
51
123
21
158
199
187
48
75
8
153
61
46
175
114
159
125
179
142
88
119
37
151
108
91
194
146
89
137
79
110
190
44
132
76
23
193
142
123
141
164
147
113
134
40
103
99
148
41
5
4
163
169
85
103
11
128
43
118
58
132
147
171
71
177
39
88
157
65
13
128
41
35
108
11
2
144
154
73
199
133
23
47
150
113
135
87
8
137
131
46
77
198
102
93
159
3
13
24
67
17
24
58
172
167
174
166
10
144
85
191
72
110
155
27
20
16
186
52
63
153
66
146
142
63
110
41
145
95
13
81
112
114
156
113
35
188
155
163
127
6
1
25
35
33
8
195
43
149
133
82
186
55
135
120
69
80
63
71
106
133
144
83
100
75
37
50
123
48
155
44
194
187
128
60
145
186
16
102
24
69
125
136
146
2
53
49
126
97
68
47
199
93
66
110
129
26
12
10
98
150
49
50
132
4
64
112
154
90
172
105
151
91
148
194
90
28
73
59
38
52
58
141
98
21
5
86
124
25
60
4
64
188
60
165
29
189
97
6
141
149
129
116
21
78
91
171
17
43
104
29
120
104
64
196
196
131
80
58
93
81
58
98
169
168
102
192
171
81
8
191
7
193
166
27
149
197
194
127
54
18
24
97
126
83
88
109
110
129
28
170
2
59
78
153
110
71
10
126
157
24
7
195
183
76
145
180
18
130
44
29
138
93
174
153
11
147
111
84
85
75
68
24
102
146
74
82
198
69
34
44
11
170
153
29
187
36
180
131
191
32
26
126
73
164
77
177
109
191
133
190
53
51
68
65
111
130
106
127
55
5
136
66
24
50
74
74
191
134
59
109
194
66
106
75
143
97
53
12
68
130
147
163
101
58
185
40
132
60
47
77
133
85
20
103
152
101
67
160
123
39
146
101
152
171
29
71
149
191
174
38
163
72
114
141
101
88
168
37
70
116
100
146
173
174
153
184
177
122
36
124
107
57
23
169
139
196
50
169
175
104
142
136
22
133
31
189
2
50
192
106
83
41
188
34
72
81
59
22
191
45
134
164
84
198
103
97
58
109
198
129
65
15
113
152
25
197
18
144
46
126
32
34
11
148
108
21
94
193
139
17
38
143
34
116
135
153
186
113
103
125
166
151
15
176
123
102
48
193
21
56
88
20
159
4
50
120
5
132
103
33
84
140
138
189
16
160
13
112
179
171
10
131
171
24
128
47
168
139
25
43
192
161
3
130
177
67
155
140
169
89
16
84
22
166
67
3
66
27
61
138
21
88
198
154
112
13
192
100
19
25
47
188
2
38
187
21
106
170
83
169
124
168
148
