270
90
46
84
26
25
92
61
16
31
22
16
92
51
99
67
48
93
1
77
18
26
33
55
89
37
41
52
42
11
13
85
77
41
7
29
76
100
77
36
49
10
16
30
65
62
98
44
3
37
16
10
27
28
35
79
93
42
83
87
47
83
2
14
51
58
43
33
17
67
17
77
45
17
7
34
47
98
29
4
12
65
30
45
15
13
75
16
14
69
42
90
77
16
46
90
80
69
61
53
82
80
58
32
93
24
99
83
23
73
54
35
77
36
30
60
78
27
40
43
63
19
56
38
71
31
64
98
60
85
75
29
53
47
43
95
56
40
3
31
84
16
100
85
96
43
9
82
21
41
62
90
51
9
58
74
61
43
26
54
42
32
62
46
84
46
39
53
84
47
62
6
9
3
60
35
74
48
12
20
33
20
27
14
13
96
94
41
29
66
5
76
55
9
46
61
3
98
99
32
53
62
22
9
68
20
27
85
49
80
46
69
26
97
29
25
78
88
71
32
21
5
83
79
22
31
52
77
41
75
9
4
50
51
84
11
35
50
32
10
21
6
18
29
95
97
83
9
94
59
5
66
61
81
59
46
36
47
7
3
73
45
42
73
91
16
11
50
46
19
44
49
