161
80
96
98
103
99
103
105
101
98
101
104
105
96
101
105
96
105
98
100
105
99
99
103
101
105
104
97
102
95
96
101
101
104
103
104
101
102
102
95
102
99
104
102
105
105
105
99
99
99
99
100
102
99
97
101
101
102
96
102
103
100
101
102
100
100
101
101
103
103
105
105
100
97
104
96
100
99
104
95
100
105
95
99
103
101
98
96
101
102
97
97
95
104
100
98
100
104
99
101
101
96
96
95
97
103
99
97
100
95
99
102
95
95
95
96
100
103
96
103
100
103
98
102
102
98
96
103
103
95
101
101
105
105
101
102
98
99
101
101
99
101
96
102
99
95
102
103
95
99
95
104
103
101
98
100
95
104
100
105
105
99
97
