400
80
316
2381
553
843
2929
686
1243
3563
2632
3908
3573
3187
2083
117
2675
2382
1429
4
1327
732
20
730
2368
1819
3756
797
3311
1840
3876
945
642
3043
3262
2285
718
3558
3060
963
2975
3373
2897
2601
2481
829
3295
1575
154
1096
3477
3193
807
1494
2662
2425
1855
2834
567
2368
1476
3173
968
3380
2736
3156
426
1997
2928
1638
1416
2447
476
2027
2836
575
2186
2777
508
3107
3041
3175
2921
1316
3783
3345
2449
66
3249
510
1687
3172
390
711
581
1244
1674
377
2044
1242
3172
3012
3949
3828
3438
2854
3503
2199
3097
2922
1459
330
725
561
1045
3354
488
2016
1328
772
126
1925
112
859
3668
2029
3693
3003
2398
938
3352
1473
387
3228
2669
2844
250
3754
2176
65
849
2878
2871
1428
2193
543
1346
2765
2547
435
2786
2207
165
2403
42
412
188
2187
3917
3854
1229
2771
2490
3817
673
1699
1290
3236
2746
401
2211
2666
1340
162
1121
1401
1234
3735
489
2482
2487
3098
694
3187
2190
908
3606
485
2789
2346
3180
1459
1778
734
76
3663
451
1452
3586
134
3735
1741
1007
2312
765
2752
1385
1811
3675
2666
1821
2113
709
3002
3252
221
1264
1367
2276
777
773
672
387
1677
3443
3985
3631
556
264
2178
3102
3652
2123
163
2826
2078
1969
3123
3330
1629
770
3121
2492
2468
1304
2781
3830
452
1209
2748
760
2562
1146
1189
48
2028
2686
3779
1483
2368
485
610
1304
3103
3088
1045
2360
895
2745
2519
3666
2773
105
1785
2203
1764
964
2273
1459
1603
3361
3918
3924
741
1499
480
1907
3738
825
2719
786
3379
3497
1389
1577
1281
2734
869
1297
3294
1019
1734
256
2805
2560
2702
3048
186
346
1209
3244
1520
715
307
2790
3067
3030
1989
1576
2399
1599
1878
2994
2953
3203
3818
3707
2675
3950
1917
2701
1989
1464
431
3313
971
411
3717
325
87
895
3180
2333
1417
684
2307
1343
3434
1690
928
3387
905
180
3422
2635
1796
2479
547
352
3463
1733
2787
167
2744
3156
618
3522
626
536
1420
2196
242
1569
1484
3609
2543
3158
3898
1758
2899
3860
1952
204
1320
729
42
778
3072
3226
3908
1684
1131
836
2409
3684
615
2559
392
3816
3204
2885
631
