450
30
54
41
39
50
44
42
52
56
48
40
59
48
47
32
39
40
33
32
37
56
46
41
39
51
30
38
39
56
40
55
59
30
39
31
42
38
48
37
45
50
48
48
37
41
37
54
49
53
46
33
58
31
39
50
44
35
32
54
38
42
48
36
32
45
55
32
44
34
32
35
30
40
39
36
49
52
52
31
30
52
43
31
51
38
31
32
48
50
44
42
55
38
59
30
38
34
33
48
57
41
38
32
30
32
56
55
57
35
45
42
53
35
53
48
57
56
36
36
34
48
56
54
39
45
43
31
43
51
31
50
30
40
44
46
32
49
45
33
35
56
31
52
55
51
35
49
46
52
53
30
59
35
55
52
31
59
54
53
32
36
46
32
40
37
57
44
36
33
43
53
35
52
33
45
31
49
58
47
47
48
33
40
39
52
38
44
46
49
37
55
55
49
38
56
55
56
33
40
33
48
47
49
39
47
32
34
59
45
41
47
40
56
42
38
47
50
31
41
37
56
30
40
49
39
31
40
47
55
32
59
38
38
50
37
43
38
47
51
40
42
47
32
36
50
33
42
38
34
48
53
35
35
31
51
30
47
35
43
53
49
34
42
46
57
53
36
52
58
33
33
34
39
55
38
45
34
52
34
31
50
53
58
35
32
45
52
55
58
55
53
52
42
49
43
47
51
39
38
56
35
47
34
59
59
49
36
43
39
30
45
36
30
52
59
34
48
32
59
32
34
36
52
35
32
47
49
31
43
38
34
30
31
39
36
58
35
53
30
39
44
34
50
36
30
43
42
56
48
39
31
47
50
41
48
45
47
53
34
48
51
36
43
47
36
47
34
47
47
56
34
58
37
50
53
47
31
32
57
45
43
56
59
41
48
50
37
41
51
52
56
47
42
53
51
35
34
58
43
44
43
32
56
46
44
36
53
55
44
33
56
59
40
59
57
59
38
51
37
42
57
46
54
45
49
46
52
43
33
35
42
43
34
42
48
46
34
45
51
35
34
59
37
30
35
44
47
52
39
41
52
