300
20
90
46
88
81
48
97
40
44
22
30
59
37
19
3
13
47
74
76
72
89
61
90
58
98
36
51
21
22
13
12
99
49
3
98
55
75
79
78
98
18
23
2
70
45
3
10
40
46
48
62
94
49
31
26
36
39
43
80
98
44
67
4
70
16
3
28
49
75
68
11
7
61
1
27
6
80
53
1
99
45
3
14
70
4
82
37
93
26
20
65
100
32
83
28
17
60
49
63
17
69
76
95
30
9
23
74
92
35
62
75
51
62
64
50
16
72
49
81
42
11
23
89
10
66
86
88
75
70
11
80
20
5
43
11
92
54
92
13
21
35
27
40
32
26
49
83
75
7
35
80
98
100
33
84
59
69
9
60
25
22
36
28
73
78
6
13
54
34
7
15
83
55
73
56
67
97
37
12
24
64
44
34
39
4
98
9
20
65
76
68
58
14
95
79
39
85
70
74
38
61
32
4
86
17
61
81
52
71
19
44
24
15
11
19
80
9
47
37
36
91
26
18
93
14
37
4
75
53
13
96
69
46
7
10
87
61
24
63
47
26
38
53
51
11
10
86
86
56
98
41
52
90
94
68
52
11
38
51
66
74
41
73
19
41
58
85
17
34
40
66
44
90
28
88
46
63
83
43
15
44
30
16
27
40
91
61
21
85
75
93
42
37
79
71
27
59
55
59
60
1
