300
20
28
30
31
56
40
14
20
56
98
19
4
29
76
3
52
40
71
75
84
63
11
84
44
70
23
2
87
40
58
13
73
50
91
45
89
33
24
35
24
3
1
9
28
5
68
45
80
86
96
41
74
43
68
12
67
67
59
90
95
24
33
80
60
3
16
57
25
91
42
67
2
2
53
34
15
77
71
54
43
13
5
20
25
90
34
74
86
96
10
44
64
14
85
93
12
95
61
63
46
91
100
25
46
63
81
36
99
6
2
39
11
1
21
41
93
1
73
2
62
20
7
36
90
42
29
72
92
100
81
20
95
67
88
25
100
78
43
5
78
7
50
78
43
45
19
2
3
51
80
21
14
82
40
54
29
99
40
47
17
30
72
76
18
50
83
42
65
90
11
1
67
35
47
89
96
94
5
46
33
18
8
37
18
39
84
91
77
40
91
93
50
44
44
99
85
32
21
67
24
68
88
99
58
57
69
87
45
54
96
44
93
99
68
100
98
88
39
59
97
48
61
96
63
21
81
75
76
67
92
12
87
97
98
79
7
30
49
56
99
89
80
50
56
14
56
8
64
50
71
10
59
14
31
1
69
55
11
57
92
93
98
90
65
15
79
45
4
3
31
59
84
18
24
71
5
33
49
57
38
70
84
88
55
5
100
17
86
6
8
8
92
90
74
78
66
71
40
23
55
52
