1050
70
5522
8502
4842
8368
2294
996
4357
8821
3784
7931
9251
1042
7084
8358
4234
6727
3754
8329
5779
9177
3878
4484
6164
1097
6590
5001
5772
60
5883
8710
6898
9326
10326
5965
806
3292
3019
8596
3861
425
10236
10110
6116
9958
2139
7648
8962
1780
1854
9709
9430
7005
8209
9597
9738
9218
7108
5241
8904
8938
4071
171
8489
8406
3152
10172
2309
9971
9443
6773
6080
6812
956
5824
2371
9337
6382
8704
7788
3793
5216
8671
3322
5717
4669
553
8197
4091
1165
6620
3609
9468
478
447
933
2173
4359
204
4368
10104
7435
5774
2912
4508
3719
3029
10219
2794
569
10207
411
2058
6003
7539
490
1645
2451
4845
1236
6095
8278
648
8207
8071
10230
2149
9342
3659
6340
2264
9224
4308
7360
8679
8785
6800
6036
8815
9477
7980
2980
9850
9122
3078
7154
3610
7580
7599
8794
3669
6404
9400
5827
465
4599
7663
6703
8293
1161
1919
4514
4731
6152
7342
10408
5418
847
2580
1116
4518
5058
10094
10461
1813
8783
5821
3351
3310
1498
3628
3164
3950
1740
585
7006
6081
3418
7506
3403
9956
2815
8491
3678
5513
1267
83
2204
138
8494
3810
5546
1284
10307
5517
3152
3369
7667
6458
3046
4068
7779
9564
9278
9126
8950
9594
1169
1273
9117
2206
919
10294
865
3511
10058
7503
4948
3128
7225
9967
7514
5707
4249
8308
8853
342
8154
8339
8985
4891
1858
10066
1716
5736
278
5509
4942
4612
2084
3895
7612
1333
6023
1962
8537
1274
9965
3250
1488
5318
333
10099
32
2652
4184
10432
5517
10410
1849
5716
8325
3529
5714
8134
6734
9676
7034
5876
4351
2678
8355
1029
4606
5208
9921
9366
5551
2654
7892
8718
5815
2172
844
369
7296
434
10204
2029
8914
8492
8697
2085
8021
7923
3717
10454
1153
1000
1337
5594
4374
8597
10037
2160
7354
7033
1140
6360
3813
5103
3071
5397
5088
24
1098
3244
560
9371
910
3321
1452
156
6510
5977
9920
1144
7108
4209
3343
3896
5311
10369
4817
8756
8374
8925
3459
8627
2482
9652
4299
1862
2323
9353
9066
6573
5787
458
7517
3326
8018
7737
7235
4254
10497
109
7398
969
8891
112
6326
3183
8398
199
9711
2554
7898
567
5351
7276
5173
441
5231
2778
7362
7336
6457
4698
3038
1970
1978
4696
5273
9918
5548
5376
5131
8707
2738
8792
3797
2535
3597
2227
8602
7468
4752
2906
1771
8141
6989
1134
5423
8267
6397
6781
8692
8180
6835
4060
4359
7203
2520
9360
6248
9894
4669
2533
5512
2596
7867
2457
9794
8783
1041
3843
9470
9031
2103
8956
1928
5288
5347
9821
10060
9373
9963
7061
3042
4134
9811
640
987
3670
487
5999
7647
2352
642
8719
3482
5861
315
229
7075
3953
9429
1282
2780
3380
9408
2942
2830
10350
6653
8475
5146
9789
4750
2006
9061
5855
1788
7253
10039
6
8967
8829
7185
4850
9520
10457
3930
6166
10035
8217
5905
5318
737
7757
765
2725
7980
6987
4963
10477
7671
2807
7739
9402
3661
10081
8289
939
2553
4492
134
9592
7897
3959
9297
9968
8017
654
6148
7160
8472
769
6913
8580
1228
3760
3809
4705
7439
6031
609
5447
6852
2168
8689
5978
3676
6984
7914
5455
9591
5910
2299
5778
9805
2187
7066
10329
1979
7505
560
1168
4709
6973
597
9157
3209
2195
3378
4637
1869
9850
2026
3802
4572
5700
8862
6888
10021
6170
3246
10092
7431
7235
7753
8358
9278
4061
6845
9394
8376
5626
3744
5335
1774
6508
2373
6978
2743
7680
1793
1597
1205
1791
8913
10090
1635
2559
3802
491
4702
5075
9679
9312
273
8191
6052
4728
8724
4684
6057
3057
2114
716
3293
207
4444
5328
1290
10165
2229
1551
2547
167
3039
8232
5045
8635
9036
1243
4164
928
395
747
6460
3988
1714
9646
8481
7819
2135
9412
7452
7745
5423
7923
7367
7438
6524
9193
7108
1107
9108
4738
3428
2469
8772
10360
8120
10158
9093
2535
2370
8363
5744
7766
10060
9489
5539
2486
1521
6764
5605
380
8227
3093
6840
2410
624
3046
2760
3720
6201
7781
2580
8039
3494
9093
6970
10004
4497
2960
6451
1269
7240
8272
9975
8928
8818
263
6833
2330
4821
4812
5719
2592
2674
5367
6624
923
5475
6152
3754
4677
6059
5784
10021
8827
4223
6174
4868
944
1749
530
1859
4610
3316
5130
9456
1616
5652
4889
3063
2569
4932
3642
4339
4318
3898
1150
3342
9328
8482
8811
3134
5031
10196
8531
3597
1777
1276
2758
2366
6737
2666
3049
7503
7917
2379
5199
796
4939
4997
4461
8374
4476
8383
2596
9880
9263
287
4065
4035
3692
2065
4587
1671
2700
9844
5154
8891
4474
10465
10462
183
8755
1168
5735
4390
930
8699
1817
4090
1
5818
4725
8855
3832
6119
8259
5620
9355
7968
1317
2044
2250
10087
6824
8164
89
33
4386
532
2455
7000
2715
8692
3464
8950
3819
5254
7026
754
7059
8924
1951
4069
7470
10007
4402
8043
6068
5511
4611
3937
649
2544
6789
2951
4510
1790
4246
636
7121
3016
3025
4124
3949
4316
1663
2550
5488
2097
8757
8640
338
6511
3947
3857
6080
10467
3376
7938
8915
1394
1007
777
4953
7989
7490
5748
3835
8168
2161
5848
4070
604
834
6832
2267
8879
9389
7492
7831
3528
9325
4777
2904
2236
6474
245
7843
6479
4397
7351
3290
2042
3026
9836
7722
1774
6624
8553
4578
9791
6984
3553
4547
1074
6733
899
5851
2953
3966
3990
4162
2344
6991
8253
5702
6533
7041
5006
1905
103
4601
9572
5135
7288
3941
6094
7603
1519
7515
2910
4596
7787
211
1946
379
8795
2234
4563
5924
8817
7674
6082
346
390
1338
4120
9511
7508
1284
7157
8950
7102
1531
4496
6114
1539
4051
3689
6802
4553
9065
728
8299
1081
3042
6338
606
613
7875
5924
4922
4310
1723
4437
2528
973
5762
9708
1474
9075
5167
9784
2698
3761
3309
4265
9327
4296
5096
405
10098
4679
4295
4612
1945
654
9156
687
9332
6696
8763
10349
1852
9575
1837
253
5922
7895
6833
7695
3664
7823
5280
8165
457
9105
5363
8595
8613
9887
1538
4943
2891
9509
1263
5157
6800
3783
1861
7798
7972
5469
893
2533
2774
8911
6190
5618
8929
