400
40
73
64
76
45
75
47
73
67
47
46
74
64
59
66
70
44
69
41
62
72
44
58
59
44
51
75
57
56
58
67
65
63
66
60
59
55
73
59
79
78
71
66
41
63
70
67
79
42
73
74
78
65
69
75
59
55
68
76
61
60
69
58
57
62
41
42
79
67
43
45
42
50
74
54
66
55
67
62
58
73
65
50
71
51
47
49
50
77
56
52
71
66
64
64
48
78
63
66
49
70
79
49
50
66
40
47
65
49
56
71
49
79
42
41
64
58
48
50
75
58
78
77
74
71
52
67
54
59
78
55
71
71
60
77
47
67
50
71
42
67
45
43
57
40
54
76
68
46
66
70
44
58
46
43
47
71
72
49
75
51
54
44
65
68
76
40
53
71
62
50
47
75
63
76
60
46
67
55
53
74
57
61
48
41
40
40
48
49
71
57
47
58
79
75
43
48
48
76
51
70
56
43
79
57
40
60
56
55
65
62
51
40
79
49
43
40
60
47
68
41
47
63
46
41
67
79
73
54
57
50
66
76
72
64
63
42
45
65
51
69
77
65
57
58
69
67
51
54
46
75
78
46
59
50
49
46
71
54
74
77
78
72
72
55
58
49
49
68
45
52
78
64
59
47
67
49
61
73
57
43
47
64
46
41
58
54
71
68
40
75
47
43
72
40
69
57
45
54
47
42
75
47
49
67
63
69
62
59
44
72
78
72
72
74
49
44
63
51
76
46
59
76
75
40
41
66
70
48
53
75
56
72
71
72
62
67
69
77
76
41
70
68
43
56
73
60
47
47
53
61
78
56
51
54
44
48
60
75
60
61
63
54
48
56
55
46
41
59
44
43
74
74
62
69
66
76
45
49
74
44
75
59
43
43
66
41
40
43
45
51
75
68
70
79
68
41
42
67
54
71
