210
70
38
62
36
12
4
137
85
52
110
40
137
90
41
41
23
25
52
26
115
61
14
88
128
66
98
123
49
19
94
133
94
122
84
16
124
7
16
88
136
45
23
79
69
57
56
84
94
133
115
95
57
131
31
28
62
85
21
47
129
43
49
70
50
40
32
105
45
111
45
30
46
82
90
77
57
44
54
108
40
9
52
119
130
20
125
4
56
64
35
12
81
10
52
29
101
69
72
92
24
131
56
122
8
91
22
38
91
106
113
41
125
107
89
39
134
129
6
11
9
105
17
28
23
69
139
133
78
119
54
101
50
2
134
81
68
74
100
35
132
21
108
28
6
81
56
132
24
97
22
63
30
46
37
52
110
131
72
12
90
126
44
98
132
68
28
73
100
104
102
51
101
75
138
102
120
74
42
75
73
53
61
114
36
138
71
69
26
27
50
28
37
53
96
67
36
75
55
130
80
73
139
104
82
17
69
101
28
11
19
113
