150
10
700
1425
1119
591
371
909
799
745
600
1211
1381
97
844
822
1472
792
682
218
404
988
910
949
157
1430
1018
105
154
343
965
156
736
384
1362
805
739
1241
964
609
444
299
1226
1496
669
254
991
336
16
525
111
633
475
246
482
1052
585
1181
1430
1309
1242
1133
1257
818
1119
417
1467
1071
612
1050
802
702
1347
226
830
511
463
420
601
31
476
289
1458
1206
73
1451
221
434
879
1113
1390
1274
1218
1223
429
1406
978
168
415
621
277
1422
466
1172
229
564
987
755
406
326
437
758
1347
988
748
389
549
1270
519
578
70
1185
132
469
322
454
440
1364
661
317
1217
341
543
1116
828
1140
163
1351
41
1133
1255
9
331
1362
777
537
695
21
1366
1193
1258
1246
