200
20
1004
535
1723
287
939
1998
1269
720
1945
288
1753
125
606
1944
1573
1601
1793
1052
1906
1551
1480
1006
249
896
1508
1807
615
1169
1496
1895
494
1403
28
444
863
1920
157
298
595
1298
1036
519
1029
914
963
739
849
1120
532
1368
1986
1735
402
976
1466
1075
1527
1873
178
1052
1736
1844
1873
1160
594
981
1619
816
1891
769
305
1440
1484
1630
1407
285
1258
148
1743
439
439
1318
314
1663
534
1598
370
687
175
1228
987
323
58
1283
588
1939
704
965
1390
301
220
1336
594
1018
773
526
1896
506
584
1062
719
670
471
532
83
1641
190
1689
635
1424
287
1533
185
1497
1211
897
176
1246
1471
631
1175
578
1775
897
332
253
346
965
1416
1134
1506
879
1569
661
143
966
96
789
727
1365
1975
1836
1198
4
311
1985
1430
965
902
1393
1320
1226
581
1105
337
1790
130
295
1045
1706
997
601
1848
739
1308
1541
992
342
1453
1549
125
494
451
618
244
542
1967
1608
12
1817
1005
1608
1978
792
719
158
897
66
324
1370
