600
40
32
77
80
76
60
15
76
30
79
72
80
34
18
10
41
89
93
8
52
23
36
48
33
12
67
5
18
44
85
38
22
32
99
48
99
63
85
89
72
43
50
95
91
21
83
84
75
31
5
53
71
70
75
28
37
17
53
40
68
30
38
14
60
93
73
5
28
84
21
72
18
61
25
16
12
91
7
21
99
79
1
14
53
90
69
43
58
39
67
7
38
4
73
40
35
21
38
32
93
5
78
65
16
92
5
86
58
27
80
48
5
64
99
78
84
63
33
42
11
45
30
52
37
58
41
86
45
33
6
79
55
54
82
3
63
86
12
88
41
77
31
27
50
33
89
67
74
39
88
17
73
19
78
32
28
41
56
26
48
38
5
22
76
68
86
71
37
63
74
68
98
43
45
6
96
95
80
49
59
89
41
36
45
12
31
9
26
62
10
98
90
12
97
67
28
90
40
67
72
76
11
29
18
50
42
23
6
36
90
40
16
12
11
38
68
36
9
55
89
68
67
84
16
13
47
96
45
37
12
66
99
4
85
4
82
60
19
29
25
79
40
69
18
19
49
78
52
22
50
69
74
86
87
51
76
88
56
52
6
71
83
48
86
17
12
76
40
13
68
47
6
11
37
57
38
100
78
35
11
60
28
38
22
35
80
45
46
57
8
6
57
73
29
93
10
59
49
4
66
12
18
51
39
80
6
14
41
63
81
6
25
67
4
50
41
29
49
80
52
33
34
80
98
91
13
50
79
26
1
90
41
14
54
26
51
30
61
68
8
6
83
72
85
74
25
16
97
74
69
76
9
17
49
73
38
76
69
94
50
69
53
87
57
46
6
78
55
65
87
51
75
4
82
3
95
96
87
51
9
9
92
99
67
56
70
28
42
27
84
4
64
14
70
7
55
94
98
67
80
10
71
99
15
83
97
27
94
38
1
69
74
66
11
75
60
17
78
46
12
97
90
58
75
40
38
14
49
20
44
70
32
35
32
42
50
79
55
17
50
57
24
15
58
1
52
49
63
32
53
42
11
33
42
12
56
3
1
84
38
78
16
41
22
48
60
35
93
16
84
6
50
64
48
89
98
64
44
60
90
66
7
30
54
98
36
54
72
4
4
31
59
8
40
64
56
15
86
72
23
19
17
7
94
96
61
20
19
16
90
61
91
57
38
65
64
69
58
89
57
29
76
19
48
18
47
15
68
11
67
71
83
65
98
34
85
25
59
77
66
78
98
59
64
67
44
37
34
27
25
75
47
89
65
90
86
60
71
23
93
77
82
49
23
97
32
30
66
89
61
40
17
52
30
82
29
95
29
42
91
28
68
37
94
89
91
17
92
6
51
48
39
82
89
41
93
94
74
65
61
92
