200
40
100
96
99
98
96
105
95
103
98
103
103
97
101
104
96
95
96
100
99
99
95
105
97
95
95
100
97
105
96
99
103
102
99
102
97
103
104
98
97
104
95
100
104
95
103
101
103
97
104
101
98
98
98
99
97
98
98
101
98
104
97
104
98
97
105
97
95
98
95
98
101
97
103
96
98
105
103
95
97
100
96
95
96
99
104
97
102
102
104
98
101
102
101
95
99
95
97
105
97
97
104
96
103
96
101
97
99
104
96
98
95
103
104
105
98
99
102
103
96
97
95
101
99
101
97
98
101
105
102
98
97
96
99
96
97
104
96
104
100
101
103
96
96
97
103
96
105
104
97
95
104
104
97
98
102
102
95
101
100
104
102
101
95
97
103
97
99
100
98
99
103
96
100
97
95
103
97
96
102
100
101
98
98
104
102
105
103
99
104
102
96
102
99
100
100
101
97
100
99
102
