600
40
17
19
78
52
3
71
39
31
78
64
43
68
30
60
67
73
23
77
58
35
37
52
8
64
12
74
52
39
4
52
16
72
10
4
46
13
11
40
25
45
48
61
34
15
56
7
33
1
35
52
12
10
61
22
5
50
52
31
7
37
50
40
36
4
66
8
35
43
17
7
43
68
31
64
13
19
15
3
39
68
51
62
30
11
51
79
34
68
1
24
30
69
66
48
78
61
78
26
76
25
55
27
45
75
33
16
59
2
62
40
6
17
77
30
5
70
51
68
72
73
42
39
69
17
58
51
62
17
53
9
30
7
1
77
52
26
42
8
23
39
67
54
71
13
17
29
69
6
9
33
25
43
27
41
75
65
39
4
56
23
24
34
62
76
68
71
54
69
67
7
29
15
15
59
5
56
41
76
55
31
72
64
29
57
35
8
38
74
57
42
47
25
63
25
44
13
39
14
72
65
44
21
23
52
75
76
22
3
76
68
70
69
22
72
68
55
48
68
18
41
74
18
60
28
39
19
13
45
50
45
50
30
67
34
21
12
32
34
11
3
39
5
46
26
64
77
49
64
58
39
47
59
34
13
56
10
6
32
42
14
24
65
65
27
19
75
51
2
6
42
45
34
41
16
55
72
24
9
58
71
40
79
8
28
51
28
30
54
49
33
78
15
37
14
65
36
11
63
61
75
12
52
63
25
39
16
72
27
33
5
72
21
32
22
4
50
49
61
39
21
21
32
14
32
28
34
78
39
11
21
54
65
49
31
15
4
42
39
9
66
30
22
36
78
44
75
5
35
18
24
50
68
53
37
48
40
59
79
27
12
40
49
43
11
79
56
17
33
42
73
56
77
14
17
59
48
63
73
38
46
13
59
64
35
14
58
57
2
19
7
36
27
28
6
58
63
10
27
18
58
2
73
15
8
17
73
62
33
49
64
36
55
34
72
40
26
26
2
61
78
35
35
57
26
25
54
27
67
65
79
47
67
29
7
65
1
77
18
17
41
55
6
69
56
48
19
22
31
5
59
40
41
53
73
69
61
33
46
40
43
30
53
75
26
71
50
54
29
31
68
77
45
20
26
59
7
33
47
70
9
50
59
7
12
76
10
17
14
53
32
26
34
50
19
64
1
18
40
47
20
58
24
24
51
14
58
34
40
6
55
5
71
71
66
52
21
36
56
59
43
22
59
54
63
46
36
21
38
35
57
9
17
42
58
54
71
6
48
69
77
14
18
57
78
64
68
23
76
38
62
69
47
7
25
5
58
6
65
29
17
23
57
4
2
42
76
22
57
57
23
21
31
28
56
26
25
22
48
75
34
33
9
68
54
18
49
25
74
50
43
10
32
56
24
10
46
56
55
27
28
