210
70
104
103
100
98
103
105
105
105
100
104
101
95
95
102
101
95
95
103
104
102
102
97
102
99
101
104
99
97
98
101
105
99
100
105
103
97
102
97
95
97
102
104
101
104
97
104
101
102
104
103
98
96
105
95
103
96
98
98
103
100
99
103
104
97
95
102
103
97
102
104
97
105
97
105
95
97
97
100
101
97
97
101
104
95
102
105
96
97
103
101
100
103
95
101
97
100
101
103
100
105
105
99
102
98
95
105
99
97
100
104
100
98
97
95
105
99
104
98
97
102
97
95
105
100
101
96
105
103
101
103
97
103
103
98
97
100
96
95
102
100
98
105
102
98
102
100
96
101
101
99
101
102
95
102
104
104
99
103
103
96
105
103
105
99
95
96
97
101
95
95
97
98
99
101
104
98
104
102
95
104
98
104
100
100
98
95
98
100
103
100
104
96
100
101
98
105
96
104
100
103
96
97
100
101
97
103
103
101
96
95
