1050
70
122
87
126
139
97
110
127
112
110
122
123
116
110
86
121
110
78
71
97
124
84
90
104
128
114
98
98
95
71
94
83
129
125
119
77
80
97
83
102
72
135
125
124
139
125
107
126
83
136
107
97
119
130
82
70
128
72
135
80
75
96
124
73
119
74
134
108
98
108
121
96
112
83
108
98
119
105
128
127
106
131
137
70
111
127
138
71
108
138
111
112
83
131
125
94
111
71
106
97
95
99
92
79
127
74
78
119
111
100
94
96
115
135
113
90
117
79
138
84
118
72
94
135
117
138
92
118
118
77
71
94
111
90
76
114
81
99
119
80
80
99
122
104
92
130
123
126
130
129
125
71
95
78
123
99
93
122
127
132
110
123
81
92
137
70
129
81
137
92
84
82
137
127
139
87
112
135
109
128
134
123
98
90
89
136
125
130
99
123
91
82
77
105
95
83
118
132
117
128
136
112
123
107
109
110
120
79
125
99
78
92
127
86
101
86
130
110
84
91
139
117
127
104
90
74
107
77
121
71
82
98
130
103
92
110
115
137
102
134
138
100
125
117
79
94
124
114
115
120
121
130
94
72
77
99
122
138
77
115
126
106
125
87
111
105
136
133
106
71
137
103
111
79
78
130
97
126
127
127
77
129
113
87
74
113
72
100
100
105
119
138
85
113
131
115
78
126
128
82
122
102
130
72
107
82
92
117
77
86
135
86
138
114
115
90
130
73
129
79
105
87
138
75
85
135
112
79
91
129
94
107
106
105
138
119
139
79
96
70
115
139
103
77
86
118
80
85
118
78
98
79
76
112
93
70
134
127
104
74
99
139
108
124
90
131
107
74
70
117
84
102
99
122
131
127
96
118
124
134
134
124
100
91
120
107
120
109
134
100
83
96
79
124
123
70
105
82
120
90
76
126
122
85
87
129
131
116
99
91
98
132
76
85
89
117
79
110
93
87
84
133
123
129
91
91
71
75
121
74
129
109
134
102
96
96
110
80
121
94
136
136
102
75
91
84
106
116
111
126
87
77
71
83
122
81
115
73
102
125
121
84
70
93
81
118
99
135
102
77
94
88
97
93
74
122
122
109
104
125
98
127
108
97
116
131
88
125
124
79
99
124
72
88
111
74
72
84
122
79
95
134
93
91
104
125
93
75
137
133
77
76
86
86
103
120
113
133
86
117
110
102
125
136
131
89
83
109
89
89
120
122
73
83
100
88
134
106
136
106
95
119
108
82
123
70
104
128
79
74
125
101
131
127
81
136
116
103
124
118
100
118
110
114
81
109
120
90
93
107
108
126
119
125
119
108
95
137
132
80
118
74
87
82
90
106
131
108
132
117
73
87
91
85
81
103
109
136
112
94
122
84
109
117
75
113
130
104
71
126
124
110
95
108
102
89
90
106
133
117
109
84
104
81
121
99
100
108
131
85
82
91
139
82
128
77
125
83
99
84
121
125
109
118
138
85
126
100
89
92
132
133
119
74
71
73
119
71
72
101
83
98
120
113
135
135
119
75
97
95
131
87
133
137
118
121
124
78
79
136
127
103
84
107
114
70
124
128
85
104
115
126
117
81
129
71
134
132
124
109
74
75
73
118
74
107
109
81
75
116
127
131
98
100
110
138
118
136
131
92
84
77
105
115
134
85
123
99
71
108
125
96
88
126
88
115
86
104
122
87
133
70
114
94
84
119
77
129
101
93
89
83
131
137
104
71
129
107
110
129
125
124
93
70
115
82
122
90
108
122
137
110
81
81
77
115
108
134
137
80
83
123
105
96
99
106
130
135
87
113
137
85
128
71
75
95
117
106
111
117
105
133
101
125
135
126
137
126
136
116
111
81
75
102
72
137
107
128
105
111
77
95
103
133
127
121
130
79
81
121
76
135
104
101
126
80
102
70
119
95
115
87
118
71
122
94
78
115
122
73
102
117
130
116
86
133
128
84
105
71
78
123
108
107
107
118
116
128
86
79
73
97
90
119
91
122
94
71
101
108
126
135
86
120
139
103
126
136
123
135
108
121
110
123
84
112
114
100
117
73
107
94
107
104
123
128
108
113
80
77
71
92
87
106
115
89
89
75
88
107
79
91
135
90
99
115
103
115
73
106
125
123
112
137
85
109
79
119
99
78
110
78
135
89
101
76
92
78
106
94
128
87
93
122
116
75
115
89
135
88
127
112
120
119
107
95
96
73
80
101
123
131
94
108
86
88
93
135
70
76
129
127
132
83
95
136
87
135
94
81
128
105
105
99
134
128
134
98
96
92
96
94
91
120
124
105
132
129
105
115
139
128
79
115
103
123
103
132
73
94
134
80
93
99
100
102
78
126
72
117
106
137
122
122
80
138
78
82
137
97
117
121
73
119
85
114
120
91
82
83
78
