1200
80
104
100
44
7
65
111
122
35
79
29
96
136
22
28
41
18
41
62
61
30
84
6
91
76
51
75
30
125
55
94
20
91
79
83
8
24
15
23
10
100
50
45
1
74
22
7
17
106
55
9
158
101
116
43
55
50
53
83
89
134
72
7
154
83
80
50
105
2
45
81
159
127
121
84
43
27
95
133
105
56
64
73
128
99
105
112
80
114
19
1
23
75
101
40
154
101
23
8
114
74
87
4
5
34
116
73
114
112
92
25
73
61
27
16
48
103
134
149
51
80
61
150
58
47
25
132
101
23
156
111
153
155
94
24
9
85
66
71
46
10
136
108
116
56
19
99
158
97
26
12
49
51
62
121
93
111
40
49
53
120
108
157
145
38
107
100
59
146
37
90
148
36
82
142
112
129
69
66
65
124
128
148
127
69
4
72
85
82
143
53
8
7
101
24
36
70
130
128
1
20
75
105
147
12
116
10
129
65
129
55
33
63
91
137
46
1
43
66
13
94
23
20
33
82
144
153
32
151
34
119
70
36
137
155
27
21
46
116
2
119
138
58
28
81
35
145
44
141
98
83
32
52
6
120
153
57
77
65
65
26
11
51
83
42
139
57
126
83
131
85
35
27
99
123
122
92
78
106
63
88
131
55
7
79
135
111
86
117
26
39
124
60
133
90
5
43
102
111
114
51
69
49
134
85
159
137
67
15
17
1
137
147
44
97
134
125
105
76
124
44
97
61
108
16
20
130
132
6
79
146
46
22
20
105
156
62
155
76
10
33
130
9
116
35
158
130
120
24
95
110
111
112
94
138
77
146
107
100
47
64
28
140
124
7
42
31
24
54
113
132
113
103
24
87
155
148
74
28
78
42
42
147
74
60
113
48
103
137
24
88
57
126
150
114
94
123
85
94
114
28
15
37
23
138
104
36
1
146
51
17
106
47
37
42
141
155
115
90
15
78
62
130
134
152
43
25
96
143
86
95
57
112
102
146
87
159
111
64
154
117
122
144
78
83
90
154
68
113
94
141
88
147
89
96
144
114
8
76
159
140
114
124
159
120
30
44
65
31
32
102
145
68
50
64
148
51
5
44
13
33
135
111
33
137
137
45
111
43
64
102
56
36
3
137
57
115
141
77
44
136
46
36
24
87
130
131
108
106
45
20
54
24
147
121
117
9
82
2
155
49
147
9
114
22
120
50
49
40
31
68
69
13
111
98
149
45
66
134
63
61
46
152
11
148
70
36
159
5
142
80
12
148
100
149
96
143
125
67
47
2
72
33
46
34
78
112
14
124
18
98
90
52
80
103
109
5
110
115
36
70
9
51
120
4
157
134
159
63
34
136
106
139
158
120
93
25
42
6
148
86
23
108
59
159
53
14
64
39
114
47
39
6
30
61
157
61
101
49
42
44
7
58
36
19
92
69
61
123
32
102
126
76
155
118
21
6
157
136
120
68
132
42
78
46
134
148
50
65
118
43
60
125
21
124
127
36
35
156
104
94
158
126
79
58
41
57
33
5
85
92
72
125
81
114
151
25
10
133
13
30
10
103
121
71
13
108
94
117
116
19
53
25
59
46
24
14
148
19
38
85
109
76
132
138
79
127
2
135
3
65
12
117
146
116
89
54
98
27
148
25
147
141
67
123
33
150
84
75
145
76
38
104
143
124
76
44
36
100
85
4
12
46
16
157
34
10
104
114
86
81
97
107
86
113
45
109
9
127
151
39
53
104
30
118
56
84
55
97
102
25
153
5
143
118
126
15
32
71
154
44
49
136
155
125
90
3
156
148
80
16
61
50
64
50
152
156
81
111
54
136
143
63
51
2
38
50
28
20
6
64
9
139
115
49
154
40
3
20
91
124
139
65
112
95
83
117
145
13
144
34
39
152
99
50
100
156
99
57
79
54
1
18
147
100
29
50
141
99
75
26
55
139
38
60
53
83
141
13
109
132
109
80
116
21
122
8
93
133
48
128
30
89
19
94
86
29
49
12
138
85
97
94
60
39
60
73
83
8
153
32
7
81
4
52
134
86
123
58
103
119
9
37
116
45
37
103
75
150
125
91
59
34
54
96
123
54
39
91
11
85
137
101
102
43
40
98
55
91
87
147
12
76
112
82
121
126
135
128
17
47
108
71
141
77
8
28
120
113
140
55
151
56
15
7
56
128
38
75
65
7
150
144
135
24
137
133
94
8
119
96
137
90
79
62
69
142
99
146
43
157
105
124
142
8
97
125
141
79
136
52
21
83
155
11
106
102
139
70
138
110
18
111
81
28
96
121
123
118
30
148
57
10
80
32
152
139
125
53
143
107
58
144
43
85
79
11
67
16
115
156
15
63
32
48
52
55
130
125
22
94
24
68
23
107
156
52
4
56
136
123
103
81
68
127
116
91
4
17
152
127
52
83
156
94
107
34
132
29
63
23
47
152
18
13
76
110
114
87
28
53
5
78
36
154
80
88
152
72
110
32
54
66
74
79
149
121
64
13
51
40
100
88
128
27
129
46
67
25
4
69
131
145
9
122
109
9
67
134
106
63
159
136
72
3
144
46
35
14
159
116
16
23
93
21
122
88
57
20
152
78
27
92
70
83
73
98
46
86
118
73
48
136
97
42
52
17
23
32
78
79
44
25
54
150
24
86
22
90
37
156
2
156
96
62
147
66
10
119
113
11
135
80
85
9
109
52
86
31
104
123
49
54
33
123
52
84
130
158
146
136
