300
30
88
83
1
42
20
52
18
4
28
8
45
31
46
52
45
85
51
62
97
90
19
59
1
47
6
64
34
14
28
51
91
66
21
67
51
13
63
14
72
89
44
57
60
46
53
17
96
98
32
49
83
59
54
51
85
29
96
77
14
42
86
30
90
4
95
42
79
52
48
8
93
86
6
30
81
50
89
59
80
53
91
62
80
28
13
49
22
41
16
86
29
57
76
55
96
74
77
7
47
74
10
89
22
35
79
76
42
49
27
55
43
76
9
60
39
68
83
71
1
44
94
50
1
89
26
27
10
36
4
96
1
54
21
93
87
84
43
86
75
92
98
52
90
12
72
96
43
66
48
10
13
56
100
85
71
72
91
53
1
95
57
47
72
12
42
62
63
8
9
41
22
44
91
63
38
79
46
65
32
83
54
28
29
65
23
65
65
92
52
59
13
93
32
90
67
22
57
22
42
74
37
58
54
77
13
20
68
49
67
2
83
100
9
19
84
28
19
93
97
98
28
36
42
88
66
56
5
40
78
15
41
10
7
94
46
41
54
97
93
99
52
4
52
94
70
89
59
14
97
15
56
1
32
81
38
1
48
70
42
5
75
21
41
39
1
16
20
56
10
87
7
5
45
24
94
10
81
76
97
68
12
5
50
14
7
32
3
15
73
81
69
13
85
63
73
26
91
73
68
24
