240
80
61
81
17
80
57
26
75
21
99
42
62
24
69
28
100
5
63
71
87
48
12
46
13
76
19
76
77
33
57
5
58
30
42
25
93
98
33
30
95
39
99
19
76
86
53
86
1
14
38
1
44
60
14
28
46
2
68
26
34
10
3
89
28
36
60
20
42
20
91
44
78
99
66
31
35
91
37
9
93
7
98
91
67
58
72
76
24
73
68
57
47
10
38
1
28
6
67
84
36
7
85
8
16
64
64
40
2
58
93
87
77
91
14
18
65
89
4
15
10
53
47
93
52
67
15
34
41
4
31
15
80
98
85
14
56
6
82
22
77
93
32
91
65
30
13
78
27
71
19
36
27
45
53
17
23
78
4
23
60
35
85
77
89
95
1
53
46
51
57
22
64
77
61
58
24
90
1
38
53
36
80
18
3
59
65
61
68
54
7
95
76
15
34
9
60
9
43
98
97
98
77
85
56
4
53
41
75
72
81
98
42
51
55
41
6
33
25
32
18
28
51
61
58
33
34
52
95
91
76
90
61
100
72
11
94
77
30
26
49
36
