181
90
1544
675
768
1592
153
1528
599
1693
1061
1802
558
1248
1581
838
807
643
848
1157
999
1482
1565
1304
954
1570
1563
722
935
556
1314
1422
1105
506
1473
145
78
788
1723
586
1356
668
21
1605
926
1607
182
678
1029
1064
979
312
325
543
874
1458
1143
432
1614
1075
1754
1626
906
601
448
1130
865
426
1109
1682
56
1586
902
1412
1071
1718
1402
800
659
1077
984
1343
1197
1268
840
1567
297
954
891
1221
1128
1631
1574
1258
341
458
1777
1614
1122
1527
214
607
196
1030
1591
1708
201
1183
826
587
117
328
1132
1008
245
1378
476
1010
1309
542
452
1254
219
1213
239
1330
546
179
275
1573
538
463
1433
562
1323
54
111
16
1156
813
209
781
1287
184
653
477
1347
1115
1701
154
1048
825
1782
819
968
1284
221
1034
1301
1737
208
1692
840
1227
1543
1402
644
113
513
1753
727
543
1230
1472
719
686
163
356
150
26
1735
1759
842
