210
70
80
83
83
101
111
75
134
117
129
115
93
97
124
119
77
130
132
102
75
118
108
121
72
124
72
84
100
97
79
116
85
98
108
124
79
78
123
77
136
106
121
134
114
80
85
90
91
92
99
93
129
136
100
84
116
116
92
96
77
81
130
76
92
138
120
110
100
99
117
71
74
122
72
73
106
136
135
97
101
96
100
91
85
111
121
111
90
114
77
79
82
100
76
75
86
99
109
130
79
98
137
112
134
92
86
70
100
87
117
124
91
132
125
131
84
106
117
101
134
121
139
74
133
81
86
88
88
129
105
123
119
108
103
111
94
122
80
133
97
81
132
130
84
119
90
75
124
86
103
131
78
117
102
86
131
101
135
123
109
100
87
88
105
136
77
94
86
91
90
72
109
99
123
128
86
73
104
93
95
118
113
119
124
105
83
75
90
124
105
102
135
103
101
126
133
100
135
116
132
95
135
130
126
85
135
126
80
89
71
86
