240
80
74
74
68
21
11
86
96
30
59
8
15
62
59
72
3
88
57
6
91
26
76
34
68
36
31
77
7
13
7
34
15
50
59
79
19
54
57
89
58
21
57
81
72
30
63
78
30
96
72
89
99
31
83
57
23
45
29
24
7
82
42
24
6
54
21
10
15
58
45
90
49
9
48
61
9
21
84
95
47
83
50
100
28
78
53
7
4
53
82
5
85
34
40
67
47
77
13
41
54
22
26
51
69
61
84
54
1
3
99
72
63
90
21
64
16
18
76
74
53
80
16
15
75
23
5
33
52
91
32
64
98
62
95
89
64
55
73
75
77
99
2
50
42
25
69
56
61
8
9
50
32
33
25
60
38
2
66
30
14
12
72
30
23
17
28
31
97
80
47
46
16
83
63
59
42
44
54
39
91
80
12
21
21
27
23
18
39
73
98
44
29
7
49
73
61
70
46
50
1
77
79
62
28
95
47
30
33
97
45
32
60
7
13
3
92
91
40
75
49
66
82
20
10
84
88
66
3
6
94
49
98
75
73
73
3
60
19
41
48
97
