1350
90
1884
5447
434
10237
6576
6144
8209
1651
4382
9533
2476
13286
10288
7969
7776
4931
6928
10138
11375
2174
9645
645
11060
9749
3182
514
13191
10702
3791
11805
10485
1341
5205
9702
8455
1020
12403
4080
9199
2770
2179
9603
5687
3265
2452
12883
8314
8227
6570
1192
6947
1314
5419
6466
7561
2757
5488
9964
12439
8483
9290
797
8032
11549
13002
6479
1546
2530
3290
5656
2009
13218
1353
384
6482
7711
7220
12996
10824
4445
677
10927
6733
12963
11155
8439
11698
223
8032
8153
854
940
4415
8863
1595
4764
10938
7549
7435
6188
13396
10603
5581
12535
8579
8743
13470
8127
135
4216
4861
267
12138
7419
4082
12495
8397
8838
10492
8289
8567
4487
2230
1516
7619
12946
2154
9610
4291
2973
9408
5002
9580
13093
3627
3140
1368
3110
4186
3507
8458
1799
4463
11471
8820
12343
7943
2370
242
10333
1750
2015
12435
5746
10045
2522
1599
3191
3402
1043
3732
3945
13293
4604
11227
12823
346
1883
11670
7425
3819
8935
7337
9368
3258
8128
3642
3549
11465
4091
4906
2764
4162
1131
7632
8867
2196
12167
4989
10756
8956
4281
12801
12617
5043
4686
4693
9820
9030
3669
9477
8918
5695
10366
6836
10797
7017
6433
4977
5307
3898
9578
3496
7888
8462
12427
7577
6079
1831
1353
2138
1575
9899
7425
1822
9193
12426
11457
4527
10257
5239
8229
9595
3958
2388
7670
5589
13360
634
8572
1787
3787
6119
11682
83
10447
2657
12828
11040
798
10120
5716
2472
2978
8757
5251
5414
2166
7441
1052
1613
12912
7401
8564
9855
1292
10413
4145
5061
1159
9269
8358
9765
1958
8022
10259
3857
13331
4943
5829
1073
8819
1742
11816
10572
6605
1364
13487
109
3967
128
5944
9054
12879
9204
13048
7607
5945
5289
7412
12935
779
1064
9481
6809
8
1909
8193
2930
8082
1220
555
1631
5156
11672
10090
12460
7434
13419
11359
11088
7043
1515
12280
8032
7351
13187
3494
4901
5415
13235
11303
417
8921
8564
4865
421
9192
3193
3681
13480
5834
219
13498
13021
2931
3258
10476
6022
5209
2719
12100
7258
8765
7388
9254
12304
9250
7898
3307
10725
8254
13431
6581
11978
10239
9601
7978
8548
9779
10455
6053
1055
8430
2761
9457
12722
9568
5263
4538
2814
9629
13487
13312
7902
11784
10326
9283
8942
1204
11117
11973
3345
8756
6024
4035
10686
7476
8006
10613
11064
3056
9769
12921
6780
8261
1099
8974
8648
2871
8643
10225
4808
11139
11920
13267
12644
11642
11133
5878
1295
8484
79
9686
5708
4349
10672
7686
1324
3795
9974
12333
1051
6781
11927
12085
11537
1865
7995
12060
1552
5290
2259
8207
4036
4039
5637
9947
2965
4740
8078
11320
6457
11832
8616
6033
4902
1630
9923
10291
4103
13046
1920
12542
784
3427
10343
2519
10674
143
463
9400
186
137
11560
314
13323
13360
9991
8046
13052
1283
11599
4888
9424
4574
5532
11066
159
288
7695
2786
5625
6672
11381
10766
1681
4328
7877
5747
11269
2077
10875
5546
11867
9383
10274
5698
7219
1686
3252
12662
3203
4092
403
13370
1857
1068
4731
7719
6118
2143
3616
5219
156
12598
10938
6286
7165
11485
4946
4893
4819
11892
3678
8281
3493
1137
1604
6447
445
13267
5450
9214
1159
5189
11118
12630
4004
6861
7572
7610
578
7377
9102
13183
9630
583
6605
13403
744
3947
7569
12755
5319
10203
12687
11722
10589
12152
4829
7022
8489
283
2620
11679
5330
4920
9011
6440
5420
8273
4279
12173
3601
8876
6807
4788
9754
1784
7031
7132
3734
11859
2267
1
292
3312
5460
9193
10899
12874
5089
5804
11832
8370
10068
13051
5385
6822
11759
3566
13109
4309
12233
9379
6635
4380
1811
11143
11793
8977
8011
10426
10533
1724
4836
12935
12354
7729
12770
7170
7720
2852
1288
10314
12424
11699
930
11068
12800
1303
10261
4656
12654
12325
4056
42
4361
12566
4920
13459
10666
7695
10400
1045
9036
127
4655
1428
12638
2223
12271
10482
10759
2311
256
4133
11679
3028
13048
2696
5625
12682
1041
6950
1428
3258
3331
3189
5911
8569
8065
9083
7956
4149
3279
3153
11033
5743
5194
3561
9462
446
13041
368
10753
10760
7886
711
1359
9485
6652
1035
9236
5758
8127
5512
1019
3301
1889
4241
3843
9607
12395
11025
9826
6300
4732
3633
5225
11135
12464
10839
2272
8630
11707
9657
11442
6323
3927
1163
8643
1847
4323
542
9450
1549
6949
4881
7511
2783
5566
2813
7685
7275
10785
7274
11626
12059
2436
3381
3458
6600
898
6809
5485
5286
2055
6553
9631
9842
3757
3164
7159
5659
7043
7809
8290
6153
10770
13069
11907
5785
148
151
9720
649
1114
3243
1627
6160
5029
10932
12992
8809
9082
11237
4740
11486
13351
1093
12316
10326
2672
3141
1589
12231
10337
10462
160
11947
8165
11292
3221
6774
5594
6185
7453
3542
10548
8948
8465
7334
3595
10133
9089
4681
6602
10053
3880
1381
12696
3640
1270
10284
1851
10822
2251
7355
9893
65
8895
2854
5206
10580
5734
978
11936
8908
10509
12424
6224
12546
9596
5424
6757
11075
8648
8526
11041
10268
2742
10932
2960
12391
8718
722
5389
11271
7912
5286
10170
10235
4646
13230
2041
12507
5540
11016
7881
733
4522
13035
3201
1842
12122
3928
5313
6136
5223
10627
8422
10655
3703
1691
4137
9015
2889
814
2762
3918
3375
12961
13062
268
909
12387
1956
2204
2648
7245
7867
11170
6802
8433
5360
11480
633
8360
9350
3412
7891
5092
4023
771
6922
4845
11987
5416
5803
2575
5439
7090
7217
59
8822
12639
7961
9083
9648
6352
689
6117
13018
146
8842
8436
3707
11840
4300
8759
5874
6484
1815
8281
4563
5381
7877
6287
2167
309
11059
4288
7505
4307
9813
2303
436
8768
4991
12735
3186
5275
11441
6175
1009
9137
9499
1287
4110
8823
6004
6305
3056
2424
5453
767
8162
1798
3058
3122
5021
11894
12079
3526
13249
9520
9957
2877
1453
12460
10765
12103
2462
8186
5606
12522
5570
12542
5137
2523
1959
8739
9350
726
12733
671
8037
7591
12044
10719
8743
7036
10565
12047
6777
2189
289
3061
7318
3623
7473
13052
1368
6876
10037
12800
10063
11328
2967
8634
652
2679
7615
6290
7536
12254
5507
11102
510
7582
6564
2631
4377
2666
11903
907
1854
11940
1412
5251
4719
260
9773
2483
2782
8605
2632
930
1196
11165
175
13410
10853
6500
12907
7923
6347
3909
11718
4070
2903
13402
1922
2056
9211
10188
1930
1160
5336
7327
7648
5991
5438
5986
5227
8796
4477
4000
6811
9215
1822
3590
12642
6004
4281
3085
9601
2596
7496
6332
1464
6087
9590
2062
8379
12249
7811
2346
7242
7736
7266
502
10184
6535
6835
5112
13061
8931
3617
2255
4606
6360
4936
5837
13218
12831
3880
1926
8480
137
847
12510
4200
148
1354
10550
1733
1527
12508
8403
2757
11046
9360
3211
1862
8647
4180
1575
9157
9266
6462
9758
8405
3521
6331
816
3945
3595
10745
10900
12308
3109
1100
5221
7889
3471
349
12123
11109
11567
4597
12141
5861
12936
9518
11697
12600
12428
8963
5634
6155
7571
9236
173
5889
9645
9003
12877
308
8152
3161
1610
7851
9882
5341
9768
7388
5535
13189
3788
8659
7786
12080
6143
7649
11129
1554
220
6422
5282
5528
6559
3191
10051
7326
13438
6838
1043
8191
10750
8660
5311
1607
9164
8488
9789
10091
4971
8904
58
13149
1788
6953
9820
8993
7385
4211
10670
11694
12814
10665
8466
5748
2762
2019
10511
6981
4180
8029
9697
8743
4905
9143
12681
1862
2740
1972
1421
8582
607
2172
600
4642
9526
12673
12448
8931
2283
1097
3459
2633
8694
10289
6293
11715
2334
12411
11928
2683
11653
11650
338
13226
13302
5408
4529
8832
13256
6801
2576
7329
12780
5678
9358
167
8267
7168
560
2249
1958
9323
5771
859
2897
3650
4701
1115
4130
1976
12124
471
12931
9990
11933
2591
835
11391
2136
690
3121
9915
2525
2418
18
12972
5994
3084
9141
7424
3813
3846
3758
3768
7906
10960
7461
500
4133
9500
11005
3855
8494
4864
11856
12871
4340
5028
751
