350
70
98
129
108
28
61
113
89
137
55
10
73
138
46
88
80
78
10
114
82
123
43
12
77
63
22
1
7
106
44
139
73
67
107
14
19
131
66
81
116
68
34
98
111
97
92
68
51
123
10
14
101
15
41
42
85
9
29
87
126
85
23
121
33
46
2
103
22
7
57
137
40
106
69
43
3
3
134
19
12
108
59
91
78
73
65
119
12
55
62
16
10
72
30
132
18
62
60
3
111
137
101
43
112
88
107
74
94
69
112
60
43
121
15
46
45
41
105
50
64
28
62
58
73
120
81
115
43
110
79
44
58
27
50
2
126
48
115
100
48
112
50
86
66
50
111
63
62
52
114
86
33
119
14
126
36
79
73
1
98
128
37
96
117
59
61
31
73
69
105
53
5
26
2
77
81
7
21
1
65
12
48
125
30
91
59
47
119
14
60
47
73
29
38
60
43
61
105
68
14
81
1
87
11
20
75
99
94
117
39
48
95
53
55
123
34
128
136
89
92
116
11
21
81
55
98
28
137
39
36
92
36
71
118
71
76
47
42
87
133
5
40
118
137
2
113
62
135
83
90
65
98
57
103
79
24
85
17
54
58
52
6
55
50
9
84
73
96
12
111
10
106
111
89
1
80
85
71
121
117
133
29
107
6
127
120
7
123
135
45
136
27
86
138
96
66
65
51
119
47
23
9
2
110
72
42
21
80
55
20
117
129
69
54
40
17
63
30
44
44
63
45
93
72
102
47
101
69
61
116
60
37
75
96
131
33
82
89
129
104
5
88
132
132
25
101
51
105
20
92
63
