201
100
500
1
790
1397
1708
1548
247
1528
1399
963
1578
811
1449
1902
1425
1238
1531
566
123
1249
1626
638
778
680
1917
1952
274
1356
1950
1556
1490
109
1203
377
63
373
320
1848
19
37
1086
1229
59
1415
1346
457
915
1356
1074
1527
732
666
1485
799
1844
55
1263
458
686
1182
1135
1100
658
1407
492
1691
1092
1699
992
420
824
961
1291
1153
1442
971
1580
1162
1941
1810
1920
97
2004
512
267
981
621
1439
1857
207
1321
1506
1923
1578
1303
1914
1727
566
1477
105
1018
932
1203
870
1558
196
972
716
1566
2000
1704
1449
625
1610
1555
372
1115
1315
422
78
709
1612
236
571
691
1191
318
160
865
535
30
476
348
419
1583
1010
488
1954
1166
155
32
1357
1959
1638
485
1838
903
1205
1800
1622
311
296
1110
1779
38
631
1177
1636
213
302
1769
1842
575
19
292
1570
792
249
161
1294
284
133
1188
23
1225
1724
1824
477
904
329
783
1096
1902
1706
105
1094
605
335
444
528
149
1483
1113
112
337
1529
1014
939
453
723
1617
