250
50
90
82
50
75
89
55
61
94
82
72
59
90
61
85
59
65
76
51
77
61
54
57
54
84
61
51
69
63
95
50
55
70
75
62
65
65
84
65
96
87
99
62
55
70
94
58
79
87
76
56
57
57
59
96
82
73
83
53
67
50
64
60
80
67
66
56
53
70
54
55
62
64
80
55
88
55
63
95
59
86
79
53
84
76
55
96
96
69
76
93
52
98
87
85
88
92
94
85
79
69
63
65
91
64
69
93
68
74
53
99
59
61
90
83
74
81
55
86
68
73
74
77
81
69
86
93
82
90
75
51
76
51
52
95
60
51
87
65
57
71
99
85
69
98
67
99
83
75
62
70
62
59
68
51
53
86
98
76
66
84
93
71
70
52
70
93
58
60
71
93
56
61
97
83
65
87
92
81
83
51
54
69
96
57
88
86
98
71
69
56
55
87
68
99
99
58
65
82
99
60
53
66
98
65
82
80
97
65
93
58
65
84
51
81
87
75
55
58
51
86
55
81
68
78
66
87
56
66
62
81
60
66
61
80
98
60
62
90
72
59
67
74
76
71
88
56
86
75
53
63
