240
80
156
88
122
132
137
114
104
145
149
138
94
126
116
150
159
127
89
116
135
84
88
110
124
109
85
120
109
124
94
150
159
111
98
155
96
132
138
134
159
87
103
136
108
88
82
152
99
139
112
97
152
135
84
93
113
109
132
87
116
132
83
147
114
98
87
140
103
148
99
117
114
110
113
91
96
142
128
112
136
102
144
139
105
118
124
138
150
141
143
159
123
158
110
123
88
82
98
147
107
82
132
95
135
88
125
81
102
109
118
112
147
157
135
147
107
129
158
80
117
120
103
107
139
133
97
86
80
111
148
85
156
152
140
92
136
99
121
125
94
152
110
149
82
121
87
83
80
104
153
105
113
153
154
105
108
121
139
157
84
139
122
147
111
146
97
101
90
114
137
134
83
122
112
102
92
139
126
98
108
90
110
111
129
134
87
129
153
111
126
86
112
85
92
86
158
108
139
139
131
142
90
138
146
131
128
137
112
109
132
156
138
125
94
145
93
113
101
156
85
127
138
125
117
101
93
83
145
100
151
145
102
151
85
116
126
134
146
113
81
109
