210
70
102
100
105
100
104
103
95
98
97
98
99
98
97
99
97
101
104
105
102
100
99
105
103
103
102
100
95
100
105
102
99
102
105
102
105
103
100
105
102
104
104
102
101
95
105
95
97
95
102
95
105
95
105
102
105
101
105
97
95
104
102
98
101
95
101
98
96
100
105
96
99
99
102
95
103
100
98
98
103
98
105
97
100
101
95
97
101
104
95
97
99
103
97
95
97
105
102
101
98
96
97
99
97
103
102
104
95
105
98
104
96
99
100
96
96
103
102
103
99
97
103
104
101
102
95
102
97
101
98
98
103
96
100
99
98
98
102
100
95
101
103
98
97
104
104
104
100
102
95
96
97
100
98
104
100
102
96
98
97
97
100
103
100
98
96
98
103
98
104
104
95
95
97
97
95
105
97
99
101
97
105
104
103
100
98
101
104
102
99
102
97
102
103
100
103
103
103
99
103
96
95
103
98
99
96
101
99
95
98
101
