600
60
2094
5293
5364
3093
5135
1765
4215
5937
3572
4050
5555
4870
767
746
484
20
5846
1797
3273
3944
2179
96
5801
3651
2215
257
4205
1636
853
3904
2284
503
4869
2013
3475
120
4290
1221
348
3525
821
3058
4350
3134
168
4019
4396
884
3328
4008
2144
3550
4372
207
1660
3777
3206
2325
3617
4318
4647
3739
2108
3249
3495
3478
2294
634
1210
985
5765
1376
706
3458
3444
4950
4094
5154
1470
5459
2075
1437
5435
5701
2006
430
1352
3426
3240
3991
250
3399
1773
1396
4499
5628
1715
1122
2570
4243
3243
2129
2468
3502
3265
5505
1624
3194
4968
2479
3496
2296
1987
5446
4684
346
3990
1968
3989
5876
3275
4146
4422
4353
31
1247
5584
2826
5536
4032
4958
4393
508
5103
3809
5992
5059
1032
3633
1671
4798
3402
3001
1920
133
5611
264
5299
2052
2999
5263
3662
971
3473
3383
5717
5322
5751
5943
2766
3744
5924
38
2482
4216
356
872
5901
2848
4748
988
1705
1540
1724
2627
4525
2235
4290
3194
1649
4291
1439
5340
3870
1788
3760
5272
482
2156
1054
5101
4807
2450
1088
1942
4749
5483
1768
2373
2851
2921
4889
5299
2106
4271
3786
3656
4504
5828
4137
319
5877
3386
355
1610
4968
3240
3693
620
1921
3636
184
3675
2760
1865
373
1887
3428
1938
2659
3348
2127
419
355
3280
2571
2996
1076
1953
1191
2731
3215
4463
3440
5586
4969
3821
1516
4563
2834
1971
4020
1586
3900
5602
1732
3911
2559
3299
1366
2199
636
2259
722
1873
3537
5901
4058
4639
127
688
4015
2357
1955
3802
4369
39
986
1453
5081
974
1685
2329
1263
1052
5505
3022
2849
5302
4822
1206
3526
3004
2198
5869
1723
5944
3262
1242
5828
1135
1691
3611
5181
3485
5123
3638
5514
5901
5819
3971
1467
793
3293
1765
4798
5830
5250
847
2927
4179
4699
4567
2883
1038
1655
3712
4761
1136
3883
1997
5235
5074
3879
4428
2176
3794
2915
2619
2056
4463
510
5673
1897
3587
4594
5703
4207
2746
105
3172
3688
4435
3106
448
4645
3112
2151
2866
4859
5210
2409
3690
133
452
5828
2592
1807
4048
1348
3109
619
1683
2143
4780
5696
5380
2783
5402
102
1236
248
4298
1766
2578
3538
928
1139
3497
159
1337
5725
4919
3370
343
5139
3684
3867
145
219
1663
1850
180
292
3718
5570
1393
5552
4724
1638
5144
774
3595
470
2566
4914
5571
2921
743
1946
1589
4909
2277
1115
1634
1690
1881
2906
2644
3833
921
4004
2099
4373
905
5407
1808
5052
1215
895
5517
705
5555
3305
3887
1431
3843
5616
3015
2059
5047
3464
4418
1185
2892
2831
5522
5934
2472
5172
1132
3684
5186
3234
5107
3724
808
3569
1622
5009
1664
3589
1493
2257
3592
254
929
1365
4938
4511
1603
4653
4406
4719
3505
1859
4579
4072
423
158
3696
3222
476
5773
2940
1130
839
1506
4877
363
1687
5183
5545
308
836
3931
1227
5375
377
4129
1346
2321
5141
3375
2272
2548
620
3204
5813
188
5215
3095
4446
791
389
3397
5866
5947
3373
4753
567
5681
1527
853
2372
2165
4632
4386
552
3786
3846
5130
2577
5032
4248
4726
3488
1957
5110
4270
5284
2468
100
3538
2554
597
1481
4163
813
4435
3233
4196
811
1546
4153
5966
787
5250
3498
529
2363
4414
516
2438
657
652
2007
4869
5295
4971
1978
3546
2822
5104
3320
2132
3061
4675
3314
1373
764
5186
2683
1020
4083
2954
3782
1216
5297
4187
