200
20
6
10
1
2
18
32
15
9
31
19
17
31
28
26
21
34
6
10
23
8
20
34
17
3
3
8
19
3
31
10
8
14
3
3
31
5
31
38
39
23
17
23
39
23
11
2
21
11
30
7
29
6
9
28
2
12
39
13
13
3
13
33
12
28
25
3
21
21
32
33
39
11
8
2
31
18
11
14
36
35
13
27
13
2
29
37
30
24
38
22
33
10
21
22
37
34
37
2
3
6
39
12
12
12
35
17
7
8
35
29
27
2
16
32
9
7
34
32
4
20
38
16
9
28
27
21
32
23
38
5
28
20
15
19
32
2
30
16
1
35
10
35
25
30
16
32
7
24
20
18
11
38
26
6
34
17
25
26
5
39
28
37
15
39
39
34
1
2
26
23
17
6
8
25
11
16
11
17
13
11
32
10
19
30
28
1
10
5
25
12
15
29
17
21
25
11
38
38
36
17
