200
20
30
33
39
28
28
38
35
38
22
32
35
30
23
39
21
30
39
36
26
36
31
26
38
30
38
22
37
35
29
25
30
21
26
26
39
32
28
35
21
28
39
27
23
21
25
20
32
22
38
30
23
32
27
39
23
35
36
20
35
26
36
33
37
38
24
36
23
39
39
30
38
28
25
29
20
36
35
27
33
34
39
28
26
34
38
37
39
28
27
24
28
38
36
22
22
37
27
34
39
30
35
36
25
34
29
30
28
39
20
38
32
39
29
26
27
23
36
23
22
27
29
35
33
39
30
20
22
22
27
28
30
29
21
21
24
32
26
31
31
31
38
37
23
24
36
20
26
39
35
33
39
21
32
28
29
31
29
22
38
30
39
36
22
20
34
37
26
35
36
22
32
32
27
34
34
29
32
37
32
32
30
24
30
23
27
24
37
33
35
22
29
23
30
36
28
31
36
36
36
25
