450
90
103
161
95
160
100
90
119
108
156
178
159
123
95
102
143
107
125
118
124
156
123
145
99
114
165
111
147
107
137
139
148
126
119
150
119
142
152
165
148
134
177
112
141
128
94
105
104
125
133
163
152
115
160
163
112
169
120
141
165
112
111
148
147
127
124
117
121
146
134
161
149
170
104
146
142
164
169
146
179
174
171
142
166
143
102
146
173
97
124
95
97
94
127
137
94
178
131
130
170
151
97
140
140
177
91
113
164
164
115
175
100
121
112
92
148
160
93
162
92
92
166
94
168
158
116
115
103
138
164
124
104
131
163
146
99
93
160
173
162
170
95
164
109
149
110
124
126
111
153
99
105
131
151
106
161
142
158
156
112
169
136
152
159
90
122
157
118
118
178
112
102
151
168
111
142
140
155
94
174
173
135
163
176
92
143
157
153
110
124
148
119
128
145
132
142
176
144
112
98
148
164
106
146
175
174
176
95
139
110
141
123
118
132
97
175
97
133
143
124
93
177
145
108
146
104
169
132
90
149
174
179
165
139
149
164
108
132
143
138
110
170
175
122
96
170
141
93
129
160
95
146
96
171
125
146
147
144
139
90
122
120
154
156
133
169
91
103
115
144
177
133
177
106
179
172
172
165
133
169
115
173
106
106
155
100
161
94
153
112
166
151
165
167
102
120
150
172
90
96
122
162
142
177
113
150
172
93
115
170
103
141
151
153
176
149
141
155
158
127
111
173
163
118
103
117
147
175
94
163
142
90
113
172
100
154
115
98
179
179
163
102
142
97
170
156
169
114
137
135
164
128
141
156
129
154
164
111
94
136
114
98
127
96
115
122
132
157
158
107
168
104
171
145
90
163
109
150
131
146
105
135
171
142
92
114
160
151
173
154
132
90
95
105
118
172
143
138
142
178
129
140
157
174
107
107
130
120
122
126
178
176
100
139
172
166
96
97
116
170
172
109
118
90
113
131
102
155
164
103
176
99
146
108
172
122
95
106
138
132
147
131
174
101
105
105
108
136
129
136
132
