1000
100
148
38
197
132
98
163
101
128
88
79
119
105
69
173
182
42
54
172
49
90
27
125
188
160
186
24
179
187
100
50
42
59
147
79
163
133
92
162
85
199
123
64
82
195
160
154
127
192
159
6
164
193
190
96
181
90
2
143
165
99
129
136
188
61
91
78
94
164
57
43
178
5
81
146
125
22
148
139
36
2
126
178
68
76
59
21
147
152
142
136
160
117
81
187
90
7
101
140
59
78
165
12
169
80
62
140
135
121
134
192
198
188
90
113
111
164
40
97
90
95
173
197
127
99
104
57
152
103
89
82
166
57
142
11
186
7
72
87
167
35
24
134
189
186
53
195
39
89
87
81
172
53
147
35
194
149
114
35
127
102
147
123
85
50
149
47
179
131
26
105
115
134
145
145
16
159
125
73
88
30
3
174
118
82
111
30
131
190
75
44
170
132
52
176
141
191
63
137
160
113
20
25
79
70
121
160
41
101
125
130
80
73
95
59
46
145
186
107
122
16
173
158
126
125
106
91
120
73
165
15
196
72
64
80
12
37
152
168
30
170
4
173
188
103
23
135
162
159
52
109
14
172
159
121
54
74
48
115
43
173
109
84
89
25
129
155
58
173
34
7
15
57
21
2
83
99
167
94
160
52
150
34
137
13
113
55
192
92
95
151
17
110
164
59
157
179
179
143
109
64
184
133
188
126
54
75
91
17
170
14
153
37
158
59
149
159
71
105
38
63
34
46
151
135
2
106
15
62
6
48
20
68
36
16
115
186
18
16
38
26
186
108
105
153
191
146
174
24
196
32
161
53
92
112
7
65
1
106
16
79
82
178
116
198
60
158
172
91
81
95
148
195
161
102
81
87
119
165
81
8
93
164
158
101
185
62
117
140
93
129
50
137
90
180
42
104
27
179
98
139
5
90
167
56
122
175
104
95
182
11
112
67
131
124
114
25
160
187
181
39
4
156
140
192
30
97
61
84
128
17
46
139
30
186
158
93
47
121
15
54
39
24
180
8
73
124
176
149
21
14
99
134
155
124
71
152
69
158
27
120
77
173
175
3
96
79
96
7
14
160
53
39
1
18
52
8
100
153
163
192
99
30
44
164
60
188
35
96
13
164
47
115
184
31
70
53
149
172
193
38
80
155
52
27
69
32
148
35
136
112
95
53
71
190
38
116
60
124
67
170
86
114
130
71
162
6
71
105
58
1
40
154
142
151
149
145
145
185
83
80
105
69
46
110
120
37
149
195
150
14
195
9
31
97
118
117
131
170
189
28
14
88
138
5
17
184
119
113
36
6
65
12
89
119
104
79
145
10
128
184
129
115
126
13
142
100
28
158
154
121
56
129
3
42
175
57
2
26
48
154
168
53
29
193
33
16
74
103
116
60
3
115
108
2
173
100
199
17
160
184
138
54
135
112
33
53
85
94
21
88
88
16
9
141
5
199
15
162
139
36
83
60
3
163
40
184
97
47
66
161
136
55
81
75
142
142
33
41
68
130
5
154
28
160
81
33
114
152
95
35
196
17
39
194
188
192
148
110
141
12
198
108
71
161
130
186
40
194
162
57
168
182
148
83
191
34
144
98
153
89
172
34
191
9
125
154
17
48
42
181
1
54
104
129
53
192
176
151
130
20
18
126
68
64
128
42
114
96
48
102
88
170
19
120
12
112
80
113
78
59
49
60
72
118
36
166
147
151
106
17
5
197
161
40
61
137
48
50
72
72
101
170
84
58
64
27
30
119
44
153
182
3
113
43
121
148
90
184
36
69
196
154
136
99
49
47
10
160
39
89
169
60
113
63
61
164
80
10
35
128
21
99
96
76
34
167
72
66
135
163
89
137
84
36
79
127
169
177
156
188
141
85
119
5
145
190
172
11
173
114
46
48
107
11
112
72
199
141
150
19
24
72
47
74
76
67
23
141
139
111
41
197
116
82
158
61
65
11
66
146
28
133
173
172
156
78
194
63
10
36
193
132
156
109
26
63
167
194
9
186
156
47
64
68
79
169
145
23
60
104
59
62
119
40
160
167
46
142
47
161
15
97
91
134
27
100
102
176
38
7
64
26
26
78
180
70
72
37
190
45
27
158
135
59
123
68
100
92
69
112
149
175
11
24
35
98
18
27
23
3
20
151
104
46
184
100
38
98
140
172
168
146
113
169
121
150
128
44
196
4
130
68
2
123
134
55
189
107
35
71
100
70
32
15
61
181
124
145
5
109
93
55
32
65
119
55
67
133
69
162
127
51
58
13
76
73
122
141
51
17
