161
80
89
146
126
87
156
80
124
158
133
158
120
93
89
104
138
155
141
117
118
86
158
157
153
123
142
153
84
80
151
132
98
101
127
101
139
120
155
90
122
80
138
146
103
95
123
124
119
136
82
130
97
147
144
95
155
116
118
120
121
97
135
98
83
82
143
86
113
108
107
121
116
106
142
109
129
158
127
115
158
112
129
107
102
117
124
113
90
107
137
142
126
158
159
129
117
108
151
135
97
140
138
109
151
111
125
93
104
111
125
116
154
112
95
86
153
137
117
82
126
103
151
83
154
127
141
123
128
115
159
106
135
140
107
106
87
116
135
159
110
129
158
146
116
136
157
119
147
114
99
135
84
94
93
118
159
92
116
98
115
111
92
