600
40
100
101
96
103
105
95
99
102
104
104
104
102
97
102
100
105
102
97
97
98
101
105
101
104
101
102
99
97
96
101
95
101
95
97
98
104
99
103
103
98
96
104
102
105
101
105
97
105
95
103
97
96
104
96
96
102
101
105
101
104
105
104
98
99
104
96
95
105
98
101
100
102
99
103
105
95
97
105
97
102
100
101
104
95
96
96
95
98
95
100
104
97
105
103
104
99
103
98
104
95
96
96
100
97
103
104
95
95
103
98
97
103
101
96
96
105
105
95
97
96
101
101
96
100
95
100
98
99
103
100
102
103
99
96
99
100
96
102
97
105
96
99
99
100
96
102
99
98
100
95
100
99
102
99
104
100
98
102
105
104
105
98
98
105
103
100
98
99
105
99
104
100
96
103
105
99
104
97
102
101
104
97
100
104
97
104
103
95
99
99
97
100
104
95
97
105
97
104
97
101
101
98
98
103
95
105
100
101
99
96
101
105
97
99
103
105
103
96
105
98
99
100
96
99
98
100
96
101
97
105
101
98
96
102
100
95
97
101
98
98
98
103
104
102
98
105
105
102
99
105
99
105
103
95
102
96
103
103
103
100
101
100
105
95
99
96
95
96
96
102
95
98
100
97
102
99
98
97
104
99
104
96
97
98
101
98
96
103
99
101
99
102
96
97
103
95
96
97
99
104
97
103
101
102
101
103
104
103
102
103
95
95
103
102
104
103
98
95
96
99
99
103
100
105
105
105
100
98
97
103
95
95
103
104
99
100
105
95
97
99
95
104
105
103
99
99
103
103
96
99
99
102
104
101
105
96
100
99
105
103
104
95
103
96
104
95
101
103
96
95
100
95
99
102
95
96
100
95
99
99
100
96
98
95
101
97
101
99
96
97
102
97
104
98
96
100
103
104
101
97
103
97
96
100
103
104
100
105
96
98
101
104
101
101
98
95
96
99
98
97
104
101
100
105
99
98
103
96
99
102
100
101
97
102
98
95
101
100
105
105
97
102
103
104
103
100
95
95
101
101
95
99
96
105
102
103
100
101
105
95
96
96
103
105
103
100
95
98
105
99
104
100
95
101
97
104
99
97
98
98
98
105
100
99
95
95
104
104
101
98
103
105
96
97
102
101
102
105
99
103
95
102
95
95
101
102
105
102
103
96
103
97
103
96
104
101
101
103
99
97
95
100
103
105
100
105
100
95
100
100
103
97
105
99
97
100
95
104
99
104
103
104
97
95
99
99
97
101
98
98
105
98
97
103
103
100
104
102
97
105
100
98
98
105
101
97
98
97
97
95
101
101
100
105
103
103
97
103
102
100
102
103
102
103
102
102
97
100
98
95
99
103
102
101
101
100
95
104
96
101
