200
20
464
1424
920
880
1424
1807
77
885
209
224
1631
360
1395
150
985
839
1062
830
1927
439
1779
309
689
639
1954
1395
1165
1207
1952
1107
1655
1370
351
853
984
970
48
907
1124
1999
1056
1895
1161
1999
246
1553
1496
1992
48
814
1549
859
1629
1495
929
443
64
1018
330
809
146
81
1577
636
422
1067
1047
1192
227
1831
1002
1421
1934
1832
1815
1853
161
981
725
1673
760
1674
947
897
712
1546
1704
1920
671
904
1319
616
774
1888
1823
597
477
618
1249
1651
296
814
1432
679
921
1232
32
1573
1287
742
1534
707
684
1092
1914
43
1949
1497
1872
1370
86
737
285
1162
996
762
770
1553
358
334
1940
179
342
1612
1284
1588
347
1261
880
200
1494
806
1647
1660
1653
1682
1103
1060
1630
1461
429
1376
567
975
179
1483
1977
1938
279
390
503
190
247
1221
1097
245
1433
728
765
1150
953
161
1932
519
1852
584
1916
1716
1718
1186
1958
1910
1498
1002
929
797
1060
831
601
1556
291
705
896
526
721
1021
179
755
1590
338
