141
70
37
44
214
375
650
956
565
20
36
843
644
409
537
923
1333
327
488
608
444
159
1291
291
880
1295
616
1398
875
862
1079
733
885
399
347
344
505
1379
976
660
864
81
257
873
1259
102
474
335
996
1286
773
980
481
321
160
1140
368
367
1072
1191
626
57
188
81
234
1099
1026
1170
439
887
969
1264
652
371
840
956
600
1156
1345
1153
1169
851
524
485
411
737
1406
634
327
128
986
513
497
158
49
1073
1284
457
1085
611
9
1216
803
1101
653
454
400
332
1338
355
818
97
565
253
831
3
1026
352
363
1246
1155
529
119
1270
1083
217
678
303
730
1125
625
369
919
1221
311
1351
264
457
1126
1063
164
1080
1050
