450
30
57
46
53
24
3
51
36
41
18
38
30
54
55
5
57
2
52
6
12
37
1
15
44
20
44
46
21
38
17
19
10
45
59
59
42
59
24
11
2
9
29
2
20
36
54
5
8
37
49
3
34
6
36
18
18
4
20
35
32
49
58
48
50
8
37
14
35
28
44
59
11
19
2
25
22
26
48
48
20
41
14
38
23
16
39
41
2
7
41
43
15
8
5
49
9
51
50
24
40
3
12
42
57
26
44
30
44
1
14
31
51
42
39
56
43
32
59
2
56
19
7
22
45
14
45
54
46
22
19
24
30
30
54
2
23
1
40
28
11
24
41
51
1
32
27
54
40
25
49
43
17
43
4
17
59
41
47
28
59
1
10
50
5
38
21
29
54
12
26
54
17
28
23
19
56
22
55
39
30
26
53
32
37
39
4
1
58
54
51
22
18
41
12
53
47
11
11
23
9
20
24
23
49
20
56
50
29
39
53
28
31
56
25
15
23
22
39
26
21
33
1
6
56
10
49
32
39
52
42
16
39
56
36
52
23
44
17
58
16
23
43
2
29
10
47
8
5
43
29
25
36
37
49
32
39
4
47
32
44
55
35
53
6
4
10
30
28
47
49
59
44
26
36
23
2
6
15
27
22
20
21
5
29
16
33
58
15
51
53
38
40
34
18
21
10
59
5
48
31
28
31
6
4
20
39
56
6
58
10
29
40
17
17
29
37
1
45
2
46
11
57
40
45
2
54
28
27
48
6
46
30
35
52
57
16
35
8
59
53
49
25
12
17
10
23
52
8
16
14
25
5
36
50
58
17
35
41
10
11
5
2
32
55
45
26
22
7
24
24
51
56
7
27
11
37
29
55
2
21
9
1
6
13
1
6
22
1
19
29
58
32
39
9
16
1
2
28
6
16
21
3
14
48
29
3
28
55
34
12
9
24
17
17
26
16
19
42
8
22
5
21
47
18
42
5
3
8
3
8
23
59
41
39
15
18
52
16
16
6
49
56
34
44
47
4
37
37
37
36
53
