450
30
56
33
49
33
31
34
45
36
58
42
51
52
45
49
37
33
57
49
37
40
50
34
43
35
45
56
38
36
41
48
53
41
32
48
54
41
45
55
47
41
33
34
43
53
38
37
43
57
47
40
54
56
36
31
51
52
51
46
56
39
55
41
45
58
53
50
50
42
34
51
52
50
54
35
51
32
34
39
48
46
56
52
55
47
43
39
39
45
43
33
31
55
58
54
30
59
46
55
41
56
32
47
45
57
30
31
52
46
31
39
41
43
48
45
50
33
36
59
41
52
59
35
58
56
45
44
49
58
30
45
50
39
55
31
52
56
44
37
33
57
44
40
53
30
34
36
43
41
44
51
57
52
42
56
47
55
37
44
30
53
48
53
33
38
38
45
54
57
41
35
55
47
54
36
33
54
48
31
53
38
42
45
32
31
31
52
31
43
51
45
30
53
33
33
31
59
42
40
56
30
31
41
57
53
42
35
44
58
59
56
40
52
30
52
56
34
48
50
48
52
35
56
38
57
45
50
51
45
39
55
56
39
56
37
44
43
43
41
40
45
59
32
35
55
53
33
49
32
41
42
37
43
35
35
42
35
48
40
35
57
31
58
47
41
48
54
45
55
53
33
55
44
54
53
56
31
56
43
42
52
59
43
49
33
47
55
34
44
55
43
34
58
36
45
38
46
41
52
56
49
59
37
30
57
53
47
43
51
48
50
36
30
59
59
53
40
46
48
50
36
46
42
54
32
49
59
48
34
42
46
59
47
34
41
49
34
37
54
34
33
47
47
35
42
52
31
54
57
49
42
38
50
48
58
38
53
48
43
42
37
43
47
36
40
59
53
57
47
32
54
53
47
59
44
34
30
53
31
44
47
44
30
47
34
44
44
48
37
52
38
39
47
32
57
49
49
41
39
30
32
39
30
48
44
46
34
49
39
52
45
52
56
49
49
35
32
52
46
46
36
50
40
52
52
41
35
40
49
47
45
55
36
57
32
36
47
56
58
49
45
46
50
57
48
30
41
47
52
36
30
