600
60
75
80
55
78
91
47
70
36
50
2
7
64
32
100
101
1
47
108
42
33
69
9
79
69
64
43
81
76
95
117
76
15
73
92
27
24
36
111
92
41
63
99
31
71
8
2
64
53
105
112
6
66
66
40
79
29
66
94
26
102
48
113
30
53
95
114
32
57
54
95
113
50
91
26
86
14
71
71
33
72
109
45
65
77
89
21
3
77
17
32
108
50
45
72
49
103
18
28
99
16
103
7
82
62
115
23
44
35
31
36
116
2
116
74
21
16
50
48
88
6
2
18
54
101
59
48
59
101
15
42
33
3
95
52
57
73
24
54
27
33
10
71
107
88
13
86
103
52
78
96
92
106
104
35
45
65
9
72
43
88
98
95
58
79
87
70
117
60
33
60
15
57
78
42
78
7
115
85
22
18
35
96
68
108
119
118
39
18
66
11
89
72
65
12
26
45
84
20
35
92
94
16
91
85
59
46
82
88
55
41
76
39
39
48
111
79
88
70
113
112
86
5
119
24
13
83
4
26
110
59
100
48
17
74
88
119
28
62
11
55
83
28
7
31
93
55
44
87
78
63
49
60
29
84
66
32
16
90
53
111
103
85
45
74
38
78
110
7
57
100
114
41
38
86
55
87
42
86
62
31
10
89
38
9
26
43
3
101
55
50
115
94
1
49
97
50
80
51
9
36
60
33
65
115
74
5
95
13
22
112
74
2
78
41
97
5
116
2
32
95
98
77
51
71
43
34
84
34
63
13
17
59
33
110
25
81
48
44
60
95
30
109
107
73
100
40
73
18
92
39
13
41
21
46
5
49
1
51
60
77
115
73
110
34
91
100
110
4
47
58
8
37
30
29
64
27
102
118
35
75
118
118
51
17
92
114
44
62
69
41
80
77
9
41
51
11
54
79
67
19
10
68
109
114
56
114
28
56
55
95
2
62
12
79
44
61
82
69
41
7
71
26
32
16
72
18
43
32
68
112
47
77
99
64
101
45
2
97
7
58
28
36
84
104
62
89
25
4
106
51
45
68
25
91
82
44
76
5
62
23
49
60
85
63
72
17
67
3
24
110
84
28
88
9
85
101
109
57
90
81
119
65
62
98
32
64
28
105
60
46
42
42
44
88
82
84
36
90
52
101
2
8
86
113
27
77
66
18
50
62
89
69
38
115
25
34
47
72
7
2
88
22
16
69
99
105
48
70
54
59
23
117
13
11
66
80
13
28
53
19
48
14
72
30
1
18
117
84
5
18
56
58
92
63
79
7
23
50
78
76
64
3
104
98
97
92
93
45
15
78
107
107
105
20
78
27
74
81
64
115
72
81
106
59
56
75
28
76
41
14
1
84
96
34
46
110
1
83
64
21
