180
60
1600
596
67
130
240
460
1638
532
1529
704
1452
913
124
1480
911
1348
1617
1571
559
199
1195
288
320
1667
1359
226
1048
1459
1071
1611
1099
897
1481
269
27
869
1555
613
1574
1784
195
106
702
270
1213
251
1772
1435
367
261
1745
1772
1496
118
766
1261
925
1276
1356
1253
538
1712
297
1194
3
265
1606
1457
54
791
646
1269
1537
628
390
63
1684
733
1496
1485
1248
801
700
372
410
1286
836
615
1372
1368
197
406
1127
1758
481
358
566
1562
689
1292
431
1605
1476
1535
176
459
1229
284
1731
213
833
1544
356
1672
984
917
968
733
335
35
1119
1063
710
1777
635
998
1383
1287
83
1122
906
1638
570
478
541
120
492
563
447
858
1554
964
644
1781
492
583
436
1179
933
1525
1559
705
1240
1644
81
616
1659
1613
620
1760
1655
1207
1609
503
720
1253
879
82
430
861
1383
584
508
246
1686
219
1566
560
1051
152
