210
70
58
52
87
69
40
84
96
57
53
52
62
15
27
99
68
51
24
37
87
75
80
91
36
1
70
55
94
98
41
5
72
44
10
88
93
82
34
69
30
28
94
18
56
85
52
70
87
60
24
70
12
41
45
31
18
10
81
60
39
6
71
62
13
35
39
83
95
60
54
29
37
98
42
33
91
1
82
20
80
78
85
46
98
23
36
93
2
48
49
99
14
72
8
78
84
24
54
89
12
40
73
34
79
93
75
58
50
34
67
43
56
82
61
51
10
65
48
28
81
79
1
51
85
91
84
29
36
5
47
68
36
88
42
46
38
10
15
74
76
77
82
26
22
34
94
89
33
100
73
49
74
76
54
81
19
83
30
74
97
43
50
96
49
10
95
19
99
100
8
43
43
48
85
47
57
32
62
72
21
86
54
88
41
30
88
39
12
76
81
71
18
37
58
3
41
50
97
3
22
70
65
9
30
63
82
29
98
18
22
7
