240
80
136
84
105
153
148
110
138
106
128
100
113
106
147
105
96
118
95
89
123
82
80
88
125
90
134
113
84
113
90
85
85
156
148
126
117
155
124
117
122
131
90
91
87
81
84
90
156
149
123
108
81
93
114
94
154
124
155
126
118
90
152
156
111
151
87
156
132
114
110
102
95
88
102
129
105
145
106
123
129
152
110
159
87
140
115
92
93
139
154
118
156
130
131
122
106
90
121
159
150
142
91
153
105
135
96
147
103
107
91
141
81
156
112
89
91
89
82
109
145
107
140
132
96
154
94
153
88
124
111
94
95
132
133
108
144
92
139
157
149
104
128
129
127
148
141
98
128
92
105
152
111
139
148
109
87
94
110
104
136
84
104
84
126
150
156
136
123
120
155
119
100
131
145
154
135
159
157
107
139
148
125
132
101
85
142
145
88
118
84
142
95
145
152
89
147
83
87
97
117
149
127
144
113
136
93
144
97
158
141
153
107
151
131
125
154
104
94
89
158
159
135
154
114
134
119
109
87
83
93
101
154
142
153
88
122
107
156
98
141
100
