450
90
98
102
104
105
99
101
100
103
100
96
97
97
103
104
103
99
101
100
98
95
104
97
96
101
102
102
95
99
97
99
101
102
99
102
103
102
104
98
99
102
95
97
97
95
97
99
99
103
103
100
99
101
103
101
101
99
96
100
103
97
96
97
103
96
100
97
100
103
98
96
95
103
97
105
98
95
98
103
95
103
96
97
102
95
98
102
96
96
97
101
101
100
104
103
105
105
96
97
104
98
103
99
101
95
96
101
102
105
96
102
96
95
99
105
103
97
101
100
103
96
104
105
97
103
97
97
103
104
97
103
98
97
100
103
104
102
100
102
102
105
97
105
98
100
95
98
95
103
99
100
101
103
105
95
104
96
102
104
95
103
97
95
104
104
101
105
100
95
103
97
98
95
105
100
103
102
101
103
100
96
100
95
98
104
96
102
96
95
95
95
95
95
97
99
97
99
99
97
99
99
99
95
103
105
104
100
103
105
101
100
101
105
104
99
100
100
96
105
95
101
100
98
96
101
105
96
100
98
98
95
98
98
105
105
96
101
102
105
98
98
97
97
101
95
103
105
99
105
100
99
95
98
99
104
95
101
99
96
95
101
102
103
105
98
96
103
101
95
104
100
104
100
103
99
103
96
102
103
95
100
97
95
99
95
97
96
96
100
95
101
105
102
105
96
99
97
102
102
101
102
97
101
102
105
103
95
105
96
98
96
105
96
105
99
105
98
105
95
103
100
105
101
100
100
99
100
98
99
101
95
102
99
100
104
95
95
105
102
103
97
103
105
99
98
101
95
100
100
98
104
105
98
99
97
97
96
99
95
96
99
96
102
98
99
102
105
103
102
103
101
100
104
103
101
100
97
101
95
103
102
103
96
100
104
103
97
99
102
96
101
98
101
101
105
100
95
105
99
104
97
100
96
105
101
97
105
98
97
103
95
100
104
104
96
96
95
96
104
97
97
98
100
100
99
101
97
102
105
104
103
97
105
102
96
102
97
95
96
104
105
101
103
95
102
103
105
98
99
102
103
