200
40
1071
275
1927
659
934
760
345
14
1345
142
1851
1617
632
1393
1018
1556
744
70
409
566
408
1290
1665
75
1852
1828
1355
5
936
999
822
936
1242
162
447
1371
893
979
1818
1147
1995
1426
73
1232
963
268
840
365
415
667
1500
479
978
509
1590
415
638
421
803
1809
1008
735
1520
1790
413
1281
1794
479
389
1394
1004
1175
1688
1711
1828
1192
1389
429
983
1624
1631
415
1878
650
77
679
575
1540
124
1597
491
1771
475
468
1235
1928
1481
1443
1472
266
240
804
1323
899
866
1304
1087
633
1375
554
1414
276
213
281
79
1143
243
1829
1717
783
1634
70
1582
351
74
9
1224
674
1415
1210
1360
1736
1123
1950
143
166
192
538
651
746
1146
1908
1132
150
443
1908
1020
1701
456
1904
1656
1932
323
537
950
1559
755
547
645
585
1533
96
1499
1601
1807
1575
5
449
1172
1650
316
685
1395
1466
1593
152
1774
1377
263
649
683
378
110
438
426
668
1944
1587
1372
248
1389
646
1723
1509
1158
1193
524
456
1082
748
