200
20
23
5
79
99
45
7
65
43
35
50
77
6
79
63
43
12
2
34
15
39
24
27
34
71
12
90
55
97
48
43
8
83
32
46
72
78
58
30
39
60
100
67
68
36
73
40
12
9
65
51
69
49
27
2
95
59
22
92
80
80
69
99
75
39
79
68
68
66
20
92
21
83
61
95
100
50
67
16
49
90
82
54
47
33
47
89
10
25
59
77
70
79
100
22
7
8
52
59
55
60
37
33
68
57
30
74
4
88
9
100
69
88
1
100
73
52
24
95
95
35
11
32
20
55
91
71
33
86
73
7
41
53
6
27
70
80
61
92
99
39
33
88
94
26
37
80
66
55
83
59
29
89
49
80
2
93
54
2
22
52
43
99
63
53
19
48
44
54
77
88
62
70
64
90
27
29
39
87
39
90
4
27
47
4
34
22
7
27
31
100
2
49
58
26
17
38
38
2
94
36
