240
80
40
58
5
43
28
69
69
13
27
100
93
39
56
89
1
14
59
41
88
94
35
35
71
13
88
20
51
49
40
34
26
2
24
56
54
50
31
53
47
2
76
29
78
71
95
87
11
72
33
8
69
56
48
50
28
10
82
5
84
18
100
70
53
86
25
9
96
73
66
50
85
36
75
59
84
39
54
8
72
62
10
4
95
35
62
70
89
36
13
100
5
77
59
90
68
82
19
73
70
21
33
35
4
98
12
61
50
91
20
61
37
64
13
76
84
37
41
93
66
22
66
42
2
74
80
9
78
77
66
10
22
14
11
21
42
84
42
93
5
51
6
23
80
15
69
86
17
88
92
44
39
34
4
40
100
27
25
69
27
5
86
73
83
50
78
62
62
88
78
19
28
83
4
25
9
68
77
83
69
65
96
70
88
62
99
92
62
82
88
25
22
66
18
84
29
55
85
28
15
34
34
8
81
82
60
60
85
10
28
95
25
52
7
84
1
88
21
22
63
54
98
33
95
30
62
88
95
69
68
76
73
25
79
26
2
75
38
16
67
14
