141
70
100
98
101
100
95
100
104
102
103
104
105
96
103
103
95
98
104
99
96
100
97
101
105
98
97
102
102
103
95
101
98
105
100
95
97
100
98
102
99
101
100
99
100
99
96
104
101
102
96
95
102
101
98
98
99
102
98
102
96
105
96
104
102
105
96
100
95
102
105
103
96
105
96
102
99
99
102
96
97
99
95
95
102
102
96
99
95
99
99
98
99
99
97
105
105
95
101
97
105
101
98
101
102
101
99
105
103
100
97
98
100
105
104
95
104
103
97
101
103
101
100
95
99
101
99
98
105
98
95
101
105
104
103
102
95
98
101
95
97
102
95
