300
60
442
1760
258
2107
1634
979
28
648
2711
1296
1155
2048
490
2972
2069
161
2834
2176
752
2605
1388
665
1927
98
194
644
828
1897
2152
2129
2718
2590
1833
12
760
858
320
1244
725
1319
1633
564
36
2329
13
1886
824
2911
1132
198
1330
1369
686
88
1427
704
579
1008
1709
1341
2217
2456
284
2848
2439
90
2884
2429
492
2109
999
733
2648
2798
720
676
544
2739
2174
676
2720
2276
1209
2512
2947
1851
2265
1035
849
2448
2657
511
2248
1933
1647
1251
2845
1956
920
2172
1139
2350
1077
2031
1472
376
1828
1105
2350
1425
830
1185
2532
1964
1917
2115
853
1905
2075
1780
2579
2288
2874
227
2889
483
1431
1916
1232
1312
2560
2895
676
2530
616
891
203
800
1342
2742
1827
1745
2197
824
2650
607
1633
1738
810
2550
822
2357
1204
1941
2670
2438
1300
2354
2209
827
1938
536
2093
244
783
609
2303
758
750
2060
561
2399
1709
746
620
570
1148
1489
804
2528
1453
614
2556
1198
1792
1732
180
1597
137
1620
1604
2526
2613
1200
2014
144
337
1335
979
2736
572
720
1837
2852
160
1067
201
691
2037
1028
2852
799
641
2670
2464
2384
2923
2470
484
2423
566
2511
394
2010
589
118
2970
1764
759
2396
2969
192
1864
2926
2216
497
934
2785
922
277
2249
749
153
1026
152
879
1128
928
1140
889
2155
1032
2788
2474
16
1841
2451
2923
1350
2525
307
1336
2117
166
714
562
1374
329
1646
208
500
2245
539
356
184
2932
2463
2039
2458
1472
2591
613
2092
206
767
1730
1131
2402
2655
1708
1838
343
2082
2949
2150
490
823
751
1517
2704
