300
60
100
20
103
73
11
47
109
28
110
12
54
10
27
43
35
114
81
107
20
90
46
49
41
83
118
35
103
1
91
31
14
86
38
79
24
39
115
104
43
103
41
100
115
21
105
116
96
2
38
34
70
46
43
109
116
75
108
6
102
46
86
38
107
91
16
75
24
4
69
41
116
114
54
98
76
96
8
55
112
110
13
25
88
54
78
60
65
68
99
2
45
100
53
20
94
107
21
57
69
64
30
103
73
102
2
37
41
28
16
72
12
110
60
119
69
18
97
32
7
64
36
54
5
38
82
26
63
64
62
56
52
78
15
34
90
50
117
72
50
6
57
1
45
78
117
1
34
91
77
84
9
13
23
56
99
1
81
36
81
37
12
31
64
36
43
26
30
60
42
103
1
90
45
70
12
81
55
100
55
12
59
92
34
89
62
99
25
21
105
21
41
9
107
27
38
9
45
66
64
71
100
64
80
40
107
59
74
52
60
100
112
90
5
46
98
74
113
42
23
105
14
11
6
84
66
90
111
48
119
51
87
45
85
81
48
27
28
81
46
73
55
20
32
64
101
10
83
69
87
5
81
42
59
76
81
53
99
39
37
87
33
24
38
21
25
11
72
38
59
98
20
33
117
88
68
111
51
41
50
70
73
64
103
24
76
62
19
30
42
38
26
94
31
7
64
91
8
35
91
84
