900
60
66
8
83
26
66
51
94
68
14
25
38
90
96
45
8
83
99
92
27
31
84
99
71
45
21
67
84
39
72
9
70
7
55
47
85
27
19
54
69
68
27
61
88
63
59
44
78
20
54
70
66
66
16
75
35
74
23
73
27
72
12
83
44
17
35
70
51
43
31
97
9
24
99
11
41
16
62
61
39
7
69
34
37
26
53
90
5
22
96
90
5
35
84
54
51
5
39
84
9
28
43
13
6
53
81
7
48
84
61
92
51
84
51
67
22
78
21
93
20
78
7
76
36
4
89
34
25
96
41
55
45
7
66
40
88
3
40
12
29
90
10
86
50
21
53
42
79
2
74
49
69
2
18
73
88
20
56
89
11
47
35
28
97
38
3
26
21
1
21
54
66
51
95
24
48
99
62
74
15
13
32
75
46
31
73
40
35
46
46
95
6
38
19
47
70
82
83
95
55
38
83
82
3
62
88
48
20
9
30
12
7
93
89
86
69
100
56
61
51
61
17
84
92
17
20
95
45
1
15
53
48
28
40
49
4
18
81
77
25
95
6
64
57
2
1
48
93
8
78
6
91
70
56
23
19
43
97
44
16
16
46
20
57
57
45
30
32
77
5
42
23
73
53
8
11
59
41
54
73
51
41
93
20
3
61
82
54
29
94
87
28
100
88
34
61
42
39
79
95
36
8
45
1
67
64
89
26
9
82
63
15
80
87
85
27
64
54
55
62
4
6
69
3
47
22
88
40
66
57
89
65
70
59
57
68
28
5
25
42
53
53
28
79
11
37
29
33
41
40
19
69
16
53
91
7
61
88
23
3
89
79
68
2
19
22
98
8
17
4
24
93
37
50
8
77
96
4
14
92
53
48
97
43
57
6
75
75
84
12
99
4
40
25
9
98
10
74
80
76
25
50
11
90
40
17
35
41
61
10
34
83
34
51
38
13
2
69
70
87
32
44
85
61
66
87
58
29
66
90
83
76
99
99
48
70
7
65
44
80
66
31
38
49
84
3
73
21
27
80
100
62
22
27
39
42
2
42
91
11
6
6
95
30
84
40
21
90
80
85
83
72
1
68
10
97
91
25
50
20
60
46
16
76
77
55
90
72
17
97
71
38
97
26
71
59
91
79
69
14
85
73
5
51
82
9
50
14
79
3
93
78
98
97
16
41
36
48
6
56
27
42
45
65
24
79
21
52
19
20
51
87
80
96
35
56
85
13
87
74
37
34
82
62
65
13
78
33
13
61
82
26
17
72
33
11
88
64
47
5
28
42
13
13
15
55
40
19
78
64
31
26
77
87
95
73
20
80
12
53
87
76
31
20
63
38
93
21
76
9
6
99
59
30
78
40
23
23
52
1
1
67
72
39
96
6
69
72
72
75
45
63
14
70
66
15
69
93
53
91
62
36
47
15
50
58
39
75
90
12
45
67
99
65
38
10
65
73
3
50
99
15
54
46
73
43
73
67
7
22
41
56
61
99
70
96
21
34
3
3
88
16
95
82
21
56
64
3
73
81
61
63
85
87
77
54
69
13
40
2
99
5
25
71
5
30
90
66
98
39
8
68
47
74
93
92
36
18
71
5
38
83
71
58
99
97
36
86
93
68
30
67
55
98
49
9
69
23
88
52
21
5
79
35
11
33
1
84
33
93
96
23
23
49
41
77
27
79
23
95
43
1
7
33
43
2
7
73
83
15
39
52
87
88
51
61
22
70
99
42
78
18
61
92
38
66
30
38
1
96
93
10
81
10
70
93
85
62
44
35
81
89
1
64
45
12
33
51
35
74
96
61
13
36
58
38
21
66
54
69
57
22
4
39
9
56
35
17
48
87
11
74
58
11
65
12
80
4
52
56
44
89
25
90
10
13
86
94
74
32
31
53
56
24
25
69
67
92
10
5
1
50
5
4
2
31
65
14
85
38
28
65
45
24
76
96
43
8
45
7
33
18
70
4
9
31
6
85
9
38
8
68
38
43
51
11
100
54
39
34
27
74
28
76
39
11
3
47
40
55
37
65
52
16
24
42
55
81
63
48
42
