500
100
100
99
96
99
100
102
104
95
101
104
105
98
97
99
99
104
97
100
97
100
98
98
101
95
95
101
99
104
97
98
98
97
105
101
98
97
95
105
95
105
101
100
98
100
99
100
96
95
105
99
101
102
100
97
95
101
100
98
104
97
96
104
101
96
104
103
100
101
97
100
100
97
105
105
104
100
95
103
103
97
96
105
103
99
102
102
101
104
95
104
105
98
98
96
96
97
100
101
104
104
101
97
101
103
97
100
103
105
99
103
98
95
105
99
105
96
97
102
101
105
98
105
95
102
103
99
97
100
98
98
102
96
100
97
104
97
96
101
105
99
103
101
104
96
95
95
105
103
100
105
105
104
97
105
99
95
101
105
105
103
101
104
96
101
97
105
102
95
99
104
103
97
104
97
100
98
100
103
97
100
97
104
105
103
101
101
103
96
100
97
104
104
105
104
98
102
97
99
98
99
95
100
96
98
95
105
100
98
95
96
103
100
97
102
105
102
101
100
98
100
104
101
100
98
104
96
96
102
104
96
96
104
98
100
105
98
99
99
98
105
97
100
101
104
102
103
102
98
95
100
104
98
100
98
100
105
102
97
96
98
102
101
104
103
104
103
99
105
95
98
100
104
96
98
99
104
97
105
101
104
105
99
101
96
99
104
102
101
95
105
105
98
98
103
101
99
96
103
103
97
102
104
101
96
96
102
98
99
100
96
102
96
98
99
96
96
95
99
96
96
96
99
95
100
102
105
104
97
102
97
104
98
97
98
103
97
100
98
105
99
98
101
105
98
100
104
102
97
99
98
102
98
105
95
100
102
99
101
99
102
96
99
95
98
102
96
97
97
105
99
97
102
103
96
105
105
98
103
101
97
105
100
99
103
98
105
100
95
96
96
103
102
95
96
103
104
104
103
102
102
101
104
96
103
102
103
98
104
101
101
95
97
97
97
99
104
102
97
102
104
102
95
102
99
100
97
104
105
97
98
98
103
96
101
100
101
99
96
104
95
101
98
99
101
96
104
99
95
97
100
104
101
96
105
103
104
98
100
96
101
96
100
99
95
95
97
103
98
99
104
99
95
103
102
100
96
102
96
98
101
97
105
95
103
105
97
101
100
95
103
101
103
99
97
103
100
105
105
98
100
