300
20
20
86
29
46
60
66
24
34
52
3
18
2
55
64
3
50
19
41
59
66
52
93
11
36
67
61
99
80
45
64
34
12
10
69
52
81
36
18
47
62
33
9
36
20
8
47
70
49
57
98
80
92
8
30
86
20
95
53
49
26
81
67
13
99
5
47
86
72
20
43
67
15
81
62
58
24
23
6
65
98
48
100
75
46
36
13
73
94
20
90
14
20
82
98
92
76
94
44
97
18
33
16
39
72
48
9
11
65
41
11
86
33
81
46
61
77
84
21
85
41
58
54
87
65
20
7
88
27
76
59
4
55
19
16
34
24
37
33
7
51
60
32
17
9
98
2
10
14
14
22
100
71
68
20
64
92
9
16
6
82
95
28
4
26
74
9
72
86
63
52
51
40
68
30
10
79
40
82
40
53
19
31
26
26
83
84
68
24
75
79
15
59
35
49
43
32
21
62
79
62
52
28
65
15
100
28
99
44
11
29
18
81
44
59
92
38
53
2
66
43
22
52
55
97
48
62
92
70
8
6
71
100
65
54
64
18
74
66
46
29
65
49
36
92
9
96
62
25
54
25
59
84
88
32
86
42
67
13
71
31
46
2
75
36
100
61
14
22
59
43
35
87
84
68
100
24
81
42
18
88
8
11
3
69
35
58
81
70
86
99
1
66
84
65
99
90
63
35
72
1
