150
10
98
96
104
104
98
105
101
98
99
101
96
104
97
95
96
105
98
101
97
98
103
101
100
100
103
98
97
99
103
101
98
98
96
96
102
102
98
95
95
100
104
101
98
95
98
104
100
98
103
97
97
98
104
98
104
99
103
101
98
104
100
96
105
101
100
101
105
103
100
101
101
99
103
100
99
98
100
99
101
97
99
98
95
104
101
102
100
98
104
99
103
100
95
98
101
102
95
103
105
102
103
101
96
96
97
105
103
95
100
99
96
96
103
104
95
103
105
104
105
104
97
104
95
101
95
104
99
104
95
103
97
104
104
102
104
104
97
103
96
102
101
100
102
99
104
101
101
98
96
105
