350
70
3248
2756
351
2840
3172
306
3329
824
667
1873
2331
2750
1863
467
2729
3354
2496
2783
709
3055
2436
163
2450
2959
3343
2063
1739
2781
186
1298
3147
1877
97
204
2235
1780
1493
2229
2399
1597
2664
1622
1946
2166
3478
640
480
1612
2073
2028
3022
1609
2921
1380
2922
2428
546
3496
1132
841
298
1707
1963
2920
36
1464
1824
697
260
3245
790
2838
3467
3422
3356
1693
2310
3131
3358
769
2731
3390
1377
23
278
1572
3324
1116
1643
633
2784
1737
339
3001
1773
816
2957
743
850
3035
2909
1834
2462
2391
962
108
1470
2544
2564
1836
1375
826
416
2590
1977
1826
1750
2157
2164
1264
3046
4
2111
3473
969
3304
607
164
177
3027
906
2733
2159
67
2690
1002
2324
2220
3458
1779
1487
3000
969
1230
1235
1922
2329
2856
2708
1296
2808
2408
2436
2040
3465
342
176
142
216
1473
1907
1877
880
3111
2577
47
1728
1875
853
2563
2048
3153
2162
3201
2432
1730
1133
2603
407
1662
840
3169
1541
485
352
693
1049
1248
1757
2733
1722
2986
419
2029
792
1649
1145
2140
2952
371
2727
2204
2403
171
2677
2894
1373
2015
48
1556
2306
2759
2645
1360
249
1566
1931
436
1209
671
2622
2717
536
1430
1866
1659
169
3281
1944
2144
928
2485
3346
2630
2891
2762
2512
1643
547
1878
595
641
1643
3467
898
1512
2242
2563
1267
501
335
2335
2935
3278
1416
1172
16
609
621
2786
250
945
8
3198
1189
2816
2388
2360
3021
711
966
3462
3073
1560
1692
1757
132
1067
3198
751
1351
2451
297
2893
1229
727
2981
174
2091
742
1649
2758
2063
269
1875
1292
2752
21
1153
1409
157
2535
2068
2718
1479
3231
1319
225
2853
2733
1927
1550
573
63
1615
137
1982
2103
2746
1849
763
1505
1805
1548
390
213
2982
50
3165
2210
3165
783
2633
2627
1752
147
1979
3263
1479
2543
3129
1427
750
2339
2209
71
3494
3234
796
2341
