210
70
67
20
15
63
74
41
40
32
51
50
3
64
58
99
64
70
68
99
53
67
92
92
46
58
37
59
95
73
94
91
40
54
85
23
62
7
60
79
34
24
82
32
41
96
30
50
90
68
6
36
55
80
62
6
84
60
65
29
82
80
27
79
72
6
36
67
88
2
90
22
68
62
30
20
38
84
7
45
52
28
72
58
84
34
89
18
74
43
90
59
5
10
43
95
22
66
64
45
89
27
64
2
52
61
98
78
89
100
12
43
23
85
76
92
3
12
84
35
65
78
9
77
22
1
29
10
7
5
93
69
80
75
18
28
20
62
90
41
79
100
49
96
73
58
51
6
76
79
97
54
22
95
85
100
87
7
25
52
16
69
38
44
85
32
10
18
75
65
71
20
54
36
12
81
70
42
67
41
25
26
10
13
62
42
8
95
5
17
49
73
84
53
72
8
7
59
88
25
80
64
32
59
21
55
69
12
57
99
14
36
