900
90
16
68
7
62
77
67
59
80
74
32
4
87
56
89
92
38
82
69
98
68
52
91
34
24
52
78
27
75
64
51
56
73
16
28
3
98
86
55
40
49
40
58
23
26
4
66
48
1
47
72
78
5
21
43
66
99
69
65
7
34
4
49
1
79
92
50
93
25
86
80
32
8
92
99
11
67
72
53
68
26
100
83
75
66
13
86
34
71
96
6
30
57
58
60
64
89
55
55
85
94
24
63
61
65
73
31
7
99
71
37
90
55
70
52
97
18
91
51
52
95
34
95
33
46
95
5
55
85
54
90
26
40
87
22
81
65
78
44
79
90
6
69
34
63
82
11
19
29
74
74
82
53
36
85
17
18
56
89
53
56
28
1
77
65
28
3
38
89
26
25
22
47
43
33
1
58
60
83
69
42
82
83
41
33
34
20
6
25
37
12
29
54
29
57
18
50
61
66
44
27
69
52
73
14
37
55
95
79
90
35
89
12
35
26
18
25
3
90
34
15
23
17
48
29
26
18
84
99
55
21
83
84
20
15
49
1
55
60
21
81
16
51
68
85
15
70
91
23
72
55
54
35
6
47
38
12
40
48
70
28
20
51
9
95
93
79
17
17
45
12
81
56
59
46
5
23
79
87
28
84
58
38
60
52
39
34
14
46
3
59
77
60
12
27
26
52
84
40
34
3
73
59
54
96
63
90
18
4
77
16
65
22
76
5
66
91
69
96
44
91
52
90
73
35
13
13
17
35
10
44
2
19
22
6
45
32
72
40
5
23
9
46
50
18
90
33
85
64
78
69
7
47
60
77
52
60
5
67
62
64
19
66
96
40
63
93
4
56
76
69
60
41
41
69
1
12
76
67
84
50
25
94
5
19
85
66
86
51
59
26
90
39
96
74
58
59
23
32
32
34
8
92
79
46
60
29
42
70
94
51
65
23
79
37
40
7
11
40
10
47
50
34
15
82
57
89
12
96
44
67
82
1
21
92
70
80
65
1
39
64
61
39
94
95
25
36
46
29
2
92
51
75
52
24
22
72
62
61
50
96
6
33
9
30
76
81
31
78
11
41
35
86
71
5
44
66
46
67
25
64
8
23
44
17
62
26
48
21
78
87
19
77
13
70
44
99
54
87
30
45
22
5
78
18
60
44
1
35
27
88
21
85
15
36
76
68
94
98
2
25
78
85
69
64
94
93
35
70
9
17
53
64
92
62
95
67
85
57
12
53
62
100
4
90
64
93
8
8
76
51
43
51
93
43
58
81
58
65
87
19
83
92
46
97
22
13
100
39
14
68
77
77
48
18
55
12
9
1
86
44
98
31
44
20
92
74
12
93
88
95
39
46
7
96
15
76
2
27
95
27
53
100
89
53
24
68
14
27
65
92
42
42
14
98
49
18
47
39
35
33
92
4
23
60
17
42
69
97
49
36
68
88
41
12
1
5
19
2
96
63
13
13
60
96
8
35
62
35
59
1
77
61
84
68
72
78
96
68
65
11
88
2
39
14
97
70
51
95
1
87
60
50
39
78
40
94
78
40
83
27
22
38
15
3
29
36
38
68
13
25
48
31
92
64
22
79
99
99
92
23
12
67
57
17
36
27
5
9
16
5
75
36
21
67
2
75
12
54
5
77
29
56
64
25
73
58
22
64
47
92
17
31
53
7
71
55
73
77
83
26
19
21
41
99
76
67
36
42
41
78
69
19
38
81
80
82
3
48
63
91
94
22
49
1
75
99
39
53
49
43
89
18
59
17
65
93
87
21
38
73
39
38
63
85
31
41
49
56
65
58
54
71
35
13
89
96
67
34
37
68
54
28
59
42
99
49
3
6
22
51
29
79
59
79
94
53
24
20
90
31
15
54
14
50
68
54
69
21
66
41
16
31
84
40
10
100
36
21
57
95
41
26
84
51
55
90
87
86
73
97
35
15
88
31
46
59
23
71
52
46
32
96
96
1
66
44
40
6
67
67
83
8
83
34
85
83
83
26
7
100
83
28
84
89
25
18
25
56
66
82
29
52
33
50
5
25
25
46
26
64
