240
80
77
94
55
36
53
51
2
81
51
26
4
45
99
100
26
84
49
50
90
58
80
75
88
51
34
89
44
63
87
82
10
59
67
33
92
3
26
75
72
78
75
7
36
90
100
17
38
62
44
4
62
84
60
69
27
95
12
53
15
28
3
46
63
86
13
47
60
42
5
29
11
21
16
8
7
75
13
74
2
34
75
83
44
93
18
30
92
93
3
95
56
44
39
54
24
79
37
69
16
83
38
96
64
1
46
92
30
73
44
23
30
19
33
85
26
8
93
84
81
79
31
77
63
53
7
12
28
33
82
59
54
41
69
28
63
45
69
39
59
87
35
46
36
97
46
23
13
31
2
61
87
12
20
49
74
7
63
93
1
33
38
8
96
1
22
96
52
17
56
9
71
51
14
76
47
16
69
54
37
78
46
57
71
7
83
59
75
76
45
13
86
100
86
55
86
75
81
9
56
29
27
33
71
2
51
29
27
12
24
62
37
37
1
44
100
92
40
53
57
28
17
82
79
62
12
98
73
93
68
12
51
73
46
71
77
67
12
31
2
80
