1500
100
14
97
172
82
34
167
76
99
168
116
120
29
147
150
56
158
131
30
37
73
101
173
28
76
153
69
105
77
127
102
151
106
43
108
1
132
22
56
184
35
193
184
108
188
180
136
32
168
49
187
165
155
130
124
195
120
91
14
112
98
119
189
30
85
55
143
171
142
152
175
95
78
75
31
145
107
38
112
117
69
91
144
25
106
121
120
29
76
140
96
165
179
184
8
63
95
147
115
159
79
115
49
154
173
45
75
187
162
156
86
1
38
59
145
54
62
166
166
191
147
184
43
107
29
81
17
194
39
117
17
99
189
163
61
189
81
39
167
95
80
168
8
33
8
194
61
144
98
82
61
99
151
164
128
98
87
95
34
104
69
132
199
5
111
45
148
187
169
4
126
25
2
36
181
96
187
17
136
108
43
101
4
2
22
43
110
171
176
55
140
153
174
88
57
160
41
164
1
142
9
14
36
96
47
126
92
196
12
54
13
48
84
40
104
171
56
177
9
86
121
55
122
89
72
161
12
180
34
179
134
77
152
178
196
146
70
92
179
52
34
83
63
71
124
40
64
9
67
143
125
41
68
15
59
4
164
71
59
152
194
178
78
70
174
127
63
112
19
112
133
13
40
54
193
93
19
50
142
25
67
51
137
123
78
198
105
59
189
184
113
132
176
3
167
112
57
9
145
13
75
36
103
7
56
79
158
99
187
56
100
77
21
95
78
65
73
149
153
88
130
166
70
136
115
175
186
188
27
60
97
108
144
158
107
158
118
155
47
180
16
84
121
40
16
147
92
175
156
137
81
67
98
172
52
50
156
91
162
107
185
178
57
34
167
54
29
175
175
66
81
13
45
181
25
166
79
187
61
144
198
58
118
139
45
17
129
94
110
69
73
167
41
60
50
122
119
128
173
72
108
70
47
21
29
153
54
2
148
198
16
51
167
196
71
82
86
128
105
21
119
4
24
86
16
125
82
49
39
172
104
141
8
156
89
128
11
83
88
188
96
94
124
124
198
161
84
19
176
96
12
74
154
60
40
101
167
103
93
53
135
115
79
162
87
187
87
42
189
57
161
141
30
124
155
186
185
179
37
58
6
100
183
103
40
111
28
55
154
40
32
16
194
67
146
8
44
72
63
61
8
116
120
109
169
55
183
60
82
19
12
29
51
106
172
131
138
53
130
190
25
148
191
156
119
102
35
94
113
19
47
196
80
161
52
31
135
76
60
91
124
58
49
123
147
135
55
122
73
43
73
136
165
110
73
193
118
161
34
78
75
140
91
105
16
148
40
97
114
162
85
34
168
13
19
87
165
51
130
5
108
104
126
40
189
41
39
185
164
61
184
191
149
57
186
192
136
174
155
46
8
33
19
112
121
54
106
194
39
32
44
1
74
120
37
47
57
83
197
52
125
9
138
189
161
139
84
82
60
102
107
8
13
50
92
98
131
118
125
15
63
126
100
38
9
4
69
48
1
181
49
73
162
148
195
105
134
18
19
188
31
76
93
97
119
181
71
7
111
121
16
57
92
51
108
193
9
127
164
191
199
168
9
90
80
88
81
154
183
85
136
188
57
115
56
50
5
46
27
107
94
151
94
88
89
76
24
95
79
187
146
155
15
193
146
63
80
76
76
172
87
192
71
149
70
63
110
26
54
47
99
154
50
96
5
53
83
78
17
159
5
75
170
163
155
122
95
26
81
96
93
190
138
168
44
106
143
96
137
104
142
108
150
30
39
131
182
43
176
58
96
72
42
56
135
166
149
196
155
66
167
159
150
107
197
20
68
35
191
148
153
80
32
151
17
95
21
125
122
144
98
32
70
1
133
57
64
65
6
89
7
103
177
173
114
176
150
156
47
69
118
78
183
179
32
157
96
96
109
84
198
183
95
154
156
122
83
90
22
197
68
12
10
45
20
44
149
58
69
124
47
137
30
23
136
93
45
116
45
146
121
193
82
137
190
59
148
192
34
76
41
127
83
54
157
7
148
126
188
94
100
179
77
168
45
156
32
48
47
43
168
85
29
69
184
95
64
118
2
78
64
15
40
14
54
38
141
8
193
84
142
116
66
106
187
120
77
117
79
196
76
71
118
76
112
127
46
16
96
134
176
79
176
181
31
30
105
47
104
14
113
105
5
142
32
185
151
47
64
112
198
171
109
62
67
139
133
172
178
5
79
168
42
61
178
117
127
24
19
100
195
180
84
104
50
99
82
186
195
151
12
134
152
189
129
110
16
58
31
179
60
183
128
18
149
197
24
123
20
3
112
159
146
130
115
199
178
42
136
195
97
111
100
171
30
91
152
16
198
156
56
47
43
132
183
104
112
134
113
173
38
189
151
106
143
2
147
21
170
42
36
16
93
14
120
94
128
181
165
153
161
156
40
155
188
122
101
4
140
105
171
75
171
96
141
116
38
53
107
114
140
81
100
17
129
55
6
49
99
168
110
106
57
60
106
80
145
107
75
163
121
113
10
162
145
31
142
100
152
75
163
82
94
133
147
162
194
170
86
98
82
89
80
198
168
79
14
20
94
15
198
37
99
144
56
166
197
38
49
123
166
25
73
83
2
156
122
65
110
33
116
58
10
74
34
32
66
13
21
14
104
15
36
21
135
17
175
110
131
187
67
58
70
162
185
91
41
120
58
173
82
110
51
70
185
5
120
188
59
69
49
61
130
168
173
141
17
102
173
79
94
40
192
103
34
79
123
142
76
94
122
141
183
181
107
184
118
174
97
71
34
6
49
188
58
141
198
17
106
97
154
80
143
12
50
70
48
71
162
66
153
41
116
151
167
15
195
72
90
115
123
46
196
135
151
112
52
17
23
143
194
134
125
148
168
150
7
5
73
113
82
46
116
39
9
92
102
175
190
36
44
38
140
194
181
104
194
44
2
191
43
116
185
99
16
147
148
76
194
58
182
152
66
34
156
38
89
70
164
102
169
44
98
167
114
144
198
21
26
137
142
46
98
62
1
48
135
54
78
8
176
135
29
134
78
17
143
131
135
90
77
186
7
7
116
7
132
190
70
73
157
109
7
160
80
19
101
37
132
11
1
81
115
16
7
94
71
184
131
57
112
2
8
167
31
133
108
43
192
150
62
189
127
110
98
82
132
38
190
9
21
183
91
100
44
103
93
71
96
41
6
36
166
11
106
185
197
94
28
66
82
5
53
100
162
45
140
47
13
66
90
78
133
169
185
135
120
131
101
32
56
142
89
82
136
166
192
14
151
140
128
74
170
102
184
167
126
81
197
128
32
21
71
134
99
73
86
20
154
2
7
121
199
140
187
108
154
43
154
63
109
92
74
136
7
121
169
169
5
183
22
15
25
86
14
49
187
184
192
170
80
72
162
190
171
66
167
33
180
38
32
149
193
168
69
26
89
100
75
46
51
