400
80
143
148
125
107
143
119
91
85
122
137
81
134
82
133
82
90
139
85
97
101
113
118
112
113
148
123
134
97
141
131
81
96
97
137
135
159
135
121
146
104
152
142
152
113
157
94
87
137
139
100
158
157
143
129
124
145
117
135
134
145
146
102
88
151
82
107
88
107
89
123
104
88
125
138
145
123
83
90
157
105
121
147
102
84
149
100
88
155
131
106
112
112
145
137
89
113
145
134
92
136
141
110
92
150
153
140
109
112
140
81
82
81
153
122
152
85
94
144
151
104
81
132
85
81
120
110
135
152
107
82
97
127
135
93
115
84
111
89
152
156
144
121
102
139
131
98
97
137
155
81
124
91
152
102
138
93
93
91
128
100
93
130
87
158
140
137
144
144
105
110
134
148
139
159
109
105
95
132
103
105
94
145
151
140
146
98
96
103
115
94
154
99
107
134
135
81
108
90
115
108
116
115
145
86
153
95
133
157
116
159
93
131
87
96
113
141
91
135
130
110
89
109
140
88
101
141
151
103
120
145
108
121
143
115
88
105
93
98
83
84
93
134
144
117
107
111
90
144
83
104
129
127
129
116
157
104
122
80
102
158
118
99
82
107
89
127
115
133
102
138
118
150
102
117
143
142
151
92
123
148
85
88
149
94
85
157
159
95
135
140
128
125
133
130
150
118
136
121
123
110
92
109
110
156
86
114
136
144
140
132
158
132
108
104
112
148
147
156
91
148
92
149
86
123
119
109
96
122
141
114
128
115
83
126
110
158
150
154
146
104
115
126
93
94
136
156
120
110
120
111
133
159
114
148
147
101
111
143
149
133
121
155
127
149
84
158
98
153
138
83
104
124
124
82
125
138
129
97
101
146
102
136
158
92
158
94
100
121
100
102
113
108
86
113
94
117
101
159
89
124
