750
50
3065
4042
3192
407
6897
6942
980
7374
6370
4318
7165
1961
1992
398
2808
428
2907
2614
6052
226
5309
1804
2188
6743
975
5691
6069
5468
3246
391
670
187
2096
3261
2216
6035
1857
3144
6909
6051
4960
2611
6523
7083
6365
790
6718
6798
3694
4180
3402
6734
5986
68
5962
6864
1840
2273
7045
1518
6766
4932
6535
2473
1355
6253
3687
2834
647
7127
7022
2812
3696
6507
1058
5105
5489
6511
5109
3667
3194
2470
3786
188
2018
4313
2083
5929
544
7352
6545
4351
6840
965
6918
1501
1368
279
6959
6317
2296
2160
7192
4327
6806
4247
4623
6846
324
252
5812
2865
4839
5668
7321
5020
1444
6514
314
5806
5282
6983
6558
4667
573
5873
5218
3035
7025
4690
2325
3843
4748
6904
5703
6015
67
2730
4387
2650
4681
4505
5253
3505
358
4110
948
2475
597
7041
6023
6275
843
4318
5609
5677
2964
634
2794
3659
740
1830
3878
996
6907
5405
1479
5298
1724
1242
4896
3043
1963
2103
1416
3376
4140
4103
5652
931
1610
1474
6702
5058
6235
24
4426
6136
6766
4779
4083
1284
1539
6558
3118
5341
2144
264
3655
5544
623
3746
5248
3040
1115
5603
6811
4776
2455
4333
4102
6273
5411
2635
676
5236
1964
7203
5714
4569
4784
3886
3851
1160
296
6245
4775
1121
804
6928
1372
3439
5722
659
6449
3800
7084
1442
7376
7267
2385
2138
1715
1541
1954
2739
4674
2978
3380
2303
6460
2933
6127
2336
675
962
1136
2329
2968
2428
238
3896
1602
6665
2165
2433
2452
1399
3678
4377
110
6534
1274
1015
976
1953
7217
1420
2629
1336
2219
4430
2366
1145
770
3970
2784
7247
2901
4940
72
4677
3551
5436
993
4181
1762
3533
4550
7393
5406
7359
4462
3293
1820
5533
3998
2152
3103
4983
2839
6119
4324
5119
760
917
7199
7399
80
4207
5784
953
7413
5539
1385
5998
534
1649
2067
5134
3190
1946
2642
476
7067
1053
384
3570
2286
3745
2588
3828
6652
998
5536
101
1469
1811
1788
4718
404
1566
4202
5361
4041
5228
2040
7202
1555
7025
2015
4894
4045
6026
5421
6369
7000
847
5924
5935
6562
530
6332
2047
6959
851
5836
651
6570
4678
2025
3383
7174
3637
5388
1670
3516
5288
3478
4094
5623
5392
3030
3407
4169
5266
6902
3064
6690
6571
7248
4332
7239
3298
6300
4738
5437
7206
4485
6842
6018
6680
4306
1615
2572
5357
1277
3882
3562
2312
7343
6051
1793
4110
7000
2983
2227
5747
252
3117
4928
6719
3491
4756
2236
2443
4064
7208
4098
256
2840
6854
1430
5235
6354
366
7049
1852
2296
2938
5011
606
4095
5477
3344
4212
4220
7355
4440
113
4650
3265
4416
1573
6313
4018
5094
7281
7129
4411
2048
2002
5385
816
642
4886
916
4783
5963
847
2738
4524
4823
4838
3732
3487
4876
1055
1673
3504
467
3278
2276
4634
4633
6995
2516
1496
718
3880
3990
4669
6675
6428
4681
1592
2798
6951
4659
2633
5881
3638
5167
1172
3757
6561
1005
6178
2298
768
6841
5114
3780
1581
3911
6928
3016
3637
3101
2550
3684
4181
5715
4157
7379
4446
2675
6994
4658
7133
386
3465
5790
181
7083
2124
728
3091
6068
4468
6850
2627
970
1951
2674
2999
3679
6808
4578
681
727
1862
4134
831
2050
6803
2430
3288
1557
1091
2551
5335
6379
6291
2141
5922
6934
6501
2700
5937
4891
5349
1532
2244
5573
1186
6090
5698
2089
3759
563
1792
6028
5310
5122
4528
4877
6224
919
5759
3557
884
12
2817
7312
1651
4052
781
4538
5688
6162
5251
3625
3376
2050
2505
5961
150
6145
6742
4409
3320
2262
2935
6759
4638
7221
6327
7470
3612
2157
5963
5713
5838
2285
3728
4888
4737
44
1683
7156
4475
5878
477
2181
790
5930
6511
7028
7332
1454
915
4284
2015
5475
6473
1386
2734
3461
6912
3828
1103
5905
1163
6698
5043
6174
2291
2527
3904
463
6469
6354
2646
333
179
4884
5158
2276
2360
1113
2549
6772
5167
6138
3023
2554
6769
4256
5056
5823
4192
5054
2745
5647
1643
3769
7142
5055
545
379
6204
1688
6619
3134
1065
5723
6927
1055
3439
2782
4350
1344
5446
3107
6407
3938
46
3431
2612
673
5317
5189
3965
3407
4046
1209
6310
5551
6571
2436
4600
6980
2340
1276
3432
2737
818
3000
2062
2813
6668
7452
7471
4110
2408
4807
6995
5402
631
