700
70
768
3303
3233
3673
827
6350
2414
5471
1642
3832
6330
4796
1635
5970
3871
98
5380
1515
3125
4340
1217
1215
6957
4542
1883
6142
3117
6323
5982
4507
6078
4796
6675
5929
1058
5842
6220
5366
3924
459
6797
5070
4743
5101
1384
4978
6120
3970
6321
4094
5399
5396
2025
1286
5786
6732
3223
1746
3293
4321
3035
3523
6514
2662
6336
1285
5942
5257
992
4180
5658
6479
3501
6922
4941
404
6311
5048
3299
2357
1515
1236
5502
770
6053
6538
3524
2050
5712
6796
6934
5653
2078
3784
4605
5509
4049
5948
6062
2747
4944
264
6621
2645
4296
3453
2560
6637
5864
4054
1818
6299
1099
3587
817
5197
3010
5974
522
5591
6748
3081
3263
1332
3844
4625
6701
1353
706
5150
3418
6719
253
5279
5548
2388
4325
1722
5084
586
4508
834
379
213
3527
6464
3870
87
4869
2425
4619
808
3632
739
6056
3808
918
3025
580
1693
1398
2237
4129
4843
3755
5606
3480
2319
2229
6023
2286
5108
5379
6540
3778
6013
6936
66
5569
2749
6950
1610
4767
5536
3809
6585
6978
5070
6233
2957
3466
399
6165
4763
6064
6155
6853
5520
3904
4012
6410
5910
3599
3876
1500
6450
4806
2566
4676
1753
4050
755
1827
3397
2152
6139
6898
4148
4322
5007
3699
1290
6536
4205
6341
4729
6323
5543
5355
5771
4159
6491
3767
3187
6645
3147
6742
4798
1162
3795
485
3892
4020
869
138
6860
3337
2165
6228
2787
169
6224
1125
5914
5327
3521
6258
4606
259
94
129
5768
6653
3369
4356
750
6107
5796
3080
3275
2967
4615
4722
5762
3001
1485
4757
5635
1245
724
4644
6107
5630
5986
503
6969
3107
1807
1433
3853
6486
493
5945
5723
1991
6681
6605
1279
3933
6533
2833
6625
3915
6076
4008
5519
5396
2159
3750
1848
6431
6744
6880
4223
5834
2233
4613
3378
3137
4948
4680
1100
1263
5140
4916
3257
5481
3971
5676
3095
7
165
4669
2323
4443
4738
6688
1302
3722
2785
2589
2756
6542
2783
4839
1455
5050
1559
6060
4683
6580
5016
1350
728
2102
6220
5433
4113
183
4263
3496
5483
6599
1167
1262
433
4690
5828
4741
6643
5932
215
3991
4542
29
5284
3017
4035
5507
5039
3600
916
4979
1446
152
6755
5144
937
2366
4543
5855
5745
307
6889
1780
1312
1581
4288
3311
1847
2112
3372
4033
2117
4575
6154
2502
1952
2950
1844
423
6716
765
216
3771
4191
3387
5195
2972
5386
14
6578
3246
2128
5719
3849
2450
4351
1003
6863
2189
4513
4970
4421
5718
1548
6023
4571
963
518
3290
3565
1515
6942
748
4657
6402
3044
6299
4866
3600
3650
5111
2014
5100
6516
2909
5011
5621
3816
3506
3398
1339
1113
4421
3576
4388
234
2345
5357
1621
639
6863
1197
1586
1550
1087
3377
6414
1089
527
891
6345
3981
1811
53
491
3866
2576
5774
3074
6823
5443
1111
2343
1616
12
1909
4030
180
2507
6978
2315
4298
3528
470
4354
958
4502
3565
6958
4436
6127
260
3341
2257
5265
6977
1644
2892
4378
443
1780
2999
6928
799
1446
6442
5705
3427
1312
1062
5755
5851
5494
247
4048
2421
2752
52
1207
4808
6593
4243
5796
2861
881
700
6578
1057
3576
6708
1674
5591
613
6762
3055
692
6589
171
2527
3249
3773
1527
6654
1707
5269
1353
5509
1167
447
6272
296
567
96
249
5317
6753
306
3867
6205
5762
4782
6495
1597
3521
6452
1861
1303
3660
5995
6162
2937
6570
5526
4797
928
3856
2258
2800
1751
3669
26
1345
1052
4779
3370
4503
3160
4916
3515
5492
451
4013
2600
5296
2729
3413
5699
445
853
254
585
1041
3630
1446
4816
6838
2772
1159
2034
3138
1883
1036
1969
279
4269
2187
6086
2260
315
6175
5305
5598
1229
5424
2239
3800
5680
5833
3542
3403
1352
541
4951
6012
3088
4070
1578
2516
2105
874
3491
3693
4423
5242
2514
1712
5041
4542
5432
2547
926
6793
6753
5987
2864
6042
2312
3266
1725
1111
605
4482
6525
1233
2932
1698
2772
1161
4832
3611
2846
314
6069
2649
3630
3005
1251
4050
