350
70
95
101
95
103
97
99
105
105
102
100
105
101
98
104
100
102
96
99
96
102
98
105
104
101
95
99
98
98
99
105
99
96
97
95
104
97
99
104
101
95
98
97
96
103
100
103
95
103
99
98
101
98
101
97
101
104
97
98
96
103
97
95
105
98
96
102
104
100
100
103
105
102
103
101
103
104
96
95
97
100
105
97
102
104
103
100
96
95
97
96
104
104
105
101
102
101
105
97
96
102
98
96
105
100
97
98
103
95
104
104
101
99
104
98
95
95
98
95
95
95
101
102
97
103
101
95
96
96
105
98
104
100
100
103
98
105
100
97
104
105
97
98
103
95
95
97
103
98
99
95
102
99
103
99
97
100
98
104
104
96
104
99
95
99
99
102
103
104
97
101
98
100
99
96
102
99
95
95
95
105
104
102
104
104
103
105
104
98
102
98
104
96
97
101
98
101
103
102
102
95
98
100
98
96
102
103
99
101
97
95
96
99
96
103
102
99
96
102
98
99
103
104
104
100
104
98
95
102
97
105
105
96
100
96
96
100
96
95
103
100
100
101
95
99
104
99
101
102
98
97
99
102
100
105
105
96
101
96
101
98
105
101
103
98
104
95
102
99
95
98
102
104
99
101
105
101
101
98
97
96
100
100
96
95
100
101
101
95
95
98
103
101
99
105
101
95
99
99
98
103
98
105
96
99
98
98
100
104
102
97
102
105
103
105
98
98
103
99
104
100
105
103
96
99
99
95
101
101
100
96
104
98
95
98
98
99
105
102
95
98
102
98
105
97
102
105
98
97
101
100
