141
70
95
105
105
99
103
102
104
100
101
101
99
100
97
104
103
102
99
104
101
95
102
105
97
97
102
100
102
99
95
100
100
105
97
102
104
98
104
104
103
97
98
105
100
105
98
96
102
97
100
103
96
95
95
98
105
99
104
101
96
100
95
97
103
100
102
96
97
100
97
105
105
100
97
105
101
101
100
100
96
100
97
95
102
95
95
98
105
95
101
103
99
100
100
96
101
104
105
103
97
99
95
103
102
102
104
96
95
95
98
103
102
101
95
98
97
100
103
98
104
104
100
98
105
103
95
102
97
97
99
99
95
102
96
98
98
102
102
104
103
103
105
