900
90
98
138
27
76
122
53
41
122
34
29
4
159
62
42
179
16
83
64
148
148
86
156
106
119
75
35
27
75
134
70
24
89
38
20
129
9
174
31
152
152
155
5
129
34
76
72
175
60
63
25
84
43
68
78
70
67
112
46
94
74
33
30
56
88
8
165
22
61
46
79
9
14
10
84
177
156
49
26
39
80
137
163
95
2
147
17
26
157
173
133
58
101
74
52
58
59
117
119
86
173
51
132
81
103
116
65
167
173
162
49
91
96
120
123
129
82
101
23
57
101
155
88
131
140
47
115
132
142
43
79
85
173
146
29
160
20
97
66
93
90
163
29
72
155
107
18
59
20
107
79
53
43
63
45
145
34
12
33
11
166
145
10
156
95
46
39
102
62
141
131
87
177
78
123
68
160
142
167
143
158
100
21
10
97
104
68
158
145
33
112
12
177
39
111
140
114
12
150
122
76
89
9
148
57
84
59
25
139
90
2
118
85
29
66
2
156
61
177
88
152
126
102
86
107
31
32
92
137
72
31
17
50
88
83
135
170
138
39
28
169
130
68
97
128
168
18
154
43
148
42
160
111
161
42
58
22
129
103
89
161
14
105
77
38
57
153
116
177
30
81
60
14
15
47
9
10
122
15
41
171
59
18
6
59
166
89
162
60
12
15
91
70
73
153
176
178
3
120
138
136
55
79
44
168
84
41
52
25
19
121
162
167
171
48
160
112
61
136
28
11
177
96
162
159
177
73
77
160
110
25
166
91
131
109
84
51
70
33
86
148
110
116
83
4
105
61
31
159
157
146
73
37
149
86
161
84
96
51
89
126
164
96
101
108
32
142
104
83
12
21
61
115
10
117
59
154
19
99
76
124
142
2
43
24
13
151
5
37
64
102
27
129
126
5
66
47
153
73
85
84
173
22
74
138
4
94
102
141
103
158
95
114
114
104
156
52
126
37
170
90
134
9
8
33
82
162
21
148
26
53
133
150
170
8
85
155
129
59
31
23
122
73
96
107
134
113
125
11
143
45
129
121
112
46
166
4
117
162
7
122
52
101
125
118
108
145
30
5
26
128
41
28
158
17
7
147
123
150
19
61
136
155
163
50
111
76
42
179
28
145
122
105
39
115
114
151
81
55
2
50
137
97
92
86
176
58
115
90
132
17
19
101
158
90
73
32
38
37
170
24
100
44
53
23
173
41
112
131
160
171
79
113
136
166
45
47
57
117
36
125
111
177
105
80
175
161
55
74
14
150
14
26
35
28
92
31
41
86
73
167
123
143
51
104
59
161
123
79
69
141
59
35
68
135
23
169
175
25
161
131
134
24
24
175
70
82
90
107
115
14
146
111
34
71
110
111
132
170
132
31
149
28
28
125
79
146
168
136
85
102
118
128
5
139
69
152
73
93
1
141
119
179
17
79
70
104
72
153
58
152
58
31
16
66
120
153
123
140
79
30
66
126
16
150
121
146
47
152
113
172
59
85
116
56
139
6
77
79
136
176
167
85
141
93
13
93
76
76
174
173
23
132
113
65
122
90
19
142
177
121
155
100
103
158
30
167
70
178
59
67
155
54
3
149
125
149
88
27
26
104
27
85
27
37
147
169
75
141
15
91
38
94
53
81
53
76
72
109
40
134
113
3
9
173
39
161
130
27
112
4
150
159
164
80
21
105
35
70
121
20
95
33
42
58
126
167
107
101
113
133
56
38
151
153
123
146
84
77
162
77
149
175
4
116
94
9
122
28
33
144
116
3
90
65
46
168
57
78
12
53
18
145
65
176
161
111
123
117
60
177
166
96
56
54
142
170
157
131
126
98
62
117
75
12
107
178
134
128
128
152
60
131
101
48
9
45
77
29
145
101
18
90
66
146
147
61
150
150
134
68
157
134
65
76
177
88
176
158
139
153
87
47
72
21
55
179
169
97
2
179
80
164
53
74
88
103
142
24
68
164
73
169
49
12
12
46
164
11
29
132
168
124
52
46
69
5
122
55
177
51
154
61
122
99
7
118
12
49
57
26
68
58
113
55
150
175
78
87
9
168
