300
60
77
71
99
63
95
90
28
40
67
38
39
87
9
9
42
3
98
94
63
25
83
19
16
97
52
5
64
15
87
80
12
94
30
72
97
37
12
22
48
44
71
80
24
80
62
36
1
57
30
88
29
43
10
100
41
15
91
58
6
30
29
46
72
36
1
9
84
34
61
39
40
17
88
84
9
62
71
46
6
88
73
33
24
13
19
16
5
21
92
48
47
47
7
45
43
37
57
41
66
23
2
66
75
27
17
56
43
18
50
99
2
93
4
67
48
74
99
50
96
60
2
11
3
43
53
22
90
96
90
95
35
53
100
77
15
6
22
7
66
8
11
72
90
46
98
5
31
98
61
92
87
32
33
16
53
28
91
87
30
83
62
57
46
2
65
73
68
56
30
19
15
64
25
16
56
55
6
39
35
79
61
70
56
90
40
30
39
31
2
59
5
8
4
21
99
7
70
43
92
46
26
15
92
67
27
100
43
23
100
80
97
48
58
91
27
85
61
96
41
30
10
57
61
39
92
63
40
35
82
38
42
72
44
43
12
55
4
59
22
66
45
52
1
64
54
36
56
24
68
20
52
71
58
62
93
6
39
67
88
30
94
25
52
3
16
8
58
43
23
92
74
95
68
88
16
5
6
91
96
26
47
63
71
29
72
88
79
67
48
75
77
2
97
37
58
65
56
97
23
86
