1500
100
120
97
155
65
64
181
59
134
132
160
6
48
102
196
9
60
12
152
58
113
112
98
137
90
44
179
29
190
44
154
126
69
149
187
156
138
188
11
61
93
158
25
90
194
86
195
11
171
8
96
120
194
53
80
164
166
112
183
93
155
122
20
101
181
180
111
71
15
59
191
119
162
183
1
160
153
157
194
35
136
193
21
81
26
138
95
115
22
1
186
60
185
74
92
149
179
78
104
68
42
193
178
84
70
31
131
186
96
30
40
9
128
50
41
179
85
70
118
152
55
86
35
120
34
136
63
122
73
39
91
186
66
104
88
139
119
2
75
187
190
164
58
102
110
194
63
175
177
59
75
62
169
154
29
6
142
113
124
45
119
13
48
31
181
196
10
101
173
177
193
86
107
32
68
80
27
13
52
193
188
20
138
92
173
54
182
129
172
190
128
121
176
112
118
6
105
79
92
95
56
60
114
178
116
41
154
166
46
106
197
98
151
118
90
46
30
143
166
124
197
141
118
189
115
83
8
137
56
199
147
17
49
171
176
111
28
34
40
14
101
32
84
108
100
178
70
23
65
167
40
189
68
184
13
184
23
39
13
169
110
118
170
122
167
193
178
63
2
125
2
62
83
87
18
19
188
114
39
165
148
13
174
54
63
53
117
169
147
76
109
68
65
120
121
56
80
126
112
186
57
164
41
64
138
80
88
151
149
23
18
150
64
3
78
40
160
42
153
18
178
55
43
136
108
142
141
91
178
1
13
158
123
84
144
97
70
135
197
97
187
127
49
105
165
112
31
39
172
126
146
33
19
176
188
162
107
56
23
71
54
58
1
191
113
60
141
191
36
118
77
28
103
183
190
20
124
9
139
48
189
103
76
43
85
157
114
107
37
23
42
18
5
90
60
168
184
102
100
196
4
189
64
46
104
43
104
17
54
35
17
28
130
142
2
152
118
99
9
161
53
68
138
190
24
30
60
103
23
43
10
120
163
89
33
41
126
9
52
100
57
21
10
148
121
43
1
81
110
168
28
160
103
18
177
66
136
92
144
177
177
22
101
39
14
20
114
51
82
184
112
68
172
15
189
152
68
157
63
33
168
178
2
48
195
166
137
190
172
93
53
12
88
125
94
180
164
38
172
125
130
67
189
40
24
72
185
85
24
174
115
32
41
14
171
94
41
33
39
169
123
187
103
57
9
133
79
86
111
43
98
30
144
191
82
130
62
155
5
1
147
188
78
126
34
142
33
41
106
125
9
87
132
58
192
65
135
54
31
110
10
106
61
6
151
44
97
51
56
182
83
190
107
127
35
153
187
112
169
133
177
145
11
164
85
196
26
182
57
168
18
168
42
35
164
145
187
103
45
152
70
162
107
35
140
11
89
118
8
90
82
192
84
94
183
76
67
131
186
149
26
183
12
24
27
23
163
132
23
67
70
115
166
94
16
92
69
62
50
95
136
56
64
167
35
7
183
186
118
73
36
155
138
59
111
15
132
68
142
153
12
140
24
172
124
11
185
35
86
100
180
165
38
23
159
54
96
102
123
185
189
136
96
50
196
45
38
129
33
62
10
141
126
43
174
122
96
6
113
159
139
50
146
192
135
132
66
76
172
113
114
52
132
140
69
62
94
191
125
62
53
89
179
181
177
113
64
47
53
2
11
116
81
57
82
170
166
166
181
146
168
85
40
121
62
174
132
164
177
137
93
182
94
98
60
46
71
198
135
50
175
58
61
195
191
125
170
146
39
174
180
63
129
48
99
135
107
175
126
179
119
41
118
73
198
173
18
172
177
181
195
139
149
46
144
131
82
143
174
145
80
82
9
176
126
48
184
152
199
89
50
170
197
187
60
127
154
17
121
157
111
114
48
169
89
110
32
41
160
45
12
1
174
163
133
80
53
191
162
153
84
95
68
58
33
173
142
170
40
55
16
27
137
124
176
128
38
41
53
30
93
116
35
129
45
100
194
68
18
50
134
115
106
156
87
8
187
13
101
168
101
9
52
29
149
30
5
88
115
101
98
79
188
5
137
83
108
98
50
141
164
22
189
22
46
67
178
113
123
18
168
46
148
53
141
61
169
56
46
125
59
34
29
99
71
199
88
138
102
101
67
90
156
137
82
65
58
162
37
104
33
42
62
54
11
189
144
132
129
54
133
143
164
149
72
96
114
21
30
93
28
145
136
43
44
12
48
14
33
81
33
199
115
175
72
134
187
96
136
76
82
52
10
21
99
130
157
68
174
165
64
67
196
186
161
192
57
131
58
98
4
77
187
33
182
31
37
88
42
95
76
162
82
58
6
100
49
137
4
46
38
56
58
114
114
88
119
33
171
63
198
46
144
72
94
108
50
104
145
47
107
154
56
49
148
174
97
63
69
145
27
87
187
150
39
136
86
187
107
22
11
164
70
132
193
75
137
10
21
126
153
91
8
195
165
188
179
43
17
163
25
78
70
116
46
35
112
71
6
109
13
150
187
42
4
15
99
25
85
40
152
187
120
12
136
46
33
1
182
43
116
47
89
52
66
32
25
58
40
46
118
164
72
94
86
171
177
157
170
8
169
151
139
21
168
49
125
71
153
152
54
28
33
15
53
127
148
109
179
80
22
25
5
47
52
79
171
125
104
88
17
30
163
161
179
166
19
90
47
2
190
14
110
133
172
46
78
190
50
56
96
166
92
51
8
83
28
80
141
149
129
182
141
195
70
117
181
70
19
194
26
93
179
169
145
122
30
29
140
2
179
163
106
101
37
130
21
44
107
92
93
186
169
49
169
162
114
157
49
122
199
94
54
30
25
39
198
146
19
86
87
95
133
82
154
127
194
41
38
155
33
67
97
50
181
173
86
10
182
167
156
160
120
136
1
3
154
139
14
186
156
95
18
146
80
34
56
14
183
70
124
111
184
116
131
58
48
70
53
194
23
131
125
166
36
46
171
66
148
147
122
38
33
24
98
99
158
87
87
197
171
114
89
172
193
83
49
156
30
63
75
9
144
9
133
5
64
133
147
140
120
162
169
33
21
189
114
1
50
41
86
128
146
28
7
25
73
90
44
63
190
91
186
176
26
102
4
150
25
164
87
45
56
130
195
27
133
142
1
81
22
146
98
90
148
185
93
48
40
57
189
189
91
167
158
54
42
20
133
55
32
56
11
95
45
113
167
121
38
132
26
47
124
16
14
84
60
138
31
7
33
171
66
172
109
16
78
6
131
124
165
144
120
61
117
11
144
55
54
143
171
40
62
121
83
167
191
80
9
91
146
62
125
33
83
61
21
65
167
28
173
142
156
30
180
149
18
23
70
197
99
169
117
54
157
101
82
142
95
166
52
67
176
159
191
139
36
46
47
174
125
148
77
143
179
79
74
199
155
83
63
174
19
35
154
106
66
19
90
134
176
