800
80
135
151
122
88
133
145
152
93
94
152
87
148
152
141
116
118
124
156
140
101
136
86
81
95
105
86
107
153
89
100
102
109
111
146
119
87
156
99
147
102
98
121
138
94
102
122
141
82
139
158
133
141
110
141
111
116
144
121
121
155
90
100
148
80
135
88
82
144
129
127
128
108
109
155
100
158
132
109
114
129
140
143
89
111
143
123
128
144
156
150
84
139
94
123
146
146
144
103
115
83
126
98
121
85
116
96
90
84
151
110
104
96
106
141
150
151
131
100
154
146
126
115
85
139
131
109
152
80
150
154
159
150
90
102
100
102
84
120
111
147
129
127
131
134
149
146
136
147
129
112
152
135
100
148
86
124
131
89
152
132
129
88
98
104
150
88
126
102
93
118
86
130
102
90
91
103
116
117
121
90
120
116
125
114
122
139
142
113
141
148
123
89
86
149
89
99
156
122
137
115
102
101
83
144
83
89
149
156
121
130
146
84
106
133
92
104
125
95
135
152
87
83
133
97
91
115
131
91
87
97
128
114
100
157
81
156
156
138
151
89
151
113
111
90
92
134
82
104
131
113
138
84
140
90
157
151
97
93
122
88
102
129
153
155
116
97
150
123
142
143
125
126
141
109
103
83
104
91
109
151
95
114
158
128
105
125
87
117
135
80
140
106
147
90
99
100
96
90
151
88
81
147
93
100
139
130
118
82
141
102
106
111
109
125
131
137
127
85
88
91
80
125
146
149
133
81
92
97
134
106
137
106
99
158
128
149
110
99
107
140
118
122
105
146
134
150
130
87
101
142
119
147
128
95
156
80
127
126
123
85
132
148
83
97
132
102
123
89
111
140
157
158
102
84
146
88
108
159
138
127
87
89
145
99
104
153
108
110
140
123
147
107
138
131
143
156
100
132
85
91
136
91
129
123
87
121
90
103
117
102
129
109
128
87
113
89
136
106
98
117
140
80
91
118
137
138
106
82
89
114
151
80
114
142
82
120
80
152
91
83
86
114
114
155
159
156
129
127
153
129
131
147
111
129
140
107
123
120
99
86
92
82
82
158
157
130
103
122
133
100
107
95
83
89
114
83
154
94
136
106
102
127
137
119
112
107
127
127
91
116
109
104
118
155
141
93
83
87
128
130
99
82
127
123
153
112
146
110
143
145
131
136
136
118
132
136
118
100
110
111
141
149
147
94
111
138
154
104
102
119
98
117
116
84
139
81
125
89
152
126
142
96
128
140
132
128
141
146
119
125
130
140
154
121
135
102
121
81
121
159
130
125
105
126
135
97
106
99
158
83
124
106
106
134
142
116
120
142
80
110
145
88
105
143
119
106
152
100
144
117
104
113
128
84
94
103
125
92
114
147
130
88
142
94
146
89
158
148
131
86
126
130
149
113
144
117
104
93
140
94
126
99
133
111
82
133
114
116
155
107
140
115
118
154
140
117
152
102
133
81
137
148
85
80
117
82
149
117
121
121
91
92
139
143
87
97
122
96
108
112
109
142
123
106
118
127
89
145
109
108
88
159
154
152
120
111
143
100
93
152
120
93
119
89
87
123
83
121
135
127
142
80
159
147
110
87
115
158
118
115
80
81
114
132
118
144
112
146
101
121
153
139
125
155
92
88
121
128
85
158
101
100
83
83
131
98
115
137
128
134
144
150
158
156
106
110
100
132
80
109
112
154
154
103
124
124
126
92
117
98
122
117
110
83
83
114
108
111
133
100
143
83
128
152
153
84
83
123
154
128
85
82
81
87
94
129
101
83
103
144
132
108
113
80
88
143
116
154
152
97
130
118
80
115
85
131
158
133
131
151
