450
90
2058
2205
2419
1840
4373
2280
2026
1107
4324
3273
654
987
3383
1745
1362
4031
3612
332
440
1099
2348
1206
3154
2668
2594
3914
2953
1080
1457
1812
3862
4039
3365
3162
2050
773
727
2929
1061
1096
1712
923
748
3736
1262
1833
4118
3990
2880
526
2389
897
4188
810
2851
2954
4026
2212
1325
1015
1923
1691
3003
618
570
959
2903
2980
4338
1872
2192
110
1853
509
1231
3702
3274
2112
372
4041
2504
3128
759
1971
1176
3357
2276
3435
4098
919
766
3139
2103
891
2498
2863
4387
907
296
3023
4094
490
1488
2873
3302
2892
397
740
2283
1791
2465
1314
2434
3921
2575
951
3924
1383
499
674
2778
1905
1788
3264
1592
1005
905
1427
97
1981
3325
2503
1902
3956
2271
4400
3392
1329
2303
1173
877
2494
137
1565
415
2617
673
4040
991
1711
3693
3404
2830
3887
1858
2703
4356
316
1052
2541
1845
1342
3180
4134
2007
2436
2187
4490
4394
3116
4405
421
2368
39
3620
220
3906
4052
2109
1046
3370
3550
959
1359
3381
4209
1717
3364
2027
2466
3482
512
4312
1908
3757
2831
2366
4035
2104
2033
1175
2623
3089
694
1890
2583
3271
1656
141
2518
3556
985
2857
2906
3628
2511
3893
348
1822
2684
3950
2680
185
3109
3911
3068
2408
260
56
3662
32
2966
2638
986
3699
3487
4293
1412
691
1275
4461
1823
1066
1328
3910
2342
2555
487
4400
2981
161
2564
4436
1773
221
2815
1570
2379
612
4036
2932
2984
1440
687
1324
2642
1788
3001
4216
432
2458
746
2248
26
645
2801
484
1306
1059
627
4113
2299
3428
3661
504
3553
1299
3045
983
1947
3640
2739
2416
3927
3612
3421
3017
1008
3994
1381
3413
1928
1315
2645
2882
1994
3605
2469
808
1162
4171
841
1203
4246
4100
1082
551
2588
3999
575
2304
849
2080
1853
570
2384
285
2160
2773
1977
3178
2409
2535
4142
108
2573
4144
474
1537
580
2563
2516
2622
4244
67
2185
4404
1095
2095
2826
1925
3240
250
4323
1785
438
2473
3385
1723
2882
418
2721
187
4239
1402
2734
1312
4400
946
2083
2528
360
3737
576
3935
1679
3458
3917
3847
589
1060
1843
3785
382
3798
2683
3708
2731
343
3600
1762
1056
1155
573
3442
2815
2244
1567
1885
1729
772
3284
256
4254
2728
1551
864
4004
3253
2201
2441
3101
3472
975
4340
1211
828
3166
1427
4086
1466
3039
1753
472
2431
152
101
4232
551
1483
1576
678
3192
2069
1263
126
2421
2892
830
1791
1696
1339
2107
3829
2002
2923
3259
3618
3875
3041
