900
60
24
117
99
36
13
9
96
43
10
97
77
47
87
93
104
53
30
55
101
91
36
97
6
37
40
84
44
5
12
96
84
37
3
69
63
115
81
68
40
104
54
86
59
41
34
58
111
81
66
44
77
71
105
12
106
72
54
30
119
74
115
40
28
94
4
49
104
66
68
96
89
7
62
62
62
22
96
113
2
44
103
80
45
11
91
48
23
34
38
88
22
32
73
89
111
12
43
24
4
87
113
67
88
109
115
47
72
65
19
49
53
20
22
106
118
66
74
79
109
73
25
54
77
73
97
31
107
45
49
80
78
48
91
90
12
64
72
71
80
64
11
83
54
75
38
33
119
26
88
7
34
100
20
32
112
6
7
66
20
64
2
9
104
37
52
13
69
18
74
44
29
106
117
37
103
110
99
64
20
64
79
67
76
92
100
43
86
4
84
59
32
46
57
95
6
39
116
60
80
60
118
83
23
8
88
104
88
119
94
56
44
76
53
100
50
109
72
99
36
105
55
92
76
56
98
34
74
112
74
110
19
91
21
111
70
16
112
5
44
16
118
103
26
35
41
4
39
90
6
22
46
13
94
112
78
85
46
105
105
89
40
107
23
110
115
59
51
22
95
28
1
89
97
13
53
49
110
59
87
95
26
93
88
6
18
7
23
41
93
75
20
18
14
72
32
28
115
89
34
98
59
84
14
89
13
43
13
31
39
26
82
116
98
76
59
84
82
37
7
83
86
23
84
10
60
100
87
55
93
15
84
67
68
80
78
4
101
27
32
66
76
78
96
96
51
105
78
76
95
10
34
95
22
100
66
6
119
29
14
14
10
86
58
9
68
77
45
36
16
99
45
55
70
104
83
25
48
33
88
3
52
63
74
40
48
52
79
104
108
66
10
41
99
49
100
73
101
56
26
66
40
99
63
86
98
5
21
77
81
62
85
22
29
90
23
38
71
78
99
56
6
48
109
64
49
88
22
63
53
7
74
64
100
15
54
75
63
46
37
42
102
52
56
85
45
95
82
52
107
93
94
101
90
75
89
76
79
47
36
96
58
18
75
27
113
33
86
53
55
117
81
53
93
70
16
36
56
53
9
49
8
62
23
107
46
67
39
27
101
119
1
83
2
87
97
52
11
81
9
54
40
107
98
42
93
63
22
55
4
91
72
6
14
55
32
22
35
51
20
58
22
35
90
74
54
93
118
80
37
50
90
100
25
5
36
43
101
40
50
60
72
96
104
47
67
83
10
76
115
77
57
40
47
67
105
73
49
24
79
119
112
103
63
1
106
64
9
70
105
13
18
78
9
59
32
107
24
13
117
93
40
75
66
11
40
67
6
105
94
25
55
91
7
76
98
51
73
102
47
73
39
83
89
112
16
30
74
98
40
63
9
3
54
9
88
75
90
76
32
113
89
97
99
111
43
81
35
31
3
101
68
91
21
44
5
100
3
9
64
24
46
94
48
23
45
109
119
99
36
39
67
60
84
56
116
104
79
13
83
96
17
40
38
53
52
75
34
88
67
30
103
104
106
43
83
26
12
62
55
71
104
117
14
39
47
19
5
24
50
102
45
101
3
23
7
112
6
110
22
45
22
9
14
10
93
29
25
116
57
87
92
111
88
21
51
32
101
20
9
37
88
43
89
70
64
69
10
77
16
32
25
35
70
53
118
39
70
51
72
37
56
11
91
44
80
51
46
81
79
92
15
93
113
21
49
49
71
74
53
23
36
103
116
83
8
44
14
69
114
52
13
77
69
11
101
105
49
97
112
32
21
43
62
46
116
6
31
67
14
36
89
90
104
54
118
2
55
23
7
114
50
91
67
76
119
46
6
28
29
61
64
98
101
13
104
41
15
87
2
65
108
15
98
21
73
61
74
3
53
55
6
43
48
3
28
49
28
62
70
76
43
1
22
71
100
97
112
93
95
27
37
77
56
10
88
113
13
84
102
63
70
45
91
107
74
15
5
9
51
5
56
53
77
9
87
42
81
23
22
90
67
44
88
8
117
68
64
44
51
97
98
119
102
29
29
91
49
89
64
96
