1050
70
105
80
103
118
98
93
84
127
87
129
139
103
125
78
107
119
78
100
102
129
103
77
124
134
125
87
111
75
108
122
91
112
113
127
101
138
95
122
130
103
115
132
74
132
72
112
109
102
74
131
120
86
99
124
120
102
83
78
77
96
103
102
90
78
114
105
115
104
122
99
88
87
139
110
130
97
98
95
94
96
121
106
86
112
105
101
109
128
129
92
96
129
71
117
98
120
113
131
121
76
131
116
94
79
74
122
130
93
113
97
139
80
129
136
72
99
120
124
96
128
108
111
109
78
91
120
125
133
123
76
135
79
73
94
114
115
111
76
110
95
89
102
126
134
101
117
94
81
139
127
99
124
139
98
107
134
86
107
117
116
130
98
104
132
86
127
109
90
90
128
98
74
103
90
105
100
73
91
116
88
99
82
92
123
94
74
118
133
137
96
110
106
121
84
120
104
77
75
73
77
126
109
74
104
87
109
107
76
124
105
80
131
96
136
114
130
92
120
96
127
99
77
79
100
132
139
112
92
87
103
74
122
135
107
115
80
75
80
86
129
123
91
98
88
111
97
80
98
132
111
109
115
137
110
117
126
139
92
100
121
100
102
123
134
110
129
94
81
118
84
71
71
120
101
81
85
114
76
94
71
115
89
118
105
77
84
85
136
118
102
117
114
79
86
78
79
96
90
115
125
116
100
89
134
127
117
84
105
128
136
92
105
137
88
125
92
95
108
118
118
132
99
116
93
130
85
121
116
107
77
98
87
74
119
132
70
118
111
131
135
131
71
117
81
76
136
121
75
112
135
136
120
89
98
94
98
110
94
118
131
106
90
136
83
104
124
80
120
115
123
127
124
128
82
95
127
136
105
121
138
75
87
90
73
135
96
116
116
105
109
75
73
93
110
135
137
71
87
126
136
93
137
92
138
93
80
110
80
96
98
88
101
74
138
111
122
114
105
91
130
122
121
100
136
97
124
113
104
84
137
126
111
121
124
71
135
109
136
76
108
116
96
117
134
77
87
128
127
86
132
84
82
75
80
127
74
112
127
123
100
110
123
83
126
95
90
115
135
138
112
107
134
101
102
118
123
86
99
99
118
81
139
99
84
104
115
118
78
133
87
122
116
84
117
102
70
94
124
127
113
73
94
100
90
128
104
135
103
103
128
111
89
91
103
90
114
91
82
90
77
130
77
101
86
103
123
111
109
117
130
70
124
75
124
125
112
134
98
113
109
72
70
86
126
134
96
118
89
110
106
89
116
110
82
107
80
133
114
135
117
133
138
76
138
118
110
102
120
100
122
116
99
108
79
82
100
97
111
98
129
101
136
88
106
87
83
112
89
71
86
131
79
135
92
104
109
109
138
103
81
87
130
131
110
138
88
103
133
94
137
116
137
112
94
79
120
88
132
100
133
90
134
103
125
81
123
133
124
76
79
86
111
118
98
138
124
78
106
83
104
93
86
74
134
72
94
80
90
93
104
109
71
131
95
110
71
77
119
125
116
120
83
70
70
126
72
92
138
120
78
73
71
108
123
119
131
84
75
124
111
85
130
111
91
92
100
78
115
105
76
136
99
114
108
103
91
116
71
100
96
90
119
95
124
94
129
120
134
131
122
135
128
105
101
109
94
104
78
136
74
122
75
101
91
96
98
97
83
78
80
74
97
129
128
139
87
124
109
121
85
98
73
119
107
74
119
130
96
112
137
79
104
118
94
85
104
100
83
108
90
109
78
120
98
122
86
76
74
85
126
123
81
75
115
73
80
134
100
113
76
133
95
108
73
76
118
116
73
70
125
105
80
75
84
75
110
129
104
101
122
84
109
80
70
116
136
100
79
83
132
80
132
106
109
82
138
88
82
100
134
115
74
77
132
70
130
76
119
124
113
101
75
115
101
78
72
124
129
123
107
118
72
108
110
77
103
119
93
81
110
99
126
80
81
113
132
118
75
74
70
79
96
102
128
107
113
82
99
118
132
122
93
87
77
121
109
109
96
100
139
111
79
99
120
111
99
129
92
114
121
124
79
132
78
100
100
136
122
72
115
80
70
90
77
78
83
86
81
128
103
84
97
96
102
88
139
98
128
116
107
78
96
128
127
95
104
130
107
130
124
99
78
80
90
95
139
86
95
80
115
74
89
70
107
122
99
94
107
109
78
78
92
85
138
120
100
136
120
85
97
79
128
120
82
98
135
105
110
79
136
84
125
84
82
110
84
78
90
113
94
128
73
135
112
90
112
106
121
127
109
133
139
134
95
87
76
73
98
103
81
86
91
92
128
83
109
71
99
113
121
120
117
80
85
97
115
131
103
81
93
122
92
116
103
81
104
115
106
134
121
122
89
102
71
108
91
98
70
98
91
111
129
131
136
138
130
132
92
107
114
