1350
90
78
12
61
171
174
87
54
163
106
137
23
134
132
82
133
16
56
79
71
30
71
19
55
124
136
155
118
104
11
114
15
74
93
76
123
79
130
119
15
104
72
126
113
119
105
129
4
17
128
110
155
78
120
46
154
73
162
126
113
44
142
71
59
49
144
30
63
114
99
38
78
123
103
148
143
29
50
3
155
14
118
83
132
83
102
162
87
60
99
111
72
9
158
92
153
35
156
40
113
110
34
107
146
70
24
89
85
172
114
146
48
170
175
75
154
173
38
37
11
86
69
97
93
32
11
112
177
62
12
10
164
167
96
9
178
40
2
102
132
78
80
119
33
67
168
141
157
34
84
46
18
32
74
122
52
170
78
107
90
145
86
150
167
54
20
94
177
64
91
155
85
101
142
93
51
81
174
155
22
2
132
7
45
133
28
62
142
134
109
125
20
134
134
169
170
13
66
143
14
115
103
117
136
74
145
48
115
130
120
128
5
134
165
75
16
92
53
139
167
101
52
45
168
89
18
5
76
104
95
173
34
115
110
178
2
9
93
18
164
91
109
59
3
113
77
6
135
118
144
143
146
12
172
111
36
76
119
100
122
47
108
156
169
83
121
27
66
10
17
6
109
29
126
87
131
168
161
87
88
159
112
72
69
111
148
7
49
49
177
81
164
169
168
69
127
118
115
13
164
106
82
89
81
14
98
162
118
4
112
81
173
111
33
33
107
44
171
70
97
6
84
127
76
179
120
49
116
51
69
18
64
35
40
79
149
7
147
88
45
56
88
80
63
146
40
32
68
9
113
159
41
156
163
126
7
55
61
65
82
151
175
148
52
2
97
100
173
78
145
168
170
150
93
57
116
75
121
20
91
15
36
97
157
14
119
153
15
1
123
94
84
15
19
79
59
146
46
64
66
62
167
160
11
102
30
117
56
12
88
110
16
7
168
95
102
126
61
106
153
42
49
37
93
27
171
117
106
100
100
59
18
75
161
24
166
15
150
38
81
56
12
109
125
171
109
50
99
132
21
67
119
108
98
109
107
129
24
31
83
133
11
78
97
45
18
125
70
85
95
1
1
142
85
111
114
142
54
129
170
174
151
99
160
126
31
117
156
150
121
11
85
158
13
151
121
56
103
64
124
68
55
99
100
32
167
132
114
76
36
69
45
163
146
55
42
7
129
172
34
51
95
37
104
168
119
176
155
41
137
133
138
170
61
42
150
8
40
141
102
158
60
136
11
43
108
66
13
178
57
96
107
146
159
18
17
93
11
25
134
137
15
51
95
105
72
173
113
81
14
88
143
78
35
123
101
70
177
169
152
10
48
33
159
32
161
110
28
81
104
97
84
32
134
147
63
28
108
14
58
49
172
142
43
153
71
13
36
168
112
118
163
57
99
40
130
149
64
33
173
1
146
126
154
34
5
140
25
17
8
131
131
77
87
116
117
35
76
102
166
18
68
150
81
131
84
64
38
157
58
58
28
116
81
117
100
64
109
179
159
102
83
23
173
83
176
178
9
95
99
30
88
23
104
106
51
3
64
159
100
11
67
62
174
118
147
167
83
91
147
148
9
55
108
46
161
152
71
125
66
12
148
123
147
55
14
94
101
6
8
52
72
24
70
85
30
110
40
64
39
123
168
123
87
124
135
13
56
21
98
143
103
84
147
171
62
167
119
65
138
14
59
4
160
111
108
51
114
127
44
82
107
14
154
6
59
5
76
20
83
162
53
5
7
26
62
91
143
129
64
169
45
123
53
53
105
69
116
142
95
15
153
111
101
139
84
58
37
102
20
68
166
139
152
97
132
83
106
87
43
162
98
91
64
155
75
122
96
26
67
52
68
67
81
166
150
123
137
113
147
121
145
117
136
136
86
177
151
171
51
122
18
46
160
87
179
110
140
61
117
7
40
147
104
127
33
151
91
131
121
155
157
18
47
140
146
164
101
136
75
46
64
6
136
102
171
36
142
166
136
49
119
13
147
159
42
110
101
177
129
9
146
9
128
149
80
160
136
109
71
142
68
142
29
114
26
175
176
73
142
154
87
65
138
87
147
31
47
177
33
79
127
172
131
100
128
142
101
89
2
14
30
123
2
135
116
128
72
13
164
41
11
147
108
6
151
90
3
170
148
175
146
63
166
125
101
20
90
86
30
166
69
8
19
71
150
93
55
21
132
129
65
175
81
40
136
25
55
144
41
122
11
29
104
46
136
3
128
143
174
163
74
141
10
14
19
171
41
75
1
156
26
74
110
173
30
9
124
105
54
16
16
69
138
62
106
87
97
27
177
30
18
12
54
178
85
63
12
97
11
13
136
33
110
148
165
15
166
120
4
140
75
100
62
165
48
118
66
174
112
63
34
51
109
122
156
175
48
2
16
95
99
136
40
8
175
179
18
58
92
34
138
73
83
51
149
114
27
44
85
166
12
128
138
62
24
122
84
108
136
63
8
33
147
5
176
106
12
44
36
66
67
18
119
179
21
133
72
85
111
69
39
171
20
49
46
103
20
139
162
150
91
42
164
89
145
45
139
128
149
13
64
55
115
129
32
6
132
9
17
18
155
148
37
45
3
125
4
134
38
26
136
176
24
78
85
62
72
71
5
81
4
1
57
134
116
129
173
10
11
109
96
50
118
30
18
136
145
128
128
4
133
49
65
33
23
147
178
139
37
154
101
19
97
83
91
172
90
157
27
151
85
99
34
99
168
137
56
39
134
14
59
33
144
109
100
103
54
28
164
134
24
141
63
44
146
162
31
139
116
14
169
31
52
177
67
121
11
157
61
88
126
63
163
178
141
68
135
121
12
161
114
7
99
159
73
23
174
21
8
66
111
34
73
126
122
104
15
51
139
24
58
79
25
177
84
74
119
18
164
17
134
153
91
13
8
117
35
75
131
22
2
133
34
74
158
6
25
82
31
57
115
8
97
78
146
58
94
94
56
102
87
78
9
95
32
168
62
165
144
69
167
58
137
142
22
92
118
159
130
169
85
23
154
55
62
47
176
58
79
24
111
134
135
60
61
173
177
108
29
92
179
2
144
141
116
39
178
116
54
46
