240
80
155
125
112
129
126
81
131
105
147
138
142
130
96
115
110
113
119
158
142
120
138
133
133
132
96
108
91
83
90
115
83
141
124
116
96
98
142
97
159
101
105
80
132
88
157
143
104
115
145
145
120
120
127
86
138
100
119
136
102
138
149
126
106
158
111
93
118
157
123
110
95
158
158
116
159
96
132
123
115
159
123
158
141
149
106
154
112
81
90
86
89
127
112
139
146
155
159
116
151
84
83
154
107
133
99
91
121
85
155
80
144
115
151
85
158
125
118
106
139
80
110
158
132
120
133
141
97
156
99
112
85
111
136
102
83
111
95
120
108
93
109
142
85
97
85
132
141
122
142
103
99
132
130
109
83
149
83
98
106
138
91
112
107
120
80
83
83
150
156
122
81
138
141
89
99
102
103
137
119
136
80
129
121
159
104
130
154
111
97
130
139
102
158
154
84
147
129
118
146
144
154
138
114
130
147
152
108
129
82
118
92
118
114
81
93
133
139
151
98
125
150
144
154
92
140
99
97
128
81
118
86
143
138
142
106
145
153
132
97
157
