300
20
40
32
16
37
39
25
91
15
29
26
73
72
51
39
68
52
79
83
99
4
85
76
82
23
48
43
47
47
22
67
29
20
47
43
33
76
90
28
6
30
3
37
27
79
14
10
96
78
82
27
98
100
19
63
31
21
17
34
81
13
18
3
19
12
13
19
21
8
60
49
27
4
92
25
87
48
96
6
25
99
24
14
39
83
20
1
14
77
50
36
67
76
7
46
94
47
65
42
79
53
91
52
72
2
100
34
19
77
53
64
15
60
52
86
70
72
49
68
73
84
18
71
3
41
80
66
37
89
93
54
80
97
85
71
75
96
46
58
95
73
98
21
2
62
95
78
71
4
78
79
85
57
23
14
65
54
53
94
16
23
86
3
33
47
29
15
32
68
50
43
64
91
82
14
65
85
71
51
13
100
70
3
18
50
42
92
14
3
95
13
35
37
21
18
61
8
82
80
36
58
41
96
24
31
76
37
4
77
39
42
89
23
21
81
78
85
82
93
62
90
52
74
74
4
90
43
66
96
35
79
5
38
39
40
28
49
87
71
44
85
40
21
15
27
92
49
94
16
24
9
67
35
82
52
81
15
12
38
10
55
65
30
76
9
88
35
16
44
46
29
27
100
55
27
85
14
56
35
71
58
43
24
94
34
88
62
63
42
27
98
58
16
61
53
41
96
67
64
83
40
