1200
80
95
139
144
87
157
101
91
105
93
115
144
117
119
123
155
121
94
96
107
80
129
139
118
111
111
102
131
154
143
116
147
149
146
126
117
99
126
103
81
147
102
83
133
113
81
118
137
84
91
97
97
131
151
94
132
117
102
113
134
106
104
154
104
91
86
138
82
81
114
83
145
84
149
141
155
141
145
146
157
128
112
96
117
158
97
124
151
85
85
104
129
133
85
85
154
102
156
97
92
131
125
81
95
156
153
159
133
92
91
93
136
132
81
124
126
124
152
97
101
151
102
120
101
103
92
142
137
137
117
133
147
130
120
155
139
119
96
127
127
102
88
138
82
89
92
86
89
97
103
114
116
103
110
109
136
100
110
83
148
133
103
134
142
104
127
81
152
103
106
142
141
140
145
123
137
113
118
116
148
129
83
113
156
135
128
125
127
85
110
119
140
134
130
81
144
138
96
145
125
87
116
96
141
125
93
103
99
135
94
132
144
82
113
83
100
107
143
159
105
84
90
102
119
149
103
135
152
98
127
108
85
140
106
140
152
153
145
129
122
155
102
81
97
125
134
128
136
139
156
99
150
109
85
140
117
141
119
83
86
144
112
119
85
133
112
130
103
140
150
155
109
128
91
123
102
149
93
102
120
157
139
128
141
146
148
133
107
129
88
82
117
130
91
142
130
143
152
110
158
97
111
90
129
96
148
112
92
97
81
157
144
103
89
104
91
105
131
136
108
86
138
131
108
132
107
109
123
142
85
89
153
150
101
90
120
113
118
155
85
97
132
103
121
102
152
149
133
153
127
149
108
124
113
107
147
92
126
119
144
113
133
122
107
159
152
148
149
159
128
123
136
92
154
147
151
123
82
133
97
152
155
81
124
131
139
91
87
137
112
108
139
136
130
80
133
96
132
102
153
109
93
112
151
132
123
119
123
90
84
138
106
153
86
99
133
155
149
116
146
146
89
133
132
155
90
135
155
96
84
120
112
96
108
97
157
133
99
153
151
99
143
85
99
153
154
105
91
142
111
99
81
99
143
137
124
131
92
126
152
145
82
117
121
97
88
105
117
129
108
114
118
93
133
134
131
98
110
97
102
89
92
130
142
129
84
117
147
156
110
117
137
152
94
107
92
113
140
129
113
143
137
120
126
107
84
90
112
86
134
118
131
124
136
82
83
87
101
157
149
102
96
125
86
117
127
91
118
156
157
146
99
156
87
135
143
141
152
118
111
133
83
127
146
119
144
128
92
121
124
101
117
150
86
89
119
115
139
123
82
154
146
117
90
134
102
80
96
111
104
138
109
84
89
118
109
115
100
114
82
124
94
114
130
140
123
134
111
136
89
106
159
144
149
135
99
113
107
157
106
89
132
92
128
81
94
112
80
156
136
118
145
146
136
118
153
115
142
109
112
138
88
109
104
123
137
147
105
132
129
144
125
85
142
159
81
85
95
115
134
103
90
118
100
119
117
104
94
126
148
105
102
88
131
101
124
84
109
100
81
106
144
94
109
113
84
113
82
97
86
91
154
102
106
107
153
108
110
134
115
155
90
144
130
87
156
136
157
121
90
115
123
98
145
131
126
154
108
127
104
137
129
127
150
105
91
90
86
85
86
157
94
113
126
107
112
111
108
114
80
89
88
95
154
131
83
136
150
136
84
108
89
151
143
151
106
127
93
148
119
156
121
134
123
87
113
140
86
125
159
128
152
94
119
141
114
85
120
130
147
98
139
148
149
146
98
113
87
94
150
114
90
156
132
87
108
128
123
155
84
157
110
117
153
156
127
109
108
102
136
83
102
118
157
111
97
153
147
95
114
153
89
137
139
145
123
142
108
140
124
132
115
147
99
106
109
122
108
82
100
83
101
146
125
134
95
109
148
97
130
88
101
112
88
138
156
153
124
142
132
108
90
97
134
130
87
123
114
147
153
111
126
102
144
105
101
115
141
159
151
149
84
135
92
134
108
90
137
88
151
105
131
92
90
141
130
145
150
112
106
152
96
157
130
158
148
85
97
149
140
136
157
97
108
143
112
139
145
85
88
115
155
112
114
98
126
84
112
94
102
114
135
125
82
156
121
132
97
114
84
102
97
137
151
94
148
128
96
147
147
105
98
117
148
142
95
102
115
154
102
128
100
146
111
152
114
83
150
109
131
143
109
83
159
149
147
99
81
118
150
121
109
138
83
159
158
131
135
89
100
132
148
108
97
116
97
109
118
157
136
92
101
105
118
122
82
134
123
91
154
114
125
122
138
83
132
86
110
152
82
137
105
114
135
122
82
133
127
146
101
126
91
100
87
137
115
142
141
100
90
145
122
111
103
121
116
104
126
98
112
132
142
159
104
134
136
105
145
94
97
104
127
103
136
97
118
134
117
153
127
152
158
96
130
139
113
83
151
95
95
104
102
148
113
137
87
124
86
151
130
100
113
115
96
110
94
127
84
111
118
129
81
148
89
84
142
115
146
124
123
145
129
83
110
135
130
100
94
138
155
86
146
106
92
106
133
155
102
146
134
143
156
133
148
124
80
116
106
150
85
108
93
134
138
90
144
82
94
132
155
129
92
81
116
109
148
87
114
133
105
142
102
99
115
115
112
99
87
155
121
125
91
103
132
155
81
93
143
126
108
154
105
134
92
115
157
157
112
147
151
143
155
84
99
89
123
112
103
142
91
149
133
155
84
90
82
132
158
91
133
156
152
118
122
105
92
150
92
135
122
133
