150
30
191
1398
552
129
111
363
1194
1422
268
160
32
1103
919
140
117
1328
55
1167
474
756
1381
977
1233
566
106
152
1342
1007
836
1259
414
209
471
90
878
567
813
351
1272
1449
587
155
751
588
1329
548
227
859
1268
94
777
317
551
179
1277
434
919
80
717
567
1281
1342
1082
1312
862
1012
185
904
1403
216
834
1031
1461
1276
1167
1433
1072
1145
373
426
385
126
367
423
775
874
936
156
140
918
892
1216
1002
1177
878
100
1433
344
1203
1354
373
1304
723
87
185
362
599
1146
1366
586
440
448
648
918
233
44
173
634
939
510
748
798
705
8
957
1077
1251
1144
612
649
415
1222
47
1265
191
528
1118
719
637
20
1130
279
737
1370
39
67
582
874
365
1189
