900
90
7874
2899
8327
2095
2325
378
8518
8131
1173
6494
3674
7769
4634
2894
2366
4902
1084
5365
7390
1827
6557
1231
2457
7894
1021
3136
5402
8187
566
3686
3751
3961
8312
8595
5850
1671
5000
1161
900
551
8615
3529
3077
861
5250
2464
6639
3775
4597
3526
6119
862
2519
4211
3230
7806
279
1668
8531
8830
5251
7236
6481
2164
1209
6116
114
1384
3157
6590
8796
8119
4932
1336
3765
4219
4568
1442
637
1341
8945
3097
418
7747
5634
170
1970
6604
6265
240
2897
3263
4614
6271
7093
58
8603
4138
8548
1316
388
6976
7254
2230
5730
214
3484
1213
8984
1141
2408
2830
6265
5419
7852
5210
3651
4993
4149
6322
8464
4752
1542
3058
2732
2216
8693
8347
307
5832
8871
419
7434
4945
4641
483
295
6789
2918
6401
3305
7395
6782
3230
2825
917
6837
5087
897
6282
4830
8460
361
2298
1733
2387
836
5940
3048
3213
5479
3066
1643
7364
6500
6858
867
1119
2064
7911
7818
4139
1083
6501
5445
497
8844
297
5080
756
7165
1236
2329
3683
2281
720
2806
277
734
3136
7758
7767
3793
1065
202
3855
2879
453
8643
3882
3576
3134
7528
7992
691
8377
6688
3813
3091
8283
1492
7516
2166
2047
8549
6063
3195
5950
5097
6157
6041
6529
2961
106
8778
6473
1667
932
3188
4482
4189
1936
867
1038
7355
1375
477
532
3848
5305
7879
4277
5122
8806
8305
1970
3564
3961
604
219
3036
6323
2917
4239
8193
7463
8059
6851
6366
1717
2084
4548
1518
3039
7108
8172
6807
6311
3525
6504
912
2622
387
4931
829
8849
1886
1017
6186
4307
7208
4318
3503
2531
6662
7964
2839
2224
8418
3768
7927
572
8529
7117
3561
3563
7185
5553
2634
5789
2724
6071
7029
5044
3702
2388
7789
8318
7071
5237
4144
8781
3048
5519
2078
8178
2696
639
5321
5603
879
3107
8550
8542
1523
1040
8328
8748
4869
5726
181
5124
8944
8594
1971
1064
3209
1210
4105
7441
6545
8230
7194
3941
5188
4213
3229
4650
3375
4162
7122
1228
8482
4708
8517
3964
3202
3509
5216
230
6268
7678
8661
4314
139
896
4801
8700
7864
2625
3894
6991
5938
3322
2307
753
1938
609
4190
2370
774
7021
6496
968
7184
5896
5857
562
2340
7522
4513
5005
6630
5956
3575
2225
1966
5262
4706
5453
7289
6093
4719
398
3242
4879
8873
1115
8758
7677
5474
6115
7719
1587
5556
6306
2151
8367
5784
5040
5659
20
1294
6151
5245
3007
1535
7722
2030
590
7430
3354
2495
425
3219
410
1783
5751
4383
4413
7614
3995
3718
79
8730
2179
8433
3776
3384
8247
4146
3487
4978
4103
1474
528
7854
6100
6491
6041
176
3561
4471
1347
5827
737
2500
1419
5435
4987
144
575
4680
3998
8632
1667
677
1999
6542
5577
1212
8807
1500
4539
3868
5522
8595
1983
8008
886
2514
3330
2996
2083
6563
6218
8524
8133
494
2517
7553
5302
5599
7356
4888
7921
3738
7588
2760
6123
836
1054
7311
5763
627
8361
7705
6332
5455
1030
6728
8796
4197
1774
232
6366
7859
6445
116
6387
2802
2094
5531
2950
285
5767
7053
4420
340
4160
6246
3164
4034
4301
2794
8085
4993
5105
1381
208
4103
272
5368
7530
6767
1137
3819
3143
8193
2880
6956
4142
7854
4548
8116
2511
685
4477
1231
3476
8118
1795
7382
6166
3131
7176
4464
526
5794
8086
3672
1722
554
7251
3591
826
4430
8814
7568
215
5941
7640
4392
2561
6324
8213
3160
3591
3484
4976
8497
5953
5473
8918
8771
316
1071
5509
3590
2648
7837
4012
796
1879
8861
5924
5060
442
5579
6850
4889
383
1870
6114
7185
6797
2603
8950
7745
334
5201
1741
4135
3376
4143
5271
1411
7966
7305
156
5259
1186
986
6271
8293
4814
8797
7686
3631
8423
5761
6570
8843
5529
7605
531
4015
1790
7959
7098
4568
8779
8132
8525
6276
2182
5855
1494
6369
4789
3363
127
2394
4006
4300
3892
2458
579
6845
1340
5377
7529
4153
1969
8563
772
27
8407
1392
49
7629
8224
1626
1205
2952
7916
1508
1900
2674
2727
7715
5061
1861
4806
5941
1618
2318
8059
6877
1656
2126
569
7284
2842
5700
1550
6299
2802
662
6032
8007
1999
6173
783
8026
25
845
924
8821
6635
1116
7102
4404
3048
8356
4152
1461
5314
2305
7150
6739
851
8417
6876
1496
7161
2729
779
8419
2911
3604
1593
8980
599
1339
8518
7149
6125
7833
5770
5110
4849
796
4648
4867
102
6890
4938
7549
5548
1921
1098
1974
5201
3526
2968
1052
278
4181
8794
3083
7696
6291
695
7555
1284
3709
2759
1219
854
2973
6033
8966
254
6981
388
2151
2618
6770
5249
4607
3155
2862
4312
7047
6097
1351
2963
6848
674
130
3049
3468
3315
7245
6006
6699
1328
8172
1363
1771
2900
3431
5108
3690
2587
4195
5744
4219
1
4278
6735
1980
8704
5150
1295
6167
53
8078
8704
5311
6695
238
4725
8482
4889
3377
5512
1817
2941
7221
6313
1868
5994
7403
7503
6590
4481
4417
8978
1434
7100
5451
8623
8968
5239
3652
6802
7693
1049
8375
3420
7723
8010
2246
5711
5962
6152
5905
3701
8056
8505
6751
2526
2045
3606
8150
855
3212
8314
3040
3938
1678
7786
4218
6050
6831
8969
4549
1379
