240
80
88
91
97
47
32
72
36
63
77
88
47
57
88
73
55
36
16
81
2
60
52
11
64
56
78
80
53
43
78
54
3
95
63
13
85
95
11
96
37
41
86
51
3
15
9
74
7
98
96
30
65
11
77
88
8
68
25
80
4
38
9
58
68
97
81
26
40
97
69
11
78
98
11
67
39
20
29
96
83
5
34
58
64
53
47
72
48
69
73
17
19
32
29
92
49
23
12
44
58
67
35
44
57
10
5
33
59
33
84
89
74
32
17
92
91
43
93
37
65
5
3
42
19
66
7
1
36
36
82
31
66
61
22
31
84
82
87
24
1
11
19
7
33
97
73
55
81
14
90
11
98
27
84
81
65
23
81
73
67
73
47
64
76
9
79
94
50
96
99
63
21
13
39
67
94
92
53
80
61
28
70
6
59
50
80
85
5
61
68
23
92
57
81
95
59
43
47
58
61
52
3
5
39
21
82
47
56
7
78
83
45
66
53
89
60
25
47
6
48
76
21
65
12
86
50
23
47
23
62
72
77
35
27
70
78
9
2
90
72
21
