400
40
100
100
102
97
100
96
98
100
95
97
102
98
97
98
103
103
99
99
101
101
99
102
105
99
96
102
103
104
100
99
99
99
99
96
105
102
97
105
98
99
97
100
97
100
100
103
97
95
101
100
103
100
95
104
100
104
104
98
95
98
105
103
99
96
96
105
95
95
97
105
96
105
95
97
103
101
95
97
98
96
104
99
104
105
97
101
97
102
105
105
102
97
103
95
99
98
100
101
105
99
104
104
98
96
104
95
95
100
104
97
95
100
104
102
100
103
103
99
103
105
104
95
95
96
100
101
105
100
100
98
100
101
105
100
103
104
97
101
100
104
100
98
102
105
98
102
105
96
95
103
99
100
96
98
104
101
102
95
96
105
101
103
96
104
104
95
97
95
101
100
100
98
96
105
97
99
97
105
101
103
99
101
104
101
101
97
96
97
97
96
96
104
97
101
97
104
95
98
103
101
104
100
97
95
104
100
100
95
104
101
98
99
103
101
105
98
104
100
100
98
98
104
96
98
98
103
96
98
103
100
101
100
99
100
100
96
104
96
99
105
99
102
103
96
104
102
100
100
98
99
101
104
100
95
99
105
103
104
95
102
103
102
105
101
102
98
99
95
102
97
97
97
105
102
96
97
96
102
103
100
102
95
103
104
97
105
97
105
100
104
105
96
103
99
105
104
101
100
99
104
97
99
100
96
95
98
97
95
99
104
97
95
103
102
104
101
105
104
103
100
96
105
99
99
98
104
104
105
101
104
97
99
99
96
97
95
100
96
97
96
105
101
97
99
95
101
105
104
104
100
104
101
104
98
100
103
96
100
105
105
99
101
101
98
96
98
102
100
95
103
103
98
104
101
95
95
95
97
100
104
103
99
102
97
95
102
105
100
99
103
102
95
101
105
101
102
105
99
101
97
