250
50
102
103
99
98
96
102
104
99
99
101
101
101
98
102
100
98
101
100
97
96
105
96
101
103
105
103
102
105
95
96
105
101
98
97
102
96
103
96
104
95
104
100
102
95
101
96
100
98
104
100
104
101
103
97
98
96
95
101
100
99
96
97
95
100
98
95
99
96
105
101
103
99
103
105
105
103
99
103
101
105
98
96
101
100
98
100
102
100
104
104
95
103
98
96
104
101
95
102
102
96
99
97
103
100
103
103
98
102
98
103
98
104
97
101
105
95
102
103
100
95
99
95
100
102
103
102
101
96
98
101
104
104
96
97
95
104
97
97
101
95
99
95
95
97
103
98
101
95
96
95
99
101
102
100
95
105
100
101
98
105
104
95
104
101
105
102
101
95
102
98
103
105
105
97
103
101
103
98
95
105
98
97
98
102
100
100
100
105
95
100
99
97
98
102
104
105
105
101
102
103
102
95
104
102
101
96
96
101
100
103
95
101
104
99
96
103
98
104
102
105
99
103
102
103
100
101
105
98
96
98
95
98
97
104
103
104
100
95
104
97
102
103
97
98
97
98
99
99
98
100
