450
30
38
35
38
41
52
32
32
55
50
31
52
40
38
30
53
47
48
54
56
55
42
36
59
39
53
50
33
40
57
58
56
48
56
59
40
49
48
54
34
32
53
34
46
31
39
55
42
58
42
55
48
35
59
31
59
43
58
31
40
49
37
54
44
32
51
56
43
42
36
58
37
34
58
37
57
58
54
52
33
38
33
42
36
58
39
53
55
34
30
36
54
38
30
53
45
56
51
38
45
30
41
46
54
33
43
32
45
34
44
51
51
49
39
59
37
31
53
52
35
50
57
38
40
50
37
38
52
51
34
55
31
45
41
30
36
55
47
56
33
54
38
59
55
35
39
56
39
31
33
52
32
34
50
58
46
45
33
54
53
34
49
52
50
40
45
45
33
32
45
49
51
45
39
33
37
56
56
40
34
39
35
37
30
48
50
45
59
59
39
35
43
59
40
34
55
48
48
53
46
53
36
51
51
40
30
38
30
33
56
53
42
31
51
42
37
58
52
52
36
55
36
59
46
32
57
37
53
58
48
40
38
50
58
45
46
33
37
50
52
32
36
33
44
43
41
36
35
36
45
57
52
36
39
45
42
32
41
33
31
30
45
40
41
54
53
38
50
50
30
58
50
42
47
59
31
52
54
35
41
41
35
33
30
48
33
49
51
35
56
59
37
44
44
44
40
30
57
31
58
49
44
37
34
35
56
50
57
57
34
38
49
52
47
51
49
54
52
32
44
57
34
55
37
42
56
37
48
43
35
40
34
56
45
59
32
56
32
48
39
32
42
40
51
58
56
34
37
56
59
47
45
44
39
40
38
39
48
58
30
41
30
41
32
37
41
46
34
34
33
55
55
37
54
43
55
51
56
46
50
45
49
43
32
41
46
45
30
54
37
31
57
38
36
40
34
52
32
58
54
42
40
46
56
40
31
48
32
52
57
30
57
58
55
54
32
34
52
43
32
35
34
42
36
35
33
34
33
56
45
38
49
36
40
38
37
59
56
32
48
44
52
36
43
57
44
35
48
36
33
30
