350
70
361
3248
303
943
2356
757
1108
899
384
1897
1089
1699
90
1546
663
302
3499
2957
981
168
2214
2428
1279
1249
1803
1258
1875
365
1745
3185
1511
3500
190
2367
447
2223
908
1442
1612
2904
2435
642
2038
3274
2713
363
3429
2270
248
2271
1657
1193
1808
2542
3340
3474
2319
2637
1383
3216
2663
2292
2164
17
571
139
2099
2614
685
3367
165
2459
1784
973
103
1156
1013
797
662
2273
2443
264
3409
2514
3427
392
2185
2005
1982
1670
2424
55
3058
2649
3243
1125
3485
2219
1278
2922
2843
2465
1739
2649
756
3050
2553
1735
542
1831
866
3019
605
3198
2378
1957
1439
2517
1237
792
2379
3003
355
2719
3285
2925
3385
260
1794
842
3316
1786
2324
1717
2008
2498
1393
2686
139
220
1731
1
32
885
2942
491
1871
2716
2543
2028
1228
1939
815
2631
2748
330
2492
3316
1870
3448
3361
3147
1547
553
1155
442
1831
1665
710
2479
259
140
1097
1207
1583
700
3050
2658
2188
2771
2100
3271
2926
323
403
2629
133
998
264
2490
114
2129
2872
1021
2174
2936
2832
90
1402
595
1856
3387
936
1450
2539
452
2819
750
149
1738
575
658
3071
2259
2833
33
1781
1983
3127
914
931
1084
1052
258
1002
577
464
3370
1933
238
2278
213
3391
2541
2310
2152
2261
2320
1954
3195
2736
2205
1202
379
2905
738
10
1253
413
3159
2019
1650
2420
108
537
607
1217
2602
3027
1885
924
317
2657
482
609
3369
3435
3208
640
1931
1790
781
1188
2435
2079
1600
3136
389
2315
2299
826
2785
2171
1763
882
428
1601
178
1623
1663
129
1463
3397
911
2492
3234
2814
561
2683
2360
2616
2020
794
1403
1387
1270
2825
2885
978
3377
1249
2648
2609
1105
724
2782
1451
1206
3495
2861
1539
1634
3026
1599
2844
2004
1962
2136
1717
660
3385
1531
726
3226
1512
2579
3302
1542
1233
2360
2211
741
2044
2071
2553
3394
380
2038
668
2615
