180
60
56
18
28
102
76
68
82
82
70
66
97
18
101
58
110
18
17
52
50
87
39
14
84
57
53
7
78
51
58
13
85
97
10
112
104
42
39
113
72
82
15
56
117
115
20
18
20
19
28
76
101
43
82
119
7
3
21
103
30
108
28
72
100
85
67
25
115
14
52
4
29
36
94
102
19
30
69
12
88
31
75
20
2
118
62
35
25
10
62
44
49
78
101
9
108
110
29
68
106
67
46
22
103
73
49
39
96
1
102
117
36
1
111
21
43
16
104
93
62
56
14
105
52
54
8
1
78
117
84
110
45
77
22
59
50
16
72
41
47
52
113
109
17
46
112
93
35
91
79
72
101
115
102
37
46
92
39
79
111
10
24
3
17
70
55
13
54
66
43
15
107
5
104
102
43
37
66
31
14
42
