400
40
52
17
5
14
46
14
76
28
61
37
41
51
11
76
65
15
31
31
59
41
55
67
55
59
18
63
49
60
12
26
46
29
20
3
48
3
66
32
62
11
20
51
71
76
49
23
20
49
76
50
73
24
50
14
23
73
79
77
55
44
16
44
20
61
49
74
30
10
1
49
43
29
72
19
28
46
8
45
54
78
36
20
2
1
6
48
68
73
14
72
12
58
35
7
34
70
43
20
17
25
26
27
31
78
41
79
45
11
50
24
32
21
72
16
61
61
68
21
61
63
50
16
33
70
65
38
34
9
43
58
32
70
32
55
2
71
39
31
76
64
12
11
21
32
55
4
8
28
4
43
41
4
72
56
53
9
64
28
36
29
76
51
59
6
56
14
62
29
23
32
31
10
55
22
28
73
58
5
19
46
65
29
56
16
79
28
76
20
6
27
28
11
62
75
35
49
66
20
43
39
78
29
57
17
10
29
21
37
32
6
29
68
9
44
73
48
47
71
18
70
23
12
56
38
3
76
61
58
57
34
35
48
11
62
30
62
39
68
28
77
14
45
49
10
25
32
43
49
32
45
59
69
28
67
67
52
41
28
10
41
56
34
21
51
35
72
50
72
52
77
42
71
10
76
31
20
13
57
12
35
35
21
71
1
17
50
55
32
71
43
49
19
20
43
58
64
57
61
66
14
50
10
51
61
10
28
21
31
17
14
40
4
15
74
56
3
32
59
26
57
8
72
10
12
9
16
66
23
50
79
55
4
65
45
18
41
73
73
74
4
65
24
52
74
12
3
63
46
53
30
26
6
75
32
72
43
31
19
45
66
16
71
3
70
56
54
37
8
43
52
10
43
72
1
70
26
24
23
79
4
14
29
19
31
44
48
32
78
78
35
78
28
17
40
14
70
58
47
71
52
