600
40
102
99
98
97
95
96
101
98
100
95
95
99
101
102
104
104
100
98
104
105
100
96
102
102
96
96
101
97
96
95
105
95
100
101
104
95
95
95
99
100
101
103
101
105
101
101
96
98
97
101
100
104
103
105
100
99
96
102
99
100
95
98
95
98
98
105
100
101
95
98
96
97
98
103
105
99
99
97
95
103
97
96
97
99
103
95
97
95
105
98
99
101
104
100
96
105
100
104
100
99
102
99
99
99
102
104
105
99
95
96
98
98
100
104
99
105
103
99
97
105
99
97
96
104
97
102
97
102
96
99
102
100
98
103
95
104
104
98
103
97
101
102
95
99
99
99
101
101
105
100
102
97
100
95
95
96
99
98
96
98
98
96
101
100
99
96
104
100
103
101
104
103
95
104
101
98
96
99
95
98
102
100
97
97
102
103
100
97
97
102
95
96
102
97
100
98
100
100
102
99
101
100
105
103
97
104
100
104
103
98
95
102
97
104
103
96
100
100
103
104
100
105
103
96
103
99
103
102
101
97
96
101
95
98
96
95
105
100
102
104
96
105
101
102
97
95
98
98
104
98
102
96
97
98
101
98
105
101
98
103
102
105
95
104
102
103
104
98
97
105
96
104
99
97
97
105
99
99
95
95
96
97
98
101
99
105
103
101
101
95
99
100
105
97
102
99
96
99
100
95
98
104
101
95
99
98
99
96
95
95
99
97
104
100
99
98
105
96
104
97
96
103
96
97
98
101
103
100
105
101
103
99
104
101
104
100
104
100
96
95
99
102
104
96
99
98
101
104
101
102
99
98
97
97
99
103
98
105
102
98
97
97
97
104
98
102
102
97
104
101
102
101
103
97
98
102
99
105
100
103
97
102
103
104
97
98
104
101
95
97
103
105
103
99
99
100
98
104
104
100
100
96
103
97
105
96
103
105
96
98
95
96
102
102
102
100
99
98
99
96
98
98
98
100
96
96
104
97
100
100
98
97
101
101
102
101
98
100
98
102
104
99
102
99
105
100
97
105
105
97
97
101
104
104
100
98
105
105
96
99
104
100
101
98
102
97
101
102
103
101
103
98
103
104
101
96
100
97
102
98
102
101
103
96
104
102
102
103
102
105
96
104
102
101
98
96
103
98
101
102
99
100
100
102
99
103
95
101
96
99
100
97
101
104
96
102
103
98
95
96
99
104
99
102
104
100
97
97
105
98
99
101
97
96
95
96
95
104
99
104
101
101
95
96
102
100
103
98
98
104
101
104
96
99
96
95
99
104
102
102
96
105
98
95
103
97
105
104
98
103
98
103
100
100
97
98
103
99
100
101
102
98
98
99
96
103
97
100
95
105
102
97
99
100
97
100
98
97
105
96
