1200
80
675
7671
629
224
6770
6490
9050
11152
7488
8538
2358
6343
1003
3293
11167
7106
9497
6908
3046
5712
11954
1621
7801
8889
8445
788
529
11732
5781
6727
5618
3896
10602
4421
1620
763
4705
1065
898
11191
7844
7054
6930
4432
3632
2188
694
1653
335
359
2585
5796
7845
4682
10687
9927
8666
5209
10303
3472
985
6573
7729
8597
5618
9009
5715
11704
11475
112
8100
9677
10338
7375
3432
4334
7628
966
10433
10659
427
10661
256
5198
4254
5072
5123
9094
4976
10919
1628
11555
4569
4748
9129
6483
10373
8315
11326
11985
1593
2627
11848
8622
1625
4308
10130
4181
6597
11583
10020
5982
2218
5392
7101
6224
4109
4333
3447
6801
1424
8426
323
1536
2688
9662
9584
10558
11952
987
3341
630
5644
8980
2136
5557
10945
5343
7239
10442
2916
3097
6273
9161
11403
5111
1399
5057
4984
2593
5334
7015
10404
7540
8442
9703
5616
7267
11475
924
4209
11766
9960
1120
41
346
8120
1995
11249
11720
1247
76
3674
11999
1755
7333
4858
1359
3351
3904
6772
10710
10617
11268
3550
9953
7582
6749
4955
7766
7313
2016
8343
2308
11740
3845
6164
2878
9779
10040
816
3980
8089
7694
5987
9926
8460
8146
11138
8384
7974
5995
10883
11705
2983
11420
10269
11487
5684
5731
4373
10525
8850
6750
332
8525
5580
9881
5505
6663
5902
6090
9873
6689
6798
10100
4894
63
1229
3661
6722
3266
10234
11202
11504
10081
1160
11552
11082
8845
3460
6193
9476
6720
6589
11883
972
6670
4246
7377
6793
458
5645
803
8339
3830
4131
10903
806
4175
2916
10855
510
6720
9439
8464
4077
9362
7182
5057
1048
10828
1241
7479
4777
10779
7001
8723
2136
2698
9044
3558
11724
9489
1452
8680
8486
155
1329
8893
10278
6051
4698
180
7379
3589
1013
2645
11442
4459
2780
10776
5418
1102
8224
9909
1866
908
917
1509
7221
7128
5834
1203
2589
5417
2959
6684
8176
9187
4956
11807
4654
3070
10019
1325
1351
1440
9588
1068
6460
4126
4564
3768
8112
79
10546
1702
11689
5348
5171
8303
6737
6544
7081
2349
1912
8398
7387
5415
2511
3453
6565
11346
10905
230
6300
893
3774
5993
3620
1612
4687
7486
4364
7217
4134
6088
3758
7270
2628
7458
11785
9788
6097
10278
3932
5227
7163
1099
5261
3399
1578
222
4343
8
5564
5624
3005
5814
6183
5025
7397
2516
630
2803
10954
28
9302
11903
2242
6526
2801
5340
4282
6732
6207
4267
7433
8428
8750
380
693
10352
11369
9512
8868
2511
626
5373
298
8957
4268
9668
6753
11020
4790
10425
11667
1135
7529
404
3242
2271
11908
6260
7696
5409
4746
1138
2431
6056
6993
1928
9554
696
6451
4300
11890
3025
3461
8393
5104
3561
7599
6121
7333
7722
7639
7494
3076
7920
10940
11096
6121
11984
11950
6866
2248
3136
9409
11952
8873
888
6796
8729
4359
11776
179
11104
1889
1322
3912
11483
8884
11118
9090
641
4156
1708
6603
9227
5064
9967
1233
3804
11223
4383
11798
5574
8845
7468
9843
11741
661
937
4842
1011
1591
11098
9137
9280
6465
8347
11468
582
3970
11908
3206
3584
4587
1071
2795
9317
4915
6160
2955
1889
10084
5662
11683
168
7938
4412
1426
11544
5919
2177
10598
1841
2119
8710
1184
8336
11450
10267
8857
9502
5323
7320
9785
6450
235
1152
7396
1646
6291
2279
10370
2599
3460
1027
11386
2997
5356
480
1288
4001
10084
8955
10568
6297
7164
3617
10433
8170
2924
6019
9167
3320
972
286
8371
4310
4380
5445
10552
2599
8365
2101
714
9934
11549
10062
3370
2826
5953
6077
9043
3947
7442
8851
10802
18
11734
9886
9993
5331
7267
11945
5544
11794
4026
3912
10688
4600
3320
4857
3892
8257
8430
7210
6915
9143
3787
6014
9699
5761
9708
113
9028
4208
3651
1689
5335
2534
10954
6650
3574
8626
7913
11843
7428
6169
5276
2735
213
3157
8375
504
3858
3751
6335
2189
3591
5114
7165
9053
11745
112
9509
5699
802
5030
5690
7635
4055
3327
3946
10883
5303
306
4604
8607
974
6821
8126
10582
3930
7708
1605
1709
7874
963
9208
584
3459
5416
6367
258
6115
3734
5258
6131
605
7574
619
7892
3231
5712
6413
2323
5849
1586
11495
7024
9863
7781
9895
1063
755
2997
1896
6195
10875
346
6229
11966
9009
11995
5102
11332
10098
9825
1962
2650
9200
9334
6676
5911
5132
2628
1388
10325
5696
3653
6276
8001
10392
4907
11613
10062
1284
3248
1059
1969
10530
459
2788
249
9553
4327
7638
1313
4512
8089
5019
1949
11378
2676
2973
3918
11960
3698
5601
2298
4454
3574
3555
1532
9414
7109
1855
2637
7605
328
3441
7706
7914
2578
11164
5456
11862
4559
3578
9165
1153
436
2196
9380
1217
769
2418
9339
1786
3493
11023
3965
2463
1169
8313
8545
9007
6171
2117
6162
6865
1740
1697
6967
9462
1191
122
10542
3432
5552
8131
2991
3476
916
8539
8335
10167
10412
4553
10110
11468
2887
3289
2108
8016
1240
8928
8904
3948
5831
1869
6601
11336
1967
2747
9254
942
11015
1655
4603
10143
10275
9102
719
5952
2083
9987
6390
11075
3742
6489
2651
9632
4907
10450
8363
7979
10615
5381
7682
3929
2594
2214
10447
10663
8421
4530
11117
1927
9816
6269
2987
6709
6545
2978
7837
7124
1780
5515
7803
3405
8569
3926
10616
6954
6785
6055
3821
10798
10218
5073
4057
5461
5
10223
8507
10086
5749
10615
6689
6477
6946
8661
222
4417
5649
5307
3339
9618
2161
2652
1143
11370
4248
7239
758
8254
8823
571
1204
1848
11713
7638
3920
4572
8203
424
9438
7874
9768
11856
7544
180
11247
6651
10728
6487
439
5877
1270
7863
2334
4678
5020
9171
4996
5996
7981
1898
5698
116
2461
7915
5989
6515
11505
4923
4356
7750
11770
8085
3899
9815
9953
8955
4400
4750
5925
6939
8406
5464
5238
9113
1675
9976
1574
2208
3299
10223
8988
10272
10082
780
9303
1262
7711
6159
7430
10408
3843
451
7081
7773
3182
9681
9872
2765
3346
1050
1303
1921
6398
114
8902
8133
1270
8959
4106
55
4234
10985
11768
2032
5488
1508
2458
9031
7954
5479
1572
10693
7460
3104
4889
11058
5751
7474
6622
8129
4684
10300
92
3517
1624
10833
8265
6055
5289
5418
332
10609
8052
3110
2266
2891
2561
8808
9202
1145
1374
5719
10011
10551
10467
4433
4562
5383
3947
3241
7122
10071
10126
5348
954
11154
3268
6320
9296
9374
3282
706
10212
6281
579
6928
1424
2566
121
7135
6646
9944
10421
9910
10272
1781
8456
6804
8285
5690
9986
7299
4828
11900
9413
8420
4474
6828
5168
8632
10038
1060
6792
3044
5571
5528
5345
165
6744
3094
5569
5267
5188
11635
2233
11454
1480
10560
8160
11250
5941
9678
134
3209
9882
5147
7085
4288
1076
479
3701
1383
9374
9599
8071
607
6723
8481
3374
4229
490
5866
2821
2077
7862
10752
4675
5200
4625
7162
2693
10824
4498
10814
3041
4291
4018
3034
3358
3449
6488
11446
6388
9365
3151
10666
5860
903
8983
4497
4844
7420
198
5227
4921
7898
8609
2151
2007
1438
6940
9107
7219
2203
10297
