400
80
26
108
28
93
118
87
38
38
82
18
98
35
14
133
142
122
126
35
153
21
75
140
18
59
98
113
11
70
22
57
84
146
79
87
103
158
2
44
84
103
32
94
153
26
95
20
24
7
52
104
148
98
1
31
122
25
133
3
156
125
6
141
125
37
69
47
87
55
143
70
17
81
141
123
77
34
91
68
47
118
92
146
80
88
57
77
151
137
89
41
49
89
27
49
45
11
150
134
64
148
79
26
53
21
56
71
131
40
70
94
74
153
89
4
145
95
154
128
106
55
27
38
19
125
47
45
55
46
141
44
82
87
61
59
81
88
130
154
6
27
151
153
38
75
69
124
1
131
7
73
88
115
26
113
89
140
118
121
58
71
113
154
89
13
25
17
68
30
110
3
7
59
46
67
96
106
32
4
16
3
30
50
40
152
136
133
8
129
29
119
88
131
136
87
37
119
133
27
89
66
112
152
85
31
92
97
56
85
9
121
133
48
82
156
110
147
130
64
88
131
106
28
5
126
47
133
51
139
10
51
77
39
10
156
107
56
96
14
140
124
159
116
54
140
28
98
32
147
22
134
21
21
4
116
12
12
118
65
156
87
157
99
65
89
116
104
84
110
15
63
54
157
51
52
38
117
144
7
159
159
139
149
28
134
77
79
9
119
148
65
50
91
39
38
109
35
102
129
92
132
111
90
137
45
153
4
69
156
2
66
68
143
90
125
55
67
12
137
33
143
106
62
71
5
157
111
72
115
106
119
99
55
33
50
18
104
27
156
12
98
86
100
3
3
35
98
105
64
52
13
80
148
22
17
66
146
75
152
9
76
128
82
134
88
103
75
111
50
152
1
132
133
4
94
34
24
66
46
8
4
70
53
38
43
13
51
129
6
101
5
114
61
12
22
63
109
70
120
14
148
