500
50
2571
3214
2690
2378
3927
3564
2821
366
1572
3069
3332
3834
3928
2068
2067
1955
758
523
1783
469
1224
284
4572
2345
621
1093
1432
3317
4741
1963
415
2226
1123
2322
1265
3899
3849
261
4259
1971
776
1167
4834
1652
3475
2193
3903
3343
2099
3426
3325
802
1617
3844
4371
2659
3952
1395
3370
400
1779
1506
1989
690
2467
1536
609
1268
3834
947
3770
2747
1175
2342
4622
1446
2637
205
4047
3581
4562
4698
1425
3358
3351
3755
4517
2122
3921
96
3262
1986
4810
1209
3570
4646
2851
2302
4689
2860
1592
4526
1321
2892
417
4436
2229
788
4921
4095
339
4010
503
3576
4415
2658
4114
76
3425
3156
2674
2452
2838
1787
1589
1927
3158
1941
3449
2469
2855
3993
605
3030
2130
3888
2627
4986
1913
2346
776
2089
666
552
4723
1870
4582
1683
450
4287
768
3130
3902
2727
2073
2773
2982
4932
2405
4629
653
81
3869
612
1953
3024
4847
1523
202
4257
4158
4215
2140
1587
2116
245
1196
4909
1001
87
1707
3207
1142
3538
3189
3611
603
3841
683
1945
655
954
1053
3129
2923
3684
4097
2444
1526
2133
3475
4890
642
1984
3645
3951
1245
3032
4504
2049
1853
473
1231
1772
4706
1455
2644
10
2942
3218
2062
3664
4121
728
3153
20
2907
4537
461
2723
1155
4404
890
1772
3905
256
3633
3057
4073
527
1609
2778
4815
1696
2734
1838
2356
2037
2519
4229
2945
3791
2075
695
4399
2303
2986
4570
3392
4019
1023
3491
182
4471
3430
3593
1129
3396
3022
1005
4314
1754
4707
3405
1124
405
758
957
3758
704
252
4683
3233
1400
2188
4061
110
77
2318
1242
4842
3145
474
1715
829
4704
1410
1733
2356
3339
3866
3600
4234
371
4033
1025
2852
4623
4711
4574
4605
4832
4884
2699
2049
4617
4523
3383
1435
2605
2769
2611
1606
321
2438
2654
697
4020
3527
4304
797
4605
4448
1355
1454
4998
2119
2366
3095
4608
4373
3712
3041
464
3787
1069
4853
509
2566
3284
2979
2055
4488
17
4447
2413
4507
2024
4725
3542
1493
2275
517
3574
1195
1810
3864
1847
2665
2122
3663
4433
4473
3404
2329
4469
1348
1628
1788
3530
3786
117
4731
482
1759
754
286
3425
2800
2662
4522
3837
1406
1158
3132
3179
3100
2466
2548
2018
2098
717
1216
841
2040
4373
4794
949
1710
1417
2861
2770
732
469
2794
3621
869
2559
684
2524
2287
3354
695
2580
1843
646
1638
2056
407
2628
796
4024
2064
4128
1190
606
2426
3508
4103
3573
3453
3026
3282
4466
2894
3442
1081
784
2332
565
1804
2486
2625
1624
3025
3991
1271
389
1691
246
3538
4669
1507
199
3331
4997
3049
4623
1417
3659
2465
3950
575
1688
3029
2829
4781
1747
3798
3066
3480
1172
193
2878
3889
2167
816
3746
2772
2869
401
567
210
3454
4859
1487
2426
4231
1883
515
