750
50
16
29
13
56
88
41
55
62
29
72
20
83
99
41
3
59
24
10
12
78
56
74
44
74
94
20
78
49
63
63
79
48
27
1
61
25
29
23
89
86
100
8
72
34
47
20
18
77
83
10
65
92
84
85
15
77
39
83
75
91
79
90
35
93
61
96
56
1
36
52
48
42
92
74
4
17
37
72
96
70
33
2
50
46
40
4
12
66
34
36
96
54
13
92
30
10
24
72
60
37
75
69
81
57
84
45
40
17
67
55
11
80
64
94
78
57
64
35
37
69
34
45
40
45
68
20
89
24
6
56
25
29
52
14
4
37
62
1
89
2
25
41
35
18
90
48
29
94
34
47
43
88
94
39
18
61
99
88
52
62
27
90
98
69
45
45
73
75
8
84
73
87
85
67
41
22
34
56
13
70
29
76
59
52
32
79
46
53
64
73
49
2
18
62
78
49
15
6
8
24
95
85
26
46
53
68
5
16
63
12
59
89
88
67
41
14
90
58
54
69
71
98
44
20
78
22
99
65
74
21
40
87
36
68
81
32
81
92
43
65
86
93
60
15
2
89
98
17
97
66
34
64
74
29
79
65
24
93
59
86
35
85
35
99
99
76
14
44
8
39
29
21
15
100
66
71
22
46
95
14
74
70
33
20
38
99
75
98
91
70
75
89
25
13
57
79
96
7
77
58
74
38
27
72
34
93
70
13
46
37
50
75
22
40
30
82
67
83
7
32
17
19
50
4
99
37
73
45
70
48
39
90
59
19
44
15
47
33
28
96
60
6
59
66
68
2
47
82
74
35
79
2
49
80
63
5
80
32
41
39
20
7
97
54
44
67
27
62
29
50
73
73
53
50
35
14
51
3
71
65
64
95
97
27
50
13
56
22
7
67
10
98
65
91
42
69
5
37
53
19
86
92
71
56
61
44
48
46
53
12
53
82
45
54
7
87
96
71
77
51
92
63
63
18
45
66
75
56
20
73
37
6
18
63
89
52
6
1
33
100
46
24
33
43
22
70
76
29
23
59
26
10
71
13
68
54
55
73
59
73
64
9
85
30
77
9
95
68
17
86
42
45
92
28
55
25
19
38
67
30
86
32
18
40
57
27
92
31
59
100
37
56
85
42
62
17
32
42
81
5
87
38
69
66
77
31
9
96
52
65
42
85
65
93
29
91
79
79
8
56
74
37
73
41
25
90
46
79
85
28
37
90
48
33
36
8
54
32
42
77
37
71
40
30
99
66
92
95
30
68
50
37
65
56
16
48
49
85
16
72
60
62
36
1
60
45
74
57
14
38
37
68
86
60
32
32
99
25
11
74
77
78
41
82
15
77
43
14
48
68
93
51
7
80
58
87
35
82
37
93
89
84
98
8
61
16
74
90
86
3
82
86
86
16
23
89
65
28
45
90
60
68
74
43
60
71
88
57
51
81
62
56
42
98
1
27
84
5
17
70
19
45
70
18
49
31
62
68
35
92
13
97
95
29
88
5
43
63
70
8
41
2
36
2
21
79
11
84
9
20
28
76
67
62
88
29
53
13
95
67
23
45
66
3
39
22
30
89
82
77
40
45
37
97
48
66
64
79
85
1
40
25
88
51
44
18
23
51
50
49
30
67
55
18
37
97
95
46
99
22
44
54
42
7
82
14
63
50
66
24
67
81
67
35
3
93
76
25
90
67
42
11
51
31
33
31
10
65
53
75
