600
60
16
5
112
25
89
17
19
12
80
74
28
54
88
8
85
40
36
109
81
118
5
84
108
66
76
45
21
87
94
53
111
40
89
23
18
101
62
27
57
86
108
96
36
72
66
6
82
113
11
37
47
7
55
84
81
17
10
59
49
64
79
50
21
79
103
77
88
53
69
18
53
53
100
37
27
118
15
50
4
7
75
102
96
85
66
19
54
21
5
17
114
61
26
80
78
10
97
92
88
82
55
34
7
39
103
19
39
101
86
114
3
111
96
40
7
117
47
78
46
16
81
113
61
88
1
58
38
43
68
98
98
10
12
82
16
16
93
66
3
112
49
79
85
46
71
94
26
78
7
68
22
16
73
19
94
97
96
95
41
88
113
23
5
97
6
90
63
16
109
12
100
108
113
99
63
97
13
35
69
30
59
101
93
32
20
57
48
35
4
55
85
62
63
17
36
11
7
111
24
57
113
60
32
38
54
7
80
12
77
77
36
113
64
7
47
112
71
40
96
77
5
90
37
113
74
22
35
58
90
28
48
99
81
95
115
115
29
106
41
34
89
39
58
99
24
88
71
10
23
47
38
76
107
43
45
113
76
92
107
41
73
47
83
64
18
21
57
47
81
42
101
2
34
96
76
47
20
36
75
26
100
74
65
28
13
20
82
118
105
20
8
118
63
56
57
72
83
19
70
95
46
118
57
118
85
53
74
8
14
118
99
74
93
45
71
10
107
12
116
18
93
104
84
118
116
107
46
64
87
108
119
81
46
80
76
92
22
73
46
16
34
94
118
45
89
112
12
104
35
64
24
38
36
93
1
10
84
63
44
66
28
50
99
19
107
116
119
104
98
108
40
28
54
32
100
40
80
106
77
49
111
25
4
115
30
36
15
7
51
76
68
44
51
109
111
118
118
39
115
108
15
15
118
80
49
60
117
80
23
42
55
64
61
105
34
76
7
83
28
20
85
13
86
5
8
8
41
9
42
52
48
3
7
13
110
63
13
12
116
48
37
97
110
6
31
100
70
94
22
62
104
55
97
72
40
11
12
117
48
16
109
8
112
92
56
97
2
113
27
97
45
81
73
23
33
34
78
94
50
45
13
40
9
84
31
80
22
24
40
46
18
41
37
68
78
23
86
48
39
61
106
58
89
18
67
89
60
1
57
20
111
55
29
106
21
60
88
71
64
46
85
48
48
17
59
54
94
109
92
59
86
56
116
18
113
34
48
76
13
46
5
91
57
83
17
118
20
104
36
68
23
38
47
115
31
72
18
1
77
20
110
62
45
99
68
30
43
67
12
44
100
36
79
88
114
14
98
19
95
88
27
11
10
42
10
58
13
51
19
119
11
2
87
12
60
90
19
42
86
87
