150
10
105
98
105
99
97
105
103
104
96
97
102
105
102
104
98
103
98
97
101
105
101
99
96
105
98
103
103
97
98
103
100
95
97
101
105
99
104
100
102
102
99
100
105
100
96
104
97
97
103
101
98
100
99
98
105
102
97
105
101
98
95
105
101
99
102
105
96
104
98
98
97
103
97
99
96
98
98
99
98
101
103
100
98
101
98
103
97
97
97
99
105
100
103
95
96
98
95
95
105
105
97
98
100
95
95
101
105
102
105
100
101
105
98
101
103
101
103
99
105
102
96
96
99
103
98
99
104
97
99
98
103
96
101
99
100
98
103
96
103
103
105
95
104
95
100
102
100
98
95
105
