750
50
91
95
94
29
21
56
84
51
55
58
97
15
39
54
53
55
8
28
88
32
50
58
85
25
75
82
50
65
24
45
10
55
30
27
77
81
11
95
39
90
38
65
3
69
83
96
90
7
94
94
73
36
32
49
78
4
39
72
53
21
63
71
3
12
90
45
9
59
13
85
25
66
53
12
3
41
91
4
31
15
85
13
84
89
52
72
87
94
88
39
66
87
7
61
59
69
61
48
1
76
41
63
43
4
89
63
60
67
28
15
16
8
93
9
26
45
51
46
59
98
47
58
98
25
39
49
79
77
98
46
25
98
44
58
44
50
83
85
45
53
12
68
18
52
78
67
84
60
16
9
71
23
93
92
65
45
8
77
18
44
94
64
54
99
59
42
77
84
26
66
44
60
9
31
27
59
54
48
70
65
49
57
67
29
40
57
24
29
21
82
62
95
47
41
45
29
67
3
89
25
83
94
20
62
51
17
60
21
65
31
92
48
76
49
69
95
54
45
34
95
94
50
20
34
11
26
43
95
53
32
52
16
74
81
99
48
28
58
61
68
91
11
89
5
57
10
39
13
1
65
27
5
55
39
70
16
5
53
53
96
97
76
36
4
13
51
45
71
28
33
54
44
69
12
71
80
25
36
99
47
20
12
30
31
20
32
3
25
9
85
64
67
96
99
73
51
78
68
79
28
58
41
96
91
36
63
54
36
60
1
43
84
63
1
68
57
7
26
20
44
51
96
12
22
95
58
29
71
56
94
90
29
13
15
3
94
86
68
86
68
43
65
78
77
73
85
36
13
82
87
33
11
13
79
72
98
92
82
45
51
89
82
67
95
50
40
35
10
31
34
82
19
90
20
38
91
6
92
99
28
39
25
51
92
71
94
2
56
36
82
56
40
9
82
34
25
4
84
18
92
39
37
12
19
66
21
88
80
31
8
62
26
56
63
68
10
89
56
19
56
96
93
35
59
59
97
27
59
93
95
25
65
34
96
21
93
34
61
7
71
40
17
25
88
55
13
59
37
91
37
52
22
63
93
4
27
41
36
43
68
25
39
57
6
51
26
28
21
90
24
11
63
71
82
91
52
60
70
8
15
69
15
32
60
47
76
80
62
5
45
30
29
10
96
51
78
79
75
13
91
99
95
50
8
38
31
51
91
80
47
49
13
4
29
83
41
39
86
36
94
64
21
68
49
67
94
40
12
65
27
77
85
10
2
87
12
93
4
73
64
57
92
85
72
74
87
61
64
44
52
28
1
19
96
66
82
54
42
69
44
78
35
5
75
32
49
92
97
14
62
14
10
35
3
17
62
45
23
44
90
60
60
30
68
80
86
87
93
59
30
31
38
95
60
90
33
76
25
1
91
50
55
45
64
71
92
89
71
54
64
3
61
31
27
62
27
45
18
14
53
99
55
25
87
56
58
75
45
85
60
93
84
23
73
94
60
6
57
31
69
46
83
60
10
36
92
52
97
32
3
55
57
58
21
66
38
66
88
86
23
16
3
2
55
73
74
53
69
65
71
56
88
55
38
70
69
71
18
94
93
75
35
78
92
99
40
90
50
12
34
59
24
90
42
6
18
57
8
66
24
73
51
49
38
43
50
58
2
92
4
54
6
47
25
19
35
84
41
70
15
76
61
29
59
97
22
42
12
81
47
69
35
93
6
45
65
6
73
76
47
7
81
90
2
82
67
59
81
87
11
