181
90
98
96
99
104
97
103
105
99
98
103
103
96
96
95
100
105
104
100
99
105
99
103
96
104
99
102
105
96
97
96
103
102
96
101
98
98
103
95
102
97
97
101
104
97
97
97
99
96
104
98
96
100
95
97
102
101
105
102
100
102
99
103
101
96
105
103
97
103
105
104
104
101
98
99
95
99
105
97
104
102
101
96
102
100
104
99
100
103
104
97
95
97
98
98
104
98
96
99
99
96
101
98
95
105
98
103
105
95
102
105
105
104
102
96
101
99
96
104
104
95
105
99
104
101
104
105
95
99
96
103
105
103
100
96
102
105
103
104
101
100
103
96
104
103
100
105
103
100
102
99
102
96
96
99
98
101
99
98
95
99
95
95
100
104
95
98
97
102
97
95
97
97
99
98
102
95
99
105
99
95
96
