500
100
173
149
194
144
133
191
130
173
174
144
127
115
116
146
193
190
147
194
155
166
104
188
141
186
170
103
176
198
100
166
153
191
180
189
143
125
136
163
163
153
179
122
142
126
168
149
110
109
142
112
177
192
155
129
134
166
110
108
122
177
124
195
126
125
119
195
179
190
187
148
186
157
165
167
129
135
132
171
110
152
154
108
113
158
172
157
190
136
161
169
180
169
184
130
112
136
187
107
111
186
138
100
101
125
109
198
144
110
190
116
112
130
146
139
127
167
144
132
139
101
157
141
106
170
167
152
123
183
146
186
181
196
170
169
181
174
137
140
158
178
116
116
102
186
158
111
144
108
115
199
181
176
180
192
154
148
187
127
141
136
117
124
133
139
178
129
152
101
113
130
117
122
171
111
181
142
102
196
193
142
105
198
109
110
170
153
126
162
135
119
159
175
170
172
195
100
156
151
151
122
122
169
100
139
118
146
122
153
116
142
166
113
183
190
150
102
115
183
199
121
156
167
146
155
188
118
192
103
193
115
189
158
159
165
187
191
118
133
159
153
122
102
199
144
140
113
122
104
111
116
147
127
100
173
131
158
157
178
146
132
181
133
109
144
197
124
162
166
128
134
198
158
110
138
116
108
139
166
119
183
166
155
110
196
193
138
197
113
133
119
140
156
175
127
185
134
178
169
124
123
178
104
148
142
112
193
171
176
132
134
196
177
189
191
122
102
191
103
181
165
155
162
177
179
113
172
159
140
131
132
107
142
167
175
165
166
163
130
120
110
191
160
189
154
136
163
174
119
164
130
198
103
100
175
147
172
167
153
131
162
147
183
196
165
176
104
197
183
140
136
134
128
193
105
104
132
108
128
155
106
115
177
152
170
183
141
174
147
145
181
118
149
157
186
115
106
145
169
173
113
172
183
140
126
116
167
120
162
171
197
155
169
174
139
165
102
146
127
103
101
126
169
135
190
165
134
103
144
180
143
169
120
127
106
112
166
104
172
191
179
162
192
100
198
155
124
169
152
139
134
131
180
170
147
153
154
194
140
165
189
167
168
148
117
159
133
196
108
106
121
109
181
102
113
131
147
155
189
124
151
147
191
134
120
148
112
112
104
171
129
164
132
105
175
116
156
193
141
113
197
