210
70
77
100
79
120
87
82
106
113
104
85
132
129
104
79
129
108
90
107
100
82
137
108
87
113
130
85
139
127
131
108
107
81
70
126
136
103
137
117
126
111
139
117
138
93
119
109
127
122
91
131
135
88
88
74
88
106
133
115
136
131
76
137
110
96
97
97
89
77
86
96
130
129
134
111
97
79
95
127
89
132
116
76
78
79
79
86
84
133
109
131
98
79
78
93
127
72
127
77
87
125
121
99
118
108
73
138
135
84
137
110
126
74
90
110
123
90
120
91
122
74
109
124
111
139
124
72
139
116
120
92
117
72
81
91
102
70
81
126
82
75
138
92
133
120
132
101
109
115
115
115
135
128
74
117
80
137
118
125
139
118
134
81
135
118
100
83
87
108
94
79
114
77
95
114
91
98
138
89
138
85
86
85
101
126
114
116
109
89
103
126
107
111
114
129
80
131
89
132
108
136
115
132
98
123
79
139
122
79
100
118
