1500
100
74
59
43
35
66
97
4
84
1
21
50
35
63
76
41
37
3
42
81
20
83
51
53
56
78
92
97
54
45
76
95
93
9
65
89
62
60
87
4
46
56
32
71
75
7
1
23
15
49
39
39
2
86
85
93
85
4
32
67
61
95
66
99
38
78
81
56
66
76
73
85
54
53
32
90
24
78
16
100
90
12
30
15
20
10
2
28
39
56
83
80
40
75
52
92
15
43
58
4
68
4
87
88
26
62
72
64
4
61
8
86
35
97
69
52
16
53
32
8
46
97
77
49
51
49
71
36
98
86
91
48
38
52
22
29
63
21
93
87
35
16
87
41
65
91
12
84
64
55
73
46
46
92
94
98
82
5
39
66
84
10
44
11
7
59
98
28
61
86
94
73
78
10
2
75
24
98
91
77
6
18
21
75
87
60
25
2
67
35
70
9
90
12
24
56
89
75
31
18
53
81
74
56
6
5
26
10
68
2
14
90
42
31
71
32
68
88
58
72
60
80
75
83
66
73
24
98
37
56
54
76
98
50
77
92
16
72
97
41
75
77
26
57
4
50
93
23
85
100
68
52
78
72
64
82
33
30
97
51
3
70
27
64
20
69
77
58
22
64
29
28
82
67
29
6
74
25
53
52
47
88
68
60
64
100
6
56
80
26
44
54
63
85
5
73
48
28
97
80
92
75
100
99
65
74
28
3
48
54
76
61
73
71
13
93
99
16
74
43
89
1
33
74
21
82
3
7
2
65
7
32
36
12
33
68
97
93
96
5
45
52
71
91
63
69
79
19
96
51
88
60
83
63
3
83
41
35
43
23
63
5
73
49
12
88
52
24
72
72
3
79
92
19
34
18
58
56
6
72
58
79
45
36
4
86
20
75
32
53
75
92
80
91
41
34
71
99
67
25
1
87
3
12
33
70
5
24
82
21
40
8
12
12
3
50
33
83
87
58
79
71
67
70
57
74
50
89
17
41
65
50
34
90
38
42
87
81
88
5
24
6
69
100
19
10
92
35
9
8
65
76
77
5
80
48
13
31
43
90
38
58
59
88
56
74
59
66
44
54
12
85
40
19
61
26
22
85
3
83
49
26
8
3
71
34
41
65
88
51
15
57
48
58
7
63
52
38
40
88
39
29
14
8
89
78
79
8
56
59
79
75
69
10
46
81
35
67
67
24
56
61
67
56
69
11
54
62
22
90
52
64
32
82
20
71
7
39
74
80
6
76
75
24
11
63
72
73
65
20
49
24
95
56
77
39
20
55
82
94
23
57
86
13
60
91
56
5
92
67
81
80
78
82
21
71
38
36
12
48
96
81
17
87
18
28
70
77
80
69
61
36
100
31
61
63
32
48
9
57
39
94
68
66
3
41
18
11
36
60
89
53
72
76
84
67
14
56
74
10
9
60
53
38
80
69
2
73
39
3
6
70
40
81
86
67
85
97
19
76
88
81
54
4
43
71
39
36
88
89
17
23
81
4
91
81
19
6
81
50
39
23
99
30
57
80
99
61
44
17
7
54
1
38
93
46
59
62
43
88
54
85
98
32
18
40
99
45
63
69
55
3
76
38
62
52
7
96
85
30
36
14
55
81
17
24
13
68
18
84
76
66
72
44
96
47
78
92
3
79
18
33
77
73
76
27
88
41
68
46
94
10
60
88
97
43
30
9
41
70
8
85
20
96
11
53
5
57
61
86
61
61
50
61
89
44
25
88
84
31
18
23
86
40
12
70
91
91
57
95
7
48
2
91
92
70
48
49
81
81
68
76
84
32
20
68
94
94
54
73
15
30
62
28
6
13
34
93
87
12
92
25
79
20
53
30
69
80
34
26
31
91
58
69
86
91
12
13
35
26
43
67
56
9
44
34
75
92
72
75
20
62
40
17
40
96
2
24
32
7
20
25
92
59
24
26
57
31
61
57
11
96
100
33
95
2
86
37
56
23
47
30
2
69
6
5
6
15
97
56
69
3
30
72
62
47
81
45
7
30
57
1
68
71
83
3
21
66
98
47
86
86
43
45
7
35
73
26
39
8
46
12
8
2
96
42
71
80
89
84
41
89
12
65
23
16
43
84
85
54
58
15
15
8
34
61
94
30
20
16
95
17
92
49
73
4
70
78
90
86
38
39
11
17
78
49
78
28
53
78
63
79
32
26
78
90
84
78
70
5
41
16
28
58
56
76
77
82
91
98
16
4
26
65
88
27
39
67
36
16
35
50
22
55
15
99
43
24
83
56
61
11
41
9
15
97
54
68
56
97
1
20
28
5
10
6
96
82
83
72
67
50
100
67
11
68
5
6
75
92
73
61
34
26
89
44
29
48
25
22
68
9
47
47
17
64
45
30
100
43
28
10
42
33
85
93
30
59
45
39
46
91
31
37
2
76
96
82
46
32
69
90
3
33
67
28
18
39
92
44
33
67
63
93
73
55
44
42
49
63
2
58
8
41
7
44
47
9
58
55
100
18
98
26
5
89
40
86
48
6
73
27
50
65
66
30
15
13
23
71
28
51
75
77
74
48
100
73
59
62
77
47
14
13
15
59
4
72
30
8
53
38
39
64
46
21
45
88
58
82
8
71
84
66
9
50
9
92
21
62
74
17
13
69
2
26
29
92
89
40
8
56
25
14
13
39
29
26
38
2
67
95
82
10
15
25
31
87
79
56
3
97
79
3
3
55
59
58
2
24
7
44
34
69
94
56
72
39
85
59
80
46
27
81
52
80
21
15
36
40
20
18
54
10
47
97
67
64
11
7
67
21
3
31
57
34
85
66
17
14
81
59
94
57
73
83
47
81
30
68
16
16
19
47
57
79
46
90
82
14
41
27
4
71
90
7
48
5
37
5
70
11
15
78
27
57
38
14
3
39
12
25
96
96
56
70
100
38
69
27
42
32
47
100
5
69
71
28
60
85
91
40
59
5
89
46
7
25
43
15
1
26
1
72
94
25
13
89
58
67
22
70
29
93
86
82
77
82
1
64
99
80
19
48
4
91
19
70
67
58
29
75
76
51
99
3
57
29
30
40
88
51
52
73
72
26
84
92
87
6
26
86
59
63
89
96
47
78
5
4
96
60
20
36
3
11
20
59
41
1
24
16
73
99
93
34
19
93
38
89
27
12
49
78
37
99
24
16
18
77
46
11
40
98
33
75
50
95
55
46
88
46
67
77
44
19
32
4
7
13
44
82
43
31
94
32
78
55
46
6
3
37
98
49
93
24
57
66
65
17
45
93
92
26
22
93
88
77
96
74
31
45
77
62
82
94
46
67
85
23
94
8
98
31
21
44
97
65
80
79
34
96
82
40
81
55
67
98
21
71
71
18
97
25
77
88
67
10
7
95
20
62
22
78
93
97
35
71
20
86
60
56
58
72
43
77
2
37
8
57
87
