750
50
3170
416
6367
1230
6344
6575
3425
5508
2510
3833
2802
3060
495
3270
868
1407
3686
3322
6069
5292
3766
2208
5993
5009
6893
6766
7358
722
5385
5686
4457
6626
55
3604
6138
3395
7317
2563
6207
4920
1667
3748
6842
7118
108
921
3208
1527
3272
5743
2237
779
1808
2697
5042
2555
3606
191
427
6700
7228
5722
6672
5741
5204
5934
2497
1697
2198
5156
3839
1894
7130
5653
6557
2741
135
2208
5520
5694
2836
7495
1488
2255
5060
2073
4803
4218
2817
1656
4168
5636
6408
73
3428
3841
4137
2365
3653
2969
5842
2841
2873
1597
1593
7037
4820
5874
3105
55
3919
2413
7438
7493
3043
6364
418
5996
2422
3746
2649
4389
171
2831
2446
764
3546
167
6350
535
2284
643
4775
2664
2874
1421
872
1366
2119
4077
2472
5665
5294
2771
2310
4325
2556
4322
3277
6066
6442
1603
2208
6399
6254
392
5307
4650
6193
5709
5510
4081
6886
6693
7109
1187
889
4924
1654
2867
5691
6043
6788
355
3914
942
3085
7498
4901
4164
4057
4426
1261
179
2228
1254
2569
1765
264
4235
2991
5373
2979
4764
6195
6392
637
3871
7098
5064
1224
4746
5882
1824
5910
2504
3122
3385
1312
1746
5218
3479
3728
976
686
1553
6599
7326
6778
5966
5768
5119
2998
2225
2799
1016
7120
4067
6451
6562
2672
635
955
6699
387
1248
21
2531
4615
3643
3349
4528
1792
7232
2388
2068
1484
3394
4604
65
292
4348
4435
2428
3945
4432
3336
1535
5222
5809
2328
124
1751
2089
549
5087
7297
4265
2569
1843
2919
4384
2047
4447
6138
360
708
6841
1601
2596
1050
1373
3958
4408
668
1776
1136
5163
2729
5058
2118
6879
7169
6439
7380
4724
5004
1233
138
6664
162
3362
2501
3056
2303
1524
6133
2162
1320
3516
6099
3366
754
4110
6716
2501
3040
5631
562
6681
4720
6265
5164
5191
6667
167
2659
5723
5481
3142
5507
7446
6847
147
1070
1765
3051
7252
3209
2766
3005
2454
3368
2382
4900
2363
5444
4011
6418
380
2936
6532
6192
1226
3390
1802
1546
1455
804
713
4251
433
2466
6840
5696
3922
4278
3771
2023
5896
6614
1784
4383
3232
418
5363
2860
16
6350
1588
6562
2894
6022
1446
4485
4848
2960
5169
7373
5095
1671
5308
3277
924
6462
4862
5115
2146
3901
3594
3572
1419
2235
351
5502
3307
5131
7189
4081
7206
2582
818
6378
2057
3127
3399
6924
5852
3671
3290
3068
5737
2871
5645
1830
5540
3239
5690
1645
3722
4766
6780
5647
3288
740
6867
2708
6196
7153
1798
4637
2862
1318
7097
2552
4211
1546
1363
1222
7346
901
6949
6293
380
4887
4313
5597
4074
6181
7163
2140
7370
513
4003
7051
4326
5899
1800
2285
6921
2266
5700
2387
4798
7123
5217
45
576
160
5709
3876
867
6198
2123
7298
3453
2392
5501
858
2822
684
4947
7109
6998
6413
4623
952
2873
6280
6310
3270
1802
5931
6530
3550
5377
624
6729
1001
5619
3118
5690
2044
6755
4577
6489
5445
6797
3411
658
5638
2312
3835
5650
5002
5776
3921
1613
5114
5705
424
1237
698
3067
1451
5372
5893
7150
3147
3241
2689
2579
4480
936
1892
2592
1561
1367
3447
7138
4456
4209
6854
346
6000
2419
1749
2783
5603
1229
106
3540
3347
5885
1450
5557
2134
2764
727
4420
5167
3617
3287
3864
2047
5870
3979
2978
4858
4595
6418
5863
6294
3844
5259
871
1389
563
2988
2821
7457
4307
4110
2973
500
4943
7411
1400
5692
3607
6456
3597
3359
2426
7450
7137
765
6986
2515
4680
4367
4332
3983
1890
1967
4635
2319
6424
5353
4070
6614
493
5765
5452
3987
1583
6374
3758
2448
5844
3468
1887
6319
2616
6183
1744
512
1676
4662
4855
6429
5201
2512
6955
3977
3138
3747
1637
4293
3203
6925
6420
5064
2846
4083
2875
3719
4943
6019
6537
4880
5601
6843
5818
7002
2281
7332
5050
3577
1735
7199
4875
2008
4901
31
5389
1349
100
6621
6321
1446
5792
6789
4860
2485
7440
2235
973
1049
2204
6712
1475
4918
3141
1674
6297
6778
3689
2933
5627
6289
3807
7004
678
490
5057
5081
6370
281
4171
6588
87
487
6635
1584
584
541
6434
4402
6018
4211
1116
740
4767
2174
1290
7361
5106
5862
3620
4853
5397
377
5868
6955
5227
1084
4350
3088
4750
7346
4639
555
2547
4828
7349
1435
3687
3421
158
