700
70
51
21
94
42
11
44
7
20
81
50
15
134
110
115
95
74
62
127
35
46
23
45
12
31
13
108
136
122
87
77
129
61
30
108
123
122
128
76
15
48
61
44
46
58
2
56
92
12
96
63
107
74
12
81
117
58
41
135
120
103
45
6
109
58
8
122
63
124
102
32
31
93
134
78
88
29
41
114
56
57
82
47
17
20
31
51
123
122
104
13
47
48
72
84
22
21
60
47
107
114
91
24
44
66
53
53
39
15
44
55
127
82
32
14
26
130
131
24
25
44
46
132
97
51
107
102
31
7
93
94
93
27
4
54
112
69
19
4
49
83
95
117
130
97
23
75
97
130
82
105
55
79
45
53
107
63
114
20
46
63
130
134
49
53
122
15
40
47
33
24
131
93
30
5
104
94
42
114
49
38
94
100
101
120
34
4
76
92
28
9
44
118
96
132
23
28
133
130
121
128
132
79
113
39
88
82
15
33
12
108
85
55
74
98
88
127
3
94
136
135
134
48
88
36
115
47
7
92
118
79
26
100
112
86
94
26
129
41
95
112
33
88
48
118
54
137
13
37
22
56
95
93
41
60
105
5
31
30
129
3
9
110
124
114
81
129
139
66
101
135
139
56
22
116
14
124
54
24
130
42
22
14
82
131
28
113
125
125
32
3
89
133
38
28
138
33
128
114
47
21
88
79
63
119
93
32
84
71
118
60
133
136
28
48
132
134
90
36
7
82
59
108
63
69
91
9
38
3
7
99
117
138
59
32
28
113
119
35
54
102
139
66
24
98
60
25
35
88
69
103
12
60
102
30
133
96
35
98
2
76
43
2
48
52
135
65
76
117
67
39
124
26
7
136
51
129
16
114
104
84
72
124
52
79
116
10
57
82
138
74
111
62
136
128
73
113
33
109
135
135
76
70
11
81
104
129
102
2
31
124
27
83
37
4
94
83
112
76
135
35
130
88
54
41
2
107
72
100
62
51
56
83
25
11
80
92
27
125
54
48
20
49
2
33
59
64
74
61
27
122
114
57
84
33
116
30
115
112
8
32
119
56
26
41
99
3
10
100
19
99
77
36
38
48
76
91
96
67
35
48
113
1
62
11
126
136
99
38
133
62
122
6
11
4
7
86
80
11
4
82
86
114
45
120
46
26
31
41
8
39
17
90
51
99
14
127
40
11
5
13
37
53
23
65
24
112
76
54
90
82
38
40
79
125
111
15
48
28
65
136
121
129
76
43
86
117
121
79
22
58
4
98
85
87
88
63
109
132
77
28
139
2
84
69
122
41
3
3
8
74
114
48
7
49
120
112
90
49
125
82
29
109
65
103
120
118
116
122
82
39
43
49
23
75
134
26
115
70
16
59
15
66
103
133
112
128
83
46
14
135
19
76
48
137
109
112
90
58
76
63
66
48
29
45
71
73
38
39
26
92
87
115
6
13
126
48
51
9
53
122
66
126
11
97
6
34
114
58
137
82
20
27
132
126
75
131
1
95
20
1
34
78
51
20
105
50
25
17
132
58
31
115
114
118
37
37
17
71
1
92
69
66
100
38
95
137
80
61
98
70
18
53
24
108
53
65
93
112
101
1
