400
40
71
79
71
12
8
20
4
61
68
50
77
52
44
57
34
44
25
32
57
66
76
36
10
7
19
60
76
30
76
73
5
42
12
24
38
38
32
4
38
30
69
53
63
16
11
69
32
25
54
77
66
63
38
12
6
16
8
14
62
68
39
25
65
37
54
70
10
67
62
10
35
1
50
40
62
55
1
51
51
13
67
46
62
56
79
29
31
48
36
43
2
61
59
4
2
56
5
41
12
58
46
72
5
45
61
15
68
45
31
68
6
9
33
46
69
74
54
66
23
64
40
1
77
5
28
46
38
23
50
68
35
38
32
78
36
33
69
9
68
28
18
70
50
4
2
79
11
62
13
55
76
11
49
23
66
17
19
53
74
48
45
3
39
29
2
70
43
60
16
64
11
34
5
46
29
61
53
70
35
66
36
26
20
65
5
49
49
69
56
67
76
30
47
48
71
19
59
51
14
76
10
49
31
50
17
27
75
39
24
49
10
65
62
70
12
23
2
78
2
64
78
69
40
34
38
77
33
7
28
32
26
35
33
56
61
10
43
40
53
48
68
34
79
32
10
17
18
25
48
75
67
75
37
16
5
7
42
57
10
22
1
75
13
75
23
72
48
50
76
72
75
60
49
13
40
25
48
4
17
34
40
50
15
17
20
40
65
55
61
10
43
44
77
27
77
65
13
38
62
20
33
53
45
51
57
22
72
48
44
58
33
11
21
13
76
11
71
78
50
49
40
47
15
73
60
27
77
33
30
25
68
31
14
59
67
76
18
64
4
40
66
26
11
35
5
47
49
77
44
43
76
72
3
8
31
32
22
26
48
52
49
72
39
55
43
11
26
16
54
58
46
2
34
52
50
12
35
41
78
42
33
40
51
11
6
4
17
47
9
53
1
30
70
48
28
31
76
41
59
61
