300
20
6
32
14
24
22
39
20
19
6
23
27
26
11
37
32
30
29
39
28
2
9
6
24
1
7
28
7
10
25
36
2
16
26
39
32
39
21
14
27
27
4
14
27
20
15
29
30
2
11
39
15
15
29
21
4
26
19
27
25
11
25
39
29
8
30
11
16
25
31
36
39
32
26
20
35
4
25
1
13
3
3
32
37
1
14
33
2
3
15
37
13
9
28
8
28
37
24
20
2
6
34
18
32
2
22
25
7
19
8
13
30
9
37
10
23
2
7
17
11
5
39
29
21
32
37
34
39
30
22
37
16
32
31
21
19
21
1
13
21
2
24
26
29
15
4
1
29
21
8
23
35
8
4
7
36
32
28
22
39
8
2
2
2
31
18
22
12
24
24
33
7
39
12
12
22
2
15
12
25
32
7
31
30
37
21
11
21
19
32
5
7
32
4
39
16
18
37
31
10
8
1
5
14
28
36
13
23
4
37
9
28
2
18
23
24
12
24
16
9
29
16
37
9
37
31
2
34
6
12
19
25
8
3
38
28
1
29
28
13
31
16
23
34
36
21
14
16
36
9
5
15
3
29
28
2
28
16
24
26
21
21
9
31
24
32
24
9
36
29
16
24
13
18
32
25
11
7
38
15
14
12
24
23
20
14
9
2
31
16
17
13
31
34
27
30
22
20
27
8
39
