400
40
104
99
99
100
103
96
97
97
99
105
96
102
98
101
98
96
103
97
104
95
95
97
96
103
103
103
95
97
101
97
97
100
97
104
105
96
95
104
97
96
105
98
96
97
101
96
105
105
102
104
95
95
98
101
101
101
96
103
104
95
102
99
104
101
98
98
101
98
98
95
98
100
101
105
102
95
98
103
98
96
99
98
96
104
99
101
96
100
97
101
97
103
96
99
104
103
96
99
103
95
100
100
102
102
95
105
99
100
96
95
105
100
96
105
95
95
99
102
105
99
99
102
103
97
101
103
98
98
104
95
103
97
104
100
101
105
102
102
99
100
103
103
101
95
96
98
98
100
96
97
103
96
96
101
102
99
100
95
101
98
96
102
99
103
103
99
101
102
104
96
104
95
99
99
98
102
100
102
103
98
96
97
100
105
95
105
105
95
105
95
97
101
103
101
101
99
95
98
97
103
96
102
103
105
104
105
102
103
101
100
103
105
100
99
101
102
99
98
102
102
102
100
100
105
101
100
98
105
97
100
98
98
100
99
103
101
97
97
102
103
95
96
102
96
95
99
103
96
99
98
99
102
102
102
99
96
95
99
104
105
95
97
97
100
96
100
104
95
105
96
103
96
97
102
105
103
104
105
104
105
98
102
96
103
95
100
98
101
104
103
97
96
104
100
99
104
105
103
95
103
104
100
95
96
102
104
104
105
99
101
104
105
104
100
105
99
103
100
97
95
98
103
98
98
96
98
100
102
97
101
100
102
105
101
98
103
96
96
104
98
104
98
97
100
105
97
96
104
101
103
96
95
96
104
100
100
95
102
96
98
105
96
100
103
101
104
101
96
97
104
95
98
104
100
104
100
99
101
104
98
96
97
95
104
98
97
100
99
97
97
100
102
97
101
103
99
101
95
104
105
