300
100
1778
2083
898
1620
2057
1553
198
2369
1581
2241
2263
238
2344
1444
1858
2155
450
410
396
1938
1077
1674
2119
1173
1354
884
2950
2044
1687
2951
2162
126
17
1238
217
1860
2836
2403
2202
700
2460
1072
1721
2405
1658
2597
1245
1205
2510
756
2414
1810
2764
2461
1330
273
697
289
720
1462
2871
2568
2034
1648
1107
2946
2334
275
2241
2826
1254
2960
822
690
348
834
1701
2947
2899
655
206
423
1692
1384
2447
14
2767
1260
758
2354
1986
1060
679
49
737
2380
2768
857
1765
382
2499
40
1944
1790
2833
1979
1117
2384
1958
2839
2975
2233
1432
206
2522
1
2686
1393
1879
2804
2817
2674
2621
1671
1906
234
133
1862
373
2967
1303
1434
2113
630
2706
1669
1440
766
1269
605
1711
1007
2852
127
679
2711
2973
2283
2171
649
1503
1836
2728
2989
586
2491
1270
1470
2641
1494
964
1743
437
2541
886
1416
2739
1522
1953
1031
2387
289
2077
275
284
1772
2883
2628
164
1068
253
2810
2233
1386
2409
2461
409
975
408
1291
1112
2839
2687
2362
1150
1157
2944
751
87
1782
2889
2498
1275
2927
923
2800
1661
955
995
2867
2940
638
1001
2139
607
458
2872
2206
1803
1722
2227
803
2581
324
1188
1012
723
1279
954
2183
1826
2790
208
2547
681
2215
214
1350
1706
2583
244
845
2111
2768
1959
755
2486
2135
2041
2345
1944
2417
2217
2182
1403
348
1710
2116
2165
1501
57
364
1128
1864
1243
1783
316
1822
2880
1724
2525
1942
190
1786
333
2402
2750
419
2224
601
2060
1569
594
1447
1415
2033
1228
2445
2606
517
769
1551
2880
2858
524
2342
1946
2462
256
1161
