200
40
99
99
101
100
104
102
102
95
105
102
98
99
99
102
104
103
104
103
98
96
101
100
104
97
103
100
103
100
97
104
96
100
103
102
101
102
95
101
104
98
97
95
95
96
99
105
101
95
102
95
98
102
97
100
96
97
96
105
105
105
103
103
102
98
101
101
104
103
95
95
98
103
102
99
97
101
104
98
96
100
105
99
99
96
99
98
101
101
104
102
103
96
97
95
99
104
95
96
95
95
102
103
99
96
105
99
100
99
97
98
101
97
95
100
96
105
97
102
103
95
104
100
102
101
105
104
105
99
105
95
103
104
100
99
99
97
101
95
100
103
103
98
103
104
95
104
99
96
95
100
104
104
98
99
97
96
99
105
100
99
104
98
97
98
103
103
98
100
100
98
97
95
95
100
96
96
95
100
98
100
101
100
101
103
101
96
95
104
96
99
99
98
102
97
97
97
95
101
100
96
