300
100
101
97
98
95
98
99
100
101
100
105
101
96
101
104
98
97
95
95
98
97
105
104
95
97
101
96
96
96
100
105
103
96
103
105
100
103
104
102
95
100
102
105
95
95
95
99
102
105
105
99
102
95
99
103
103
104
98
97
102
98
98
98
101
104
98
104
95
99
102
99
105
95
105
98
100
104
101
102
102
102
95
101
95
104
101
103
105
99
100
97
100
101
100
96
98
95
101
95
100
100
98
96
105
103
98
95
99
101
96
102
100
99
101
95
96
95
98
105
103
98
105
98
103
95
99
98
101
96
103
96
104
104
95
95
104
104
102
100
99
102
104
103
103
103
105
105
102
103
101
97
99
103
97
104
104
103
103
103
104
103
104
100
103
104
104
104
100
101
99
98
102
102
104
105
104
102
102
104
98
100
105
104
105
96
102
99
101
105
96
98
95
105
105
103
95
95
97
101
95
100
97
102
97
105
100
96
104
100
96
102
101
104
101
97
100
100
96
99
95
97
104
98
96
103
100
100
104
101
101
104
100
105
95
99
97
102
101
102
95
105
97
95
105
96
102
104
95
99
104
97
96
102
97
101
101
95
98
98
96
105
100
100
103
96
99
95
105
102
97
96
98
100
99
103
97
96
100
97
97
95
103
104
97
100
102
95
95
102
99
95
103
104
97
97
99
96
99
99
95
95
