300
60
104
104
98
103
102
104
96
95
100
105
105
101
99
102
98
95
96
105
101
104
105
103
101
105
102
100
104
102
100
101
104
98
101
97
104
99
95
98
95
103
95
95
105
104
104
104
98
96
105
101
105
101
102
97
103
98
97
102
99
105
96
103
96
98
96
99
98
104
97
103
101
97
104
102
101
101
98
96
99
105
101
98
103
105
101
100
98
100
99
103
104
101
99
95
97
103
105
97
96
95
103
99
96
102
100
104
103
102
98
95
103
97
96
104
100
95
102
103
101
105
104
103
104
105
101
99
97
102
99
97
99
95
105
104
100
99
103
97
96
98
101
97
101
103
98
103
99
102
105
98
97
97
103
102
104
105
95
98
97
102
99
100
98
96
99
101
95
104
101
105
102
96
99
95
96
99
97
104
100
104
103
98
102
105
95
101
98
104
98
100
96
103
96
103
98
105
99
96
105
98
105
98
104
102
104
100
99
102
102
97
99
98
95
101
101
103
104
105
98
100
95
103
104
103
97
104
96
96
104
103
97
103
100
100
96
100
99
102
103
99
101
105
99
102
96
96
105
101
99
101
99
105
98
97
102
97
96
97
97
96
102
100
102
98
104
99
102
98
96
105
103
102
97
101
101
96
97
99
102
95
101
102
101
100
99
100
98
100
105
103
99
103
102
102
99
103
99
102
104
103
