1050
70
87
128
110
105
110
114
127
119
111
90
72
94
87
104
120
113
70
108
102
89
76
124
79
115
131
122
117
75
126
93
91
107
122
121
82
124
101
86
130
129
101
138
129
116
74
130
134
109
115
80
73
124
122
101
76
137
135
84
137
114
84
133
116
106
78
93
135
122
114
92
72
138
90
72
80
93
102
95
73
135
84
83
98
88
97
101
105
109
121
125
121
134
89
125
124
88
130
84
135
127
86
107
72
100
121
128
138
92
70
106
126
109
103
118
75
71
71
110
109
94
103
128
120
138
133
138
129
132
97
126
73
114
71
97
72
127
117
110
120
101
106
84
84
133
133
75
117
105
134
84
94
138
112
128
89
133
90
105
127
73
93
104
104
127
129
81
88
84
129
127
110
81
104
99
114
73
87
97
88
91
113
103
99
128
84
127
122
72
127
83
111
101
139
111
120
87
82
131
109
74
127
115
102
84
85
110
120
120
95
130
112
139
73
110
75
109
134
107
122
70
139
86
114
131
106
87
137
85
120
125
95
109
81
138
106
74
75
134
104
98
107
131
90
83
117
81
112
87
86
83
93
126
76
121
139
110
126
120
94
111
92
109
77
112
123
100
131
72
128
88
132
71
131
128
74
102
138
135
139
135
94
135
120
106
136
114
110
112
115
74
85
91
85
101
115
106
120
132
105
119
123
130
88
77
89
103
101
107
76
138
112
121
97
133
107
73
105
126
90
99
108
98
126
102
78
75
80
133
117
125
86
113
78
70
110
117
117
87
93
107
100
106
119
131
136
106
111
78
76
138
86
110
87
95
80
77
81
115
79
78
133
73
72
129
107
98
135
116
100
122
103
126
139
100
74
79
125
108
131
81
89
139
111
74
102
119
105
135
91
102
122
128
138
116
96
74
93
114
113
107
124
101
84
76
84
92
84
129
117
91
138
72
125
93
71
135
139
72
111
98
96
135
129
103
126
109
135
123
80
70
87
90
73
99
80
109
139
92
93
136
85
82
88
72
87
98
131
94
110
130
131
119
105
76
80
85
130
85
130
111
79
101
120
128
122
118
81
131
92
132
72
85
77
115
93
88
132
138
88
95
139
123
90
105
124
118
86
101
112
87
85
103
122
98
98
103
139
70
113
78
125
117
99
94
90
136
81
121
92
133
134
110
127
80
109
126
118
118
132
112
75
133
106
117
93
109
85
84
115
101
107
108
129
121
127
136
70
87
70
97
96
70
123
116
121
92
109
122
123
124
94
78
134
131
109
98
70
75
114
139
103
95
126
105
81
105
99
136
114
129
80
97
82
83
96
88
70
135
138
104
97
98
136
138
138
130
129
134
105
117
70
90
113
90
103
94
84
74
72
134
93
121
79
75
87
91
139
94
125
92
82
137
106
94
139
106
96
138
89
131
138
103
128
83
76
80
102
71
136
120
91
95
109
94
136
119
119
129
84
87
132
138
121
91
92
109
124
84
94
71
108
72
104
99
121
113
94
107
75
85
114
97
126
72
138
71
91
92
121
125
99
70
70
119
104
96
82
104
113
79
111
123
86
133
136
139
102
113
135
114
128
106
78
93
136
133
95
77
72
76
127
88
88
81
88
86
118
114
84
105
101
109
70
121
131
119
134
123
138
84
94
126
124
112
92
96
135
84
111
135
131
88
104
107
109
136
89
136
127
88
115
111
93
96
96
100
137
116
116
130
94
133
73
70
79
108
84
104
124
125
132
127
92
139
94
98
80
103
82
124
97
118
120
89
108
73
81
103
115
122
132
107
135
134
73
74
112
120
103
76
89
82
86
83
121
121
108
72
80
135
87
99
125
72
92
128
134
127
114
74
118
89
71
84
108
81
97
71
75
128
131
91
82
74
109
110
79
93
88
130
74
104
139
124
119
135
115
88
106
92
99
71
136
112
130
127
80
113
136
137
122
116
79
121
90
83
70
79
109
75
105
129
138
124
96
89
90
92
70
88
78
133
99
82
123
120
88
83
124
70
125
121
85
70
95
119
134
89
116
117
82
82
82
131
108
109
79
125
133
109
116
71
76
110
128
95
115
132
75
115
138
123
132
90
120
139
98
108
118
135
127
132
101
86
138
136
92
127
121
97
138
114
133
134
96
102
94
113
113
81
104
93
94
104
107
102
102
123
77
127
92
93
85
109
104
88
123
138
134
123
73
96
79
80
81
129
130
107
100
74
136
135
118
135
70
100
121
71
96
106
97
134
136
106
96
112
120
72
108
92
124
136
136
89
73
94
87
93
122
70
88
71
115
102
89
109
92
103
93
84
130
72
70
91
105
106
103
96
111
71
73
86
109
75
121
84
100
117
129
138
102
118
121
106
74
101
80
70
101
82
72
70
123
119
89
71
109
111
122
121
