1200
80
1525
49
5553
1677
4248
8832
45
3335
6586
357
8924
9600
1857
7669
6968
10700
6703
3200
8750
9747
5543
9569
5530
4507
650
6595
11364
9441
121
11948
3294
1575
4884
5696
6109
723
10058
7449
6551
7389
11138
120
6238
11745
444
6545
5543
7370
10590
8421
7136
7415
5507
2344
8524
852
7398
1755
9598
4815
9231
553
10216
4825
3951
10358
8710
8282
5038
7437
11032
11697
7356
160
10006
11812
7840
2877
4172
3496
4663
6547
2385
2192
7982
4177
7489
11223
7203
1349
7704
538
2116
5342
3338
8564
8284
7333
4858
8270
2933
6031
509
3250
10538
826
2428
9693
9158
894
418
5202
4628
484
4454
7748
4483
35
9051
893
9790
2712
4832
911
5993
1159
9982
824
4510
9081
1935
4119
1892
8510
928
1356
6264
11154
273
6434
2954
1667
9666
6612
8796
4429
10061
9083
4444
1013
6540
5977
7538
1176
6507
10865
924
808
7910
4957
8879
4242
3465
9847
7927
10287
6015
10629
7520
11999
3553
9026
8538
2906
9112
3195
3327
5133
10253
10054
2164
1758
9235
9347
137
11734
4685
11475
1690
2537
6991
8994
3404
2096
2676
7428
5372
7156
10816
1962
4071
11801
9498
5264
2722
6308
1964
6439
7920
6100
6866
11900
9634
2715
5827
1453
3884
2754
398
7164
9314
7145
9435
5092
8807
11879
4543
10235
1284
5311
6168
5682
5057
3066
8381
2490
11571
5264
3079
11134
2217
5229
10732
7322
9745
8339
9007
6722
4836
5175
3647
890
11871
4238
11397
4968
10030
9712
9056
206
6866
8722
8881
2023
9927
9305
6432
7481
10770
11437
6462
2032
10853
8867
9749
3319
5260
4477
8974
5752
11171
6514
8103
4175
6739
9628
7612
8740
9800
10764
11970
6808
8102
3891
10887
4478
10430
6522
5756
7183
11224
2019
6859
6585
3817
238
11473
9646
4034
752
10494
1819
3790
8138
3042
3985
11243
10460
9097
5917
9610
10660
2053
9902
10220
3923
7740
7373
6178
10822
4432
9782
715
3402
7683
5607
286
3033
1438
3489
4408
4505
4849
8961
8868
2825
3684
4100
5107
2632
306
3052
8300
7396
2697
7240
1120
9592
8427
9297
10312
5203
3301
11768
9730
8842
11643
3833
1898
3719
8411
11960
7165
8726
6659
9764
6034
1060
2808
3177
10130
4291
5290
8361
2057
11037
2241
3598
784
8322
11356
10184
2903
4553
8120
2910
1894
2169
1294
179
10361
11260
8988
4230
8435
2301
9174
279
2218
1744
11822
11948
10322
9051
11518
6375
2087
9427
7897
508
9589
8517
4391
6616
529
4168
2991
5625
5290
512
6988
2336
9235
4138
3745
9773
4713
544
5681
5514
840
9276
5525
8822
3415
2416
4220
8342
9548
5350
1630
3449
3901
1330
11676
8891
10406
950
1731
791
1231
3564
5634
8519
3685
10521
4298
11772
10580
9624
5082
9577
6941
1637
4674
2821
1561
3700
11230
673
6056
1370
8341
4991
2540
6294
341
4762
11316
320
11026
6169
1302
6919
10697
8683
1164
10015
7207
10150
10941
153
10398
9544
8858
4387
11598
9482
304
5401
1209
2731
6190
6984
1727
2241
11083
7628
2129
8317
7737
11702
3006
11885
8516
10163
2654
3592
7386
3047
2124
1199
6205
283
1799
6424
4658
1093
6772
5024
2241
4850
10605
101
420
1397
3211
1728
6411
5490
2849
1334
247
19
550
3243
7174
10155
4899
515
10487
9838
4037
5097
8082
3373
3704
8184
5731
10024
11026
4620
9668
10467
10380
11219
9339
5150
7956
135
2962
3843
2194
7800
5110
4264
8457
3554
11880
9235
2432
286
2682
7848
1730
1810
2468
9612
10387
3402
2284
4480
6528
2937
9479
11762
4393
11156
8651
8934
7269
3783
3874
10848
10734
3997
1104
2739
71
6978
5986
298
2490
2086
3897
1145
8866
5831
11458
6018
3429
918
4409
4264
7962
2721
9072
7146
8753
8340
6331
11145
9635
5247
2249
7385
4283
2337
6481
10640
6595
10984
7074
7882
3301
5976
2831
9493
5108
8820
10539
9737
9442
6219
6517
8640
8796
9171
10780
8904
5419
9881
3357
11620
8858
11431
6377
4898
6952
9128
1092
11359
10081
6444
2069
10505
8907
1954
1150
5639
3869
11396
702
4055
7225
9194
4914
1140
3071
3934
6093
3
5545
8443
2728
5561
3689
7653
10280
6147
11674
3860
3038
2991
11869
75
3195
1694
1837
2352
9654
9595
9350
10756
2708
6037
10444
4827
9379
9384
9413
8418
577
4795
1193
4217
8444
10732
8437
11882
2153
11950
1569
6844
6989
7233
3613
5731
6458
7035
5006
2220
3365
6526
4680
8264
5097
4778
5490
4907
8251
3779
11129
1425
1185
6090
7123
6687
8189
10902
368
9690
4809
1178
8087
7155
1450
10977
11870
3340
7411
9638
5343
8870
8152
11142
6705
11568
594
3817
8032
6159
1795
1939
4936
2551
4031
6142
5833
4371
6593
6727
4003
9956
2792
6291
7206
2584
4831
3326
8668
352
6757
6186
215
3229
2241
500
3053
611
10337
10961
3303
11768
545
504
646
8782
3787
2395
4271
1373
1312
10222
7440
9129
686
4047
4480
9965
3436
6947
8169
10570
2003
7068
5494
6674
2818
8336
4033
8860
224
5577
10265
5052
5908
1351
6500
1766
10403
10526
4725
10256
11622
2781
1129
2074
5107
7680
9615
11305
10391
9374
8877
10696
10116
9600
8388
11179
11905
4528
11242
5303
8652
7635
4111
2016
9205
1693
2188
11313
9339
4603
9420
4662
6754
5402
9327
9024
3238
1062
2022
7631
4726
1320
6332
9226
2153
1867
5646
5497
3251
4915
656
1320
367
7320
3015
519
949
11794
2465
7911
8294
1611
6982
1667
4878
9183
5577
10197
1154
6975
11804
2122
4596
10958
8306
6831
6121
8645
8661
10290
11072
3609
2235
10518
1985
3355
3632
6640
584
10287
3891
6669
2381
3254
8854
9588
4322
8307
8270
8191
4833
2851
10639
11774
7892
10976
4970
265
428
3304
1365
7631
181
2037
9046
1995
4918
5191
9129
10556
4679
9629
1942
533
4730
7709
1541
8886
7351
1596
1857
7155
5050
8297
4600
5413
8307
3424
8991
3356
8994
10844
1340
9124
445
11482
867
8389
2873
7460
6985
6335
6549
1380
3226
3437
6911
10594
2870
2677
3441
11905
8198
8630
8902
4427
8700
8909
10119
7868
8359
8598
597
399
4452
2438
4478
4333
7312
228
873
11459
9483
5905
9814
11765
4332
686
4909
11858
1917
6121
6997
7359
10165
6183
8522
10869
10754
7605
1410
5691
11434
887
9082
5715
5205
9450
5127
7161
11149
8777
1463
9913
4167
8037
5710
8931
1650
6823
281
5165
6538
10258
2402
9994
8132
8235
8976
3731
10718
8972
9451
6090
7331
5388
9672
1719
5815
5215
5411
2942
7959
11219
7644
3063
2061
2237
3838
9659
7670
2132
7354
4110
6834
808
459
9722
1071
10626
685
10471
504
8040
8208
3298
8705
1219
5695
9173
9927
4262
9727
5625
872
1055
5537
8349
10217
7987
8187
8443
5838
10263
413
8980
9844
4736
11898
2423
2434
3690
5792
7113
6841
744
956
8054
7827
6124
8309
8560
968
9790
5933
753
10356
3766
5454
7756
2103
11814
8420
6488
7679
9001
3918
11783
11873
2055
7982
7888
2131
4726
10750
6810
10297
11511
3675
89
11326
993
1239
2807
10674
6306
