300
60
23
90
46
52
108
33
114
25
71
101
101
93
104
80
20
19
28
34
107
80
85
98
117
70
90
40
106
31
43
64
45
50
55
62
4
113
18
13
33
106
33
105
17
15
73
70
105
29
80
59
39
105
90
33
72
21
53
87
56
36
56
15
52
4
113
30
63
78
108
117
59
7
39
97
76
67
68
112
113
68
46
109
13
119
113
99
8
12
12
41
114
72
34
113
42
47
72
103
91
53
20
4
114
103
118
21
14
98
67
81
33
98
101
3
98
54
84
65
46
60
44
109
105
55
82
19
82
107
118
50
17
73
86
26
104
54
52
55
24
105
4
61
90
74
87
48
108
46
72
43
115
52
19
34
84
1
5
50
117
33
71
112
39
116
119
67
18
39
33
96
16
101
1
24
60
22
61
36
19
113
71
76
21
9
46
84
22
97
48
116
40
31
69
16
97
14
38
100
26
52
4
11
75
11
46
99
63
61
75
54
75
38
14
3
80
36
67
77
111
34
62
17
2
86
100
103
23
6
13
80
110
45
101
26
86
17
25
78
38
98
87
13
24
106
51
78
25
36
15
117
80
81
5
57
91
88
102
83
93
99
85
110
60
104
68
117
48
37
96
86
53
7
5
31
67
31
103
43
107
27
89
90
47
5
90
23
52
35
77
101
5
56
77
59
116
106
83
69
50
19
