800
80
98
49
96
57
48
59
8
52
56
13
96
83
34
40
32
28
74
16
24
19
44
10
20
8
2
85
100
31
49
99
95
57
74
92
56
92
86
43
66
95
82
33
37
16
20
11
62
37
76
1
36
18
9
55
21
11
25
50
80
49
7
2
77
83
82
45
17
74
7
91
92
24
49
78
15
35
35
86
97
83
45
38
31
82
52
39
10
38
14
28
71
66
98
60
57
67
25
72
82
1
64
62
54
55
93
2
65
36
89
70
4
4
3
64
49
86
83
22
10
2
8
54
37
94
61
34
36
44
33
89
68
35
3
68
72
56
79
42
49
91
44
38
37
46
36
44
31
3
89
56
23
62
67
77
21
41
36
40
43
7
52
38
98
72
3
35
67
60
89
62
33
31
77
18
35
18
36
40
97
22
41
82
13
100
77
61
32
78
14
60
100
47
79
7
14
39
9
58
10
43
62
77
77
6
39
9
59
99
55
48
79
73
22
27
62
80
9
25
74
51
23
92
87
98
3
3
45
72
62
40
67
58
7
73
43
11
76
39
1
60
12
41
89
5
18
75
72
20
28
3
48
9
39
2
4
65
8
4
32
25
79
5
4
53
76
4
1
13
9
15
10
46
7
16
16
94
23
14
15
47
30
22
17
98
60
99
3
29
21
18
86
87
23
1
44
28
69
73
83
68
51
33
23
55
66
75
71
29
100
17
98
60
49
91
10
89
4
78
72
65
45
77
37
83
61
91
98
81
47
33
4
14
89
21
97
32
36
67
35
82
96
51
28
21
85
7
13
83
92
45
45
95
21
61
64
98
53
62
98
99
12
52
89
72
39
29
17
81
95
87
3
7
45
92
77
86
28
94
54
71
24
1
25
42
44
23
37
38
29
16
94
55
83
32
89
98
36
30
50
31
17
68
11
14
95
17
46
62
72
42
55
30
87
25
8
58
18
26
36
92
29
10
6
64
17
78
57
53
10
27
46
36
95
61
48
85
52
93
29
51
72
63
69
16
78
39
85
52
2
19
29
54
91
29
72
94
82
36
53
88
97
54
71
100
61
51
74
79
31
39
79
4
25
9
92
96
39
7
37
56
45
66
84
13
41
25
56
23
98
74
87
1
91
73
34
50
24
81
27
44
42
23
8
62
37
6
4
79
65
34
97
66
87
90
84
93
67
27
12
24
76
36
15
31
32
98
9
61
90
91
42
42
87
78
91
66
94
12
95
55
17
34
58
21
61
22
92
45
99
38
52
65
4
39
99
70
74
28
33
56
24
83
18
94
100
1
22
76
46
69
98
34
22
17
33
57
77
68
80
81
26
56
62
20
4
4
11
20
81
61
50
49
14
81
11
58
78
60
20
41
97
27
77
45
96
78
17
50
49
7
48
33
98
12
12
2
17
3
5
18
32
73
7
4
32
10
18
14
30
78
10
63
5
80
74
39
93
13
36
51
77
27
25
17
98
98
49
2
24
29
44
61
45
78
89
55
82
68
37
84
85
3
60
28
62
62
53
28
99
96
23
66
10
82
1
12
23
70
65
1
34
47
39
50
58
70
21
71
21
27
28
74
48
13
43
77
88
99
17
93
8
51
6
38
41
15
22
22
73
48
58
49
98
6
75
30
39
48
97
42
55
17
16
32
94
28
1
96
99
62
39
57
97
98
4
35
74
34
99
21
57
78
19
68
73
93
74
93
91
24
63
65
92
9
9
59
51
21
83
54
60
37
14
25
21
45
81
99
66
38
84
19
93
23
34
97
10
76
58
28
55
48
21
13
76
65
84
24
33
100
33
25
47
28
57
54
45
28
14
10
