600
60
19
72
31
48
49
56
15
75
52
97
1
39
68
66
19
30
7
81
52
34
38
74
46
24
30
14
34
43
69
83
59
72
65
97
20
25
36
41
86
72
50
52
28
42
36
50
76
44
74
15
34
91
54
79
15
60
76
23
15
13
100
89
39
68
35
47
97
22
93
7
29
46
53
73
60
9
93
42
45
51
38
4
96
37
60
8
33
94
61
18
14
92
86
87
56
73
61
79
75
2
37
68
78
2
45
61
21
30
43
86
14
43
69
86
45
36
26
24
85
38
92
34
31
96
90
34
52
77
92
45
76
30
94
61
73
88
7
60
13
72
33
56
90
86
53
72
70
77
46
16
28
72
27
32
15
63
37
65
20
37
76
12
83
91
74
73
65
51
63
72
18
6
40
37
45
50
86
7
85
98
33
53
88
35
29
10
10
43
16
93
42
48
48
48
13
87
91
55
47
82
42
83
31
73
75
3
61
5
1
59
32
92
92
34
63
36
26
48
4
34
57
6
50
4
35
3
88
47
88
35
46
23
92
34
65
16
88
60
93
77
93
44
75
98
10
18
78
82
93
46
31
90
99
75
18
48
95
70
47
92
78
99
95
88
57
72
72
96
71
1
4
32
62
68
86
55
60
35
65
67
20
54
90
51
14
99
80
49
78
11
29
93
47
96
27
74
79
88
89
68
82
31
76
65
87
77
90
73
91
43
73
79
91
47
92
63
100
31
52
20
97
51
45
36
51
29
15
11
77
46
28
46
52
82
50
95
76
37
42
81
64
97
21
85
45
52
9
31
37
32
76
69
28
4
6
76
58
6
7
71
56
18
59
5
69
96
73
63
57
12
15
59
15
45
88
8
57
98
40
57
27
72
23
9
76
67
12
95
14
78
92
39
94
71
14
85
69
79
36
76
35
42
1
65
14
43
77
72
39
67
41
61
68
95
15
11
43
39
26
61
60
99
30
46
83
2
14
96
5
38
12
25
56
43
69
32
26
4
33
19
81
68
11
42
41
5
74
25
45
76
20
67
87
71
93
51
61
26
56
54
60
61
58
97
40
85
37
22
33
40
9
72
85
54
76
17
47
98
75
88
23
78
23
9
24
42
1
14
16
47
54
91
78
53
40
58
40
10
49
73
95
46
32
80
46
53
75
34
78
82
47
62
82
41
92
19
17
24
63
40
76
15
23
78
30
80
81
91
100
93
39
25
65
11
45
78
56
88
69
49
6
41
27
66
51
98
79
39
19
27
32
64
24
32
66
49
73
95
3
18
13
57
8
59
75
75
50
45
91
55
83
15
78
73
63
81
56
19
3
85
90
31
92
99
37
76
91
12
46
22
9
60
39
54
77
64
97
30
83
42
