500
100
2913
2094
890
1333
3651
4106
3174
4228
1095
1977
1416
1987
3177
4815
428
3483
2819
1159
2581
3839
4000
1691
1381
2096
4506
2349
222
772
111
1309
4052
392
4037
836
4840
3368
2954
2006
4059
54
3432
313
654
3218
4185
502
1715
4788
2921
1432
1940
1633
3463
62
1322
1016
1649
634
3926
320
4775
4472
4755
4485
1668
4958
2677
4609
2295
2934
745
801
2058
2398
586
4820
1778
2428
4436
2694
2165
4984
4907
2942
2500
2898
4462
3615
42
609
4932
3872
2410
3960
754
3236
986
1409
198
1451
3599
3021
737
1194
2689
1434
3379
1740
258
1179
3706
848
3267
4561
913
1220
3724
4774
3332
255
2962
890
4412
1750
2033
395
2437
1510
161
1697
4558
1916
2866
269
2075
1708
3697
4170
1018
4616
2818
1540
994
4252
428
3908
1473
4829
4823
1455
1633
3203
1418
3825
2698
3245
632
2781
1257
4068
3069
2150
4025
3433
1708
2952
4902
3411
1538
4407
4375
1205
3364
2782
160
2004
4202
4667
3768
2273
2611
4651
4643
4608
4074
4064
1553
1066
4262
3007
4212
2460
1205
2961
2284
3307
7
3597
2552
3388
4805
4588
2741
2053
3846
3091
4280
2016
4072
3263
1389
3353
2867
2017
4222
3864
3288
3453
2873
4495
3040
2329
1736
2697
4059
978
4970
4183
2339
355
175
3929
1603
2266
2240
275
411
3079
1083
1862
2896
3200
3468
3852
3343
1772
1914
2721
4250
4904
434
1085
3133
1237
3251
3975
1371
747
683
698
2186
23
1307
3287
204
4108
1625
1562
3572
4685
3944
3749
3058
142
4389
1165
589
1228
739
538
3319
4532
1322
3462
340
162
603
1061
1138
1604
3672
2060
679
1126
3520
4191
4321
3620
44
2961
2148
336
4191
2751
3372
2804
614
960
1487
3663
639
2779
2827
4081
803
157
2452
3088
3471
1128
1826
2746
1335
3843
320
3248
2714
2609
3795
4608
4527
3719
233
4
2736
4899
3861
1671
1628
2155
1358
4010
4104
3565
1698
374
4322
1047
543
1285
4795
4911
1668
1969
4892
553
4366
90
4351
591
3045
810
2391
2541
4744
2536
3235
1004
4916
291
2091
2777
2701
3999
721
954
318
4257
1367
4823
4641
4040
2601
1289
2844
1250
4435
264
2323
1291
1672
1433
4968
1072
487
4785
2113
2842
283
658
4907
4151
1071
3094
4397
4990
2765
4883
3306
3385
1476
3407
3559
4284
609
1182
3116
3431
1840
4653
4109
2596
4788
4310
2533
3925
1213
4348
4919
3262
2300
4442
4910
4920
3397
1284
2026
3167
3419
4547
2121
1612
2069
2700
1809
3210
3432
3150
2680
1781
516
1267
716
3444
4865
1356
2277
2319
898
1200
4485
3463
3388
1693
632
948
2145
331
1275
261
45
3293
1498
2695
2302
3863
23
3664
2313
1693
4410
1669
3652
4170
319
3224
3853
4295
3971
1574
1885
1722
2914
4662
1093
3000
4951
2223
269
2399
