200
40
1176
1732
1932
1855
1297
572
1994
793
995
514
1376
1828
1635
1363
1262
279
1155
1208
954
1394
1013
1548
142
820
1291
1930
219
1796
324
1202
1771
279
812
18
728
655
1440
533
760
1463
39
840
938
1043
1064
1098
42
995
1945
841
262
336
68
270
1988
222
1145
208
1099
1805
1678
1763
393
317
1051
1170
105
359
1847
44
1670
254
1265
1391
1796
1652
282
637
1641
565
104
192
358
1181
997
62
885
1689
223
483
841
1627
1183
469
1935
153
1943
191
1790
1699
913
130
1540
1416
721
735
40
949
1298
403
505
768
558
472
1631
781
955
1120
205
745
1472
1498
1244
719
1046
116
515
664
612
1294
1669
1115
1750
1136
1671
263
1824
190
1504
1400
1214
404
1657
1721
181
1214
1576
1973
516
881
672
470
1148
1691
1426
293
1950
361
301
866
1653
1870
1659
1010
1729
1320
225
1934
1255
581
1397
1417
942
28
788
1002
181
991
1782
1001
1697
1947
1796
1287
1188
1618
254
922
1872
507
1519
384
261
512
49
193
1077
1232
1919
995
