300
60
145
306
711
2805
403
2222
1977
800
564
2984
1792
624
1038
50
2163
341
1388
721
1734
1884
2805
990
1020
219
478
2818
177
498
470
1039
2875
2982
1401
1020
2728
733
479
1530
1784
1663
460
261
1320
722
2898
1422
1015
682
49
581
257
1793
1387
2169
706
2059
1500
1295
856
4
534
982
2325
2624
1864
610
1454
2690
2149
2687
88
2212
875
2837
983
254
1050
80
2337
1791
1678
553
2393
580
2868
2018
364
1864
2859
2027
2711
2927
2916
1297
950
1374
1716
223
401
254
1578
1945
1818
1141
2934
1771
59
2916
394
2458
2025
259
2278
701
2968
1894
1046
2279
216
676
132
1894
969
1071
2702
36
2389
2891
2751
2670
520
355
2116
882
88
2742
255
1809
789
915
979
1985
153
10
290
2422
1801
2959
2146
238
596
1955
231
1338
188
2652
2931
1142
2622
1987
2316
352
500
1760
2449
582
1267
191
2745
421
1231
2451
1050
2221
685
1702
204
2611
852
1408
1246
1882
1049
2214
2803
99
2125
2164
2839
1357
1744
1185
2791
1124
2321
2217
823
2109
1260
355
1115
963
1458
340
1050
2822
703
570
1663
1973
2153
1956
1327
1825
2237
2807
2264
117
2206
674
2722
1337
2102
1602
2771
959
453
2968
1631
558
1825
1046
2098
760
2635
1130
857
1687
827
2404
2738
1824
938
1912
1151
1123
286
549
1677
14
2187
1834
488
1748
59
1946
247
2972
630
2971
1945
806
1586
2381
113
2984
656
2636
1637
2403
459
2694
2858
2265
1964
360
982
916
161
838
515
1927
1506
2897
2865
2625
2031
1540
487
2328
1266
988
251
1635
2146
2353
562
685
1428
1636
