1050
70
136
78
129
114
96
72
134
77
123
72
93
84
102
114
87
87
92
82
80
109
70
112
126
139
119
74
99
126
120
113
86
74
138
133
132
109
107
90
116
111
101
109
99
74
78
95
126
125
118
118
127
86
127
138
98
102
111
90
78
119
130
84
87
129
129
132
96
115
113
131
124
112
97
113
119
125
95
127
108
89
71
73
103
135
99
98
78
119
115
98
120
114
134
81
112
102
129
96
75
108
108
99
103
109
104
124
114
118
117
114
101
121
108
127
72
108
138
106
137
139
128
121
79
120
73
124
80
136
78
85
84
139
124
98
90
99
73
74
133
92
106
71
100
130
111
96
96
75
104
123
98
89
133
96
94
121
108
119
115
99
138
103
113
99
94
78
125
104
132
139
97
93
75
95
101
93
79
78
80
85
74
87
134
117
90
100
73
137
133
115
106
137
98
101
75
104
122
117
75
72
99
130
130
131
73
105
95
122
135
109
77
108
95
110
112
130
71
102
109
87
96
99
131
88
138
132
98
95
138
106
86
117
110
138
90
106
87
106
139
100
99
125
120
94
127
135
91
139
122
134
115
134
113
103
85
132
116
84
75
117
129
87
95
129
111
94
112
107
89
107
120
132
96
114
99
87
116
83
129
115
133
73
107
102
128
79
103
75
127
119
100
134
86
118
91
86
113
71
138
132
92
101
85
114
125
138
73
79
124
83
120
115
130
80
126
114
74
89
78
100
102
88
131
73
93
100
104
121
135
71
138
108
88
88
116
73
73
109
135
93
72
125
110
82
94
105
102
137
74
76
114
74
72
119
90
129
120
103
77
75
85
123
84
75
134
81
70
99
83
77
122
76
137
108
120
121
109
131
112
81
126
83
97
115
139
100
78
134
85
120
83
82
118
101
86
91
120
135
115
118
132
82
138
93
71
98
133
88
112
73
100
128
133
79
137
77
80
136
78
77
97
129
78
139
105
89
84
115
70
102
118
93
115
108
76
74
79
106
94
104
113
81
93
97
89
79
94
131
114
134
75
101
76
122
81
82
109
108
81
85
114
115
82
134
107
96
70
122
104
101
126
115
97
135
93
85
78
134
72
80
102
128
138
105
135
103
76
132
103
76
74
92
126
93
124
86
114
88
106
137
111
135
72
101
106
90
123
108
128
101
108
92
129
94
95
115
72
89
93
115
91
120
136
103
91
102
74
137
94
98
77
72
123
105
99
83
84
128
116
97
102
122
71
86
116
88
76
131
81
88
114
132
108
120
76
105
76
90
75
122
100
124
129
124
91
75
133
123
100
75
114
103
110
101
126
80
131
80
118
116
81
111
127
117
84
137
88
84
129
91
114
132
114
105
85
123
127
108
93
80
93
77
101
138
134
77
94
100
91
88
116
105
132
73
102
123
122
119
82
74
118
70
119
99
88
97
101
107
98
87
109
75
90
116
101
94
124
99
87
78
124
106
135
94
113
123
134
78
135
123
77
84
86
91
105
80
126
114
134
114
83
95
84
91
72
125
87
133
111
120
130
131
114
115
87
80
126
72
129
90
95
122
80
85
136
116
110
107
132
98
85
122
131
138
111
135
107
136
91
74
120
73
122
114
138
95
70
139
125
135
90
121
119
110
111
131
131
82
97
123
73
113
126
112
85
129
87
129
135
128
130
108
108
79
106
72
97
100
102
119
111
124
78
139
82
116
110
88
132
101
88
77
118
104
77
132
108
79
102
120
112
134
125
135
91
105
129
93
137
79
135
128
128
88
85
107
82
74
90
94
88
90
80
74
107
83
120
81
123
99
89
85
121
105
80
94
85
126
107
121
78
98
84
137
86
76
122
104
115
108
71
124
81
92
122
102
122
90
74
139
104
139
119
123
73
100
104
91
109
114
80
89
114
138
122
77
102
114
134
120
123
130
77
130
103
75
88
134
138
109
98
130
109
84
118
130
104
124
95
125
139
130
102
85
88
90
132
108
118
122
78
124
123
96
84
136
99
83
70
133
108
102
97
77
75
80
87
120
100
72
82
85
121
101
78
123
98
118
75
114
110
119
118
130
93
106
82
72
96
101
81
139
118
81
88
121
76
70
133
125
75
79
109
120
100
118
92
104
94
137
137
119
70
91
113
89
133
90
103
113
85
134
95
83
80
126
119
82
89
105
71
103
115
82
79
78
84
128
80
121
113
82
74
95
135
138
137
128
70
81
118
79
100
109
114
89
112
122
88
95
74
134
108
124
74
107
139
126
111
107
131
80
85
137
107
89
120
91
114
83
72
117
129
127
118
71
105
73
132
73
100
123
70
103
101
120
98
110
75
83
82
80
87
70
102
99
116
129
113
124
76
134
104
80
96
76
129
97
111
137
89
93
123
134
91
122
114
137
73
79
