1200
80
115
138
89
119
140
98
93
144
159
153
95
104
82
133
118
157
126
109
152
155
98
131
110
105
108
119
125
159
148
91
120
94
115
136
103
125
99
133
127
127
151
129
149
133
94
118
93
132
93
107
86
117
121
158
117
159
145
82
132
97
107
129
150
92
83
112
140
156
109
120
132
98
137
121
109
119
152
118
143
84
119
90
107
88
109
91
113
109
159
147
112
105
114
93
133
148
146
125
138
140
93
97
157
109
119
112
144
108
88
131
147
148
116
123
143
108
99
107
125
139
159
107
96
134
142
82
103
158
122
81
98
154
107
104
137
83
114
144
139
86
80
132
93
87
154
103
130
130
149
145
102
149
138
127
83
125
111
104
98
120
137
139
120
121
125
154
155
122
96
155
139
94
152
89
82
104
116
135
132
137
150
95
144
142
88
155
115
125
98
101
128
84
155
88
107
119
130
143
124
121
143
138
100
98
125
124
115
151
148
135
114
131
131
138
96
154
134
99
147
138
145
143
125
86
133
120
109
136
106
104
87
138
132
116
135
105
131
136
103
95
118
95
146
85
111
138
148
149
115
151
138
158
105
112
121
123
108
156
125
117
99
81
91
96
109
96
118
89
81
130
144
136
147
121
108
111
132
98
152
105
138
147
106
133
125
96
94
126
119
152
115
157
138
117
108
117
104
159
148
148
85
139
138
99
101
115
87
149
125
111
152
141
81
141
135
153
140
138
105
94
106
127
88
87
153
114
98
99
95
94
92
82
123
111
103
159
146
136
157
127
113
103
113
138
97
94
99
81
123
109
124
151
89
108
108
156
112
145
107
126
130
136
81
144
143
110
86
84
118
112
96
123
129
152
103
136
144
115
148
82
142
130
134
116
140
80
151
155
91
156
151
147
80
145
93
133
83
133
107
121
151
133
98
125
101
134
99
117
155
129
157
140
105
124
108
154
104
127
125
107
134
153
151
95
90
84
125
135
150
111
148
113
118
122
114
90
91
111
159
146
137
89
80
86
112
92
140
129
152
122
99
129
87
87
117
142
109
80
82
154
94
158
153
91
90
123
98
116
112
107
107
135
97
158
137
81
102
80
99
115
80
94
116
88
108
80
123
119
138
81
116
89
113
138
136
120
133
130
118
137
150
147
97
106
93
130
132
137
124
80
115
115
104
147
97
147
93
93
95
154
146
125
93
89
89
99
155
140
120
154
117
83
109
93
138
84
139
139
159
155
95
122
110
132
92
158
99
128
98
105
136
96
129
133
151
96
121
98
83
123
128
144
134
134
83
145
132
155
96
93
136
90
93
132
134
105
134
94
137
154
107
130
101
98
105
140
96
130
122
145
142
132
92
101
82
105
127
87
100
108
141
96
152
91
139
156
157
106
116
137
84
130
100
107
150
149
116
143
153
88
139
156
148
95
118
146
129
108
107
92
132
136
151
101
145
118
122
90
117
134
85
129
87
136
91
118
82
154
129
106
144
90
137
96
91
88
107
149
97
117
115
94
96
134
91
89
139
156
120
81
153
86
128
93
125
136
158
132
117
82
104
110
102
145
153
88
127
112
94
140
127
84
110
141
98
158
90
120
104
107
159
82
129
137
158
85
112
158
89
134
143
113
116
122
115
132
87
84
95
105
110
121
142
81
155
130
114
81
109
122
124
113
131
130
110
115
159
122
138
154
129
113
135
156
124
94
159
119
111
123
146
117
153
83
159
114
148
110
100
146
89
121
120
127
110
102
141
126
107
117
82
124
93
121
148
92
129
148
127
91
124
99
157
119
120
91
136
152
89
120
81
137
83
119
85
125
128
114
158
139
104
152
120
99
98
159
105
119
98
106
134
88
108
159
142
120
157
158
147
141
144
80
129
117
111
118
150
159
134
126
111
92
81
120
140
112
107
141
122
104
80
130
156
116
154
80
116
86
83
113
92
143
132
99
147
122
117
135
90
127
84
100
127
90
121
132
135
98
136
114
85
120
94
113
112
81
87
81
128
81
88
82
109
140
106
84
87
147
95
108
102
116
154
141
136
121
150
155
154
154
110
146
155
127
107
81
121
134
132
128
114
125
100
136
82
114
103
140
95
110
99
139
104
103
129
124
132
123
142
105
102
102
97
130
139
133
130
98
99
101
117
119
144
97
141
156
114
107
136
152
133
114
124
152
101
152
154
87
147
87
105
153
86
104
159
154
95
99
96
151
123
131
91
144
123
111
159
99
104
149
140
104
101
144
123
129
136
128
104
122
81
124
86
138
93
97
118
112
91
153
124
150
152
128
148
150
89
148
83
88
122
158
121
80
139
115
148
84
147
143
144
92
141
141
82
121
88
155
107
137
112
108
124
97
118
151
102
99
110
152
113
117
120
156
112
124
120
127
105
107
105
116
84
137
149
115
103
126
128
113
111
89
99
110
88
126
133
134
152
90
136
136
126
154
92
83
156
136
81
108
134
85
151
97
114
94
129
133
105
88
105
108
81
114
91
104
105
134
94
91
93
106
159
105
90
143
99
87
107
159
82
113
94
89
112
142
158
129
151
133
95
119
138
99
109
88
148
149
98
92
82
81
121
141
150
133
120
112
137
90
134
83
145
108
100
152
132
137
148
134
116
130
139
113
150
94
94
100
120
96
102
93
151
159
132
121
137
120
133
87
155
135
89
158
141
104
96
135
159
136
81
144
113
93
102
154
144
142
89
86
143
80
127
81
81
132
139
149
105
91
