1000
100
130
118
134
175
110
178
159
166
193
118
161
112
132
138
132
167
105
119
144
186
111
194
149
105
152
195
111
192
160
141
121
124
143
111
167
144
163
175
162
170
185
180
117
176
117
128
198
131
138
173
198
193
180
123
128
113
120
183
175
161
160
138
136
177
150
118
197
178
113
109
177
123
164
147
198
147
189
180
188
161
129
171
179
108
188
195
164
161
178
112
184
131
182
191
144
169
107
194
188
128
123
124
142
144
190
144
165
136
117
188
160
199
113
106
163
105
143
162
197
148
181
174
194
162
129
119
195
153
168
102
199
177
112
148
183
165
105
104
115
158
175
102
170
183
155
103
151
175
137
146
149
186
177
195
126
114
125
175
105
158
157
133
154
124
153
100
159
180
113
156
129
178
113
131
117
137
161
130
188
166
121
157
101
196
100
162
166
114
107
143
119
146
140
180
117
153
173
127
186
126
116
154
196
181
188
126
167
195
170
105
160
199
121
190
177
173
121
168
136
115
174
105
170
197
163
136
153
155
163
116
164
135
190
135
169
192
180
104
141
120
129
191
162
169
127
160
120
144
162
163
145
147
157
130
128
149
106
118
123
183
163
152
144
162
179
188
177
123
166
100
192
161
140
185
126
108
132
140
186
156
165
177
106
193
175
101
110
197
187
122
102
196
166
122
126
155
177
136
166
192
185
189
103
178
171
175
195
136
199
179
149
128
111
149
161
127
198
171
110
196
153
163
127
197
129
169
135
120
115
102
139
196
128
158
124
132
102
128
149
159
134
125
115
193
195
170
118
114
194
154
166
154
102
106
197
107
137
166
183
169
135
165
176
132
106
158
118
131
120
197
149
101
142
167
131
133
108
123
189
185
164
139
129
123
197
187
117
108
151
161
124
124
127
168
146
190
186
159
162
184
112
151
196
136
186
192
192
113
199
147
127
134
122
151
106
157
143
123
106
132
165
142
169
129
135
149
175
167
195
112
118
140
110
113
196
193
110
167
114
170
131
193
140
152
178
174
137
190
179
148
171
142
112
107
165
185
137
108
117
121
128
188
168
144
199
157
196
170
143
178
154
160
187
105
145
180
167
173
184
183
142
140
163
103
150
117
114
104
192
160
109
112
197
167
150
133
188
133
154
171
109
113
165
138
137
142
155
110
172
150
155
105
172
123
191
126
119
125
132
139
167
106
133
176
107
162
134
173
134
143
179
120
104
183
193
168
138
135
122
139
100
160
182
125
154
166
128
141
137
198
160
130
104
169
148
136
143
180
129
133
165
135
174
104
115
181
178
190
116
135
123
189
138
144
147
138
118
110
194
197
195
143
132
138
150
140
148
189
178
111
142
129
196
136
128
166
162
199
150
149
142
112
150
147
164
137
138
116
113
171
189
162
144
196
126
111
144
105
120
127
137
146
123
191
116
112
174
111
118
179
196
147
100
191
109
126
152
180
199
178
121
161
160
173
100
195
197
188
107
185
149
111
146
169
141
170
130
155
197
168
138
175
173
191
120
123
107
128
197
131
103
119
131
110
156
194
160
199
163
159
176
132
144
199
148
101
194
144
126
138
138
107
102
128
139
182
175
148
114
197
111
152
100
115
174
102
198
172
160
161
149
145
101
176
139
160
117
137
148
168
195
165
174
176
157
131
123
184
194
115
160
122
193
183
186
161
177
168
100
108
198
188
122
150
150
145
129
107
165
124
104
188
113
145
102
179
150
102
162
121
168
159
191
197
119
152
152
120
105
132
106
114
135
177
135
132
135
175
165
113
183
107
123
130
138
198
106
154
164
157
190
179
109
187
191
168
183
126
124
146
155
144
131
129
189
102
151
131
128
122
150
127
150
188
111
146
191
126
167
167
196
114
154
193
164
164
103
105
181
114
152
113
181
196
126
146
127
148
162
140
157
192
100
126
106
137
199
133
191
158
141
198
100
175
101
197
125
125
194
107
106
198
155
147
112
187
144
181
198
191
119
194
157
124
169
197
181
122
132
114
181
112
141
169
119
119
149
140
188
121
172
116
178
122
105
168
141
130
143
180
158
167
101
100
132
189
138
107
121
147
198
165
168
104
125
119
194
100
153
158
130
151
151
101
112
114
105
109
140
179
197
141
184
189
175
180
188
130
136
193
142
179
151
141
130
119
178
188
124
140
120
198
191
173
163
180
113
126
123
148
133
180
119
108
111
119
150
174
101
180
113
145
121
189
145
192
139
130
186
158
192
173
149
136
177
114
177
105
138
101
130
114
158
128
150
178
101
111
190
169
