150
50
501
1403
1001
506
939
78
1395
1047
282
551
1138
626
1338
1497
269
1316
594
652
888
1076
797
886
1347
172
1495
62
554
976
587
102
14
425
1044
1376
1102
1008
11
397
207
4
187
764
956
1195
100
1384
235
130
31
1086
561
768
68
381
597
492
1228
810
7
1199
1076
297
1490
1378
1235
392
850
58
92
998
1153
1002
1211
931
23
1010
422
789
197
938
1013
695
458
314
1369
404
240
929
461
1323
23
383
473
96
407
1457
345
523
1019
1156
518
379
441
869
1148
56
1000
135
1346
1150
337
1081
1277
251
1332
569
458
594
569
1011
623
1356
1077
876
1362
766
766
1274
841
1238
1056
1044
1359
169
24
71
421
611
997
1146
1417
152
77
682
1261
137
1248
317
1382
60
