200
20
87
1
47
20
4
69
64
83
74
98
37
85
2
51
82
41
61
54
81
81
63
46
58
9
4
90
69
3
14
37
69
76
11
49
90
14
8
40
45
5
42
79
90
62
44
4
46
30
96
48
35
33
1
10
52
60
94
8
78
47
33
11
94
67
10
20
50
17
21
73
32
32
9
100
60
44
66
81
80
66
65
46
46
58
6
71
74
39
22
19
84
58
84
27
6
23
14
76
38
14
90
92
63
78
92
84
63
15
57
96
10
16
15
93
66
12
4
56
71
80
11
4
34
98
70
83
56
52
75
87
16
62
25
8
54
4
100
66
67
29
30
31
74
49
70
62
30
47
56
8
37
25
48
91
60
84
52
95
14
81
49
58
64
68
80
65
84
33
79
68
86
84
86
60
82
25
71
35
33
62
100
28
85
68
84
55
70
6
13
86
28
27
22
2
74
54
40
84
84
46
