161
80
100
100
98
96
99
96
99
101
96
95
95
99
95
100
101
97
102
96
105
103
101
97
103
105
103
96
102
97
103
101
96
97
97
99
95
96
102
102
103
103
96
105
101
99
103
97
101
99
98
96
105
105
100
98
96
102
100
101
96
102
104
99
100
97
96
97
96
97
101
103
102
102
97
98
101
100
102
98
96
104
103
98
104
104
102
99
96
95
98
96
98
96
105
100
98
100
105
103
98
98
97
104
98
104
95
102
103
103
102
100
100
104
98
103
97
103
105
103
101
100
95
96
102
96
102
101
96
98
99
99
95
96
103
97
98
100
99
105
98
101
102
99
95
98
96
100
104
101
100
102
100
98
101
99
102
102
96
100
102
95
102
