300
20
13
37
3
10
27
1
23
6
5
34
14
30
5
11
14
24
39
1
31
21
21
38
25
24
37
19
21
19
6
15
36
22
36
2
36
5
6
5
7
13
19
11
19
15
8
14
13
5
1
20
12
8
5
36
30
35
24
30
5
34
5
31
17
27
27
23
10
6
14
9
9
36
29
12
20
13
19
16
14
1
7
11
34
24
11
36
31
18
25
36
9
1
29
17
6
32
10
38
6
5
8
5
32
38
21
27
38
3
2
38
37
10
16
24
6
29
34
3
25
18
21
33
29
13
1
8
18
38
2
15
4
22
18
35
2
20
8
35
4
34
16
9
3
20
37
35
17
28
3
38
9
25
24
18
1
29
39
26
10
9
14
27
28
6
11
5
38
37
26
12
25
34
22
1
27
11
29
3
16
4
8
1
1
11
34
26
29
22
24
15
12
29
14
3
32
37
7
1
37
35
27
4
16
13
3
22
32
35
26
18
21
25
28
2
38
15
20
36
10
38
10
29
16
24
9
21
10
32
5
28
26
10
10
25
12
12
31
24
11
33
30
9
9
39
20
19
34
13
18
4
24
15
24
16
22
20
38
39
17
29
25
30
35
26
4
6
20
17
36
12
19
9
9
39
28
21
14
28
29
17
9
33
9
5
39
12
24
39
38
1
11
7
15
29
38
3
8
16
31
15
