1350
90
2563
12947
1730
8995
4575
1474
2918
7225
9845
4006
10132
5623
6037
1095
10009
3719
9249
4810
6845
4557
5346
12521
12826
2297
6545
3446
4822
6754
10895
1359
12146
3423
5866
6904
415
7869
7192
9433
12733
1959
8349
6274
4092
11816
356
2565
1488
600
10461
5999
6148
2854
4136
6718
8573
6005
8946
3738
1919
4145
8560
12063
4136
7970
8957
7103
5955
5974
4766
1226
925
8487
3995
11155
6690
4640
2197
6226
6755
2465
313
3843
8805
6266
5258
9008
4752
12515
1663
363
8813
5165
9961
158
2997
5246
2216
13239
10313
1390
1949
2790
4776
4366
12683
385
1976
2069
8035
11132
13105
12210
1432
6758
2837
7083
9273
11962
13166
8180
8656
1510
11570
7371
874
5555
7807
6471
8213
10893
8557
8193
11920
13413
5998
11951
6966
21
9026
9652
4279
12008
1306
5422
4015
12032
13297
10899
11011
3239
1819
12540
11398
1092
5201
5026
12498
5029
4520
11665
12096
9497
13216
4952
13327
695
4622
559
1598
12245
3658
12999
10768
11953
2554
7643
8656
5337
4826
12146
9339
13271
7073
8614
5745
576
12773
9177
996
3337
11277
9596
10665
714
10295
2217
8801
12997
8313
6644
12733
4813
12158
10406
1293
12995
11161
7715
11869
1063
12824
8605
5728
6282
882
9448
9728
6807
1942
706
4747
5857
10994
1310
2050
6256
12693
7523
7809
6093
11679
6988
4484
5357
8112
7721
13301
9055
12007
4145
2658
13028
2971
1883
4460
1397
3712
8570
9274
4671
7283
4921
8411
351
2335
2367
12137
5372
7712
4831
9876
10278
3000
9151
4476
4491
10301
740
10976
6703
8865
3260
6571
5072
6601
3814
4437
4509
8533
13205
6878
4129
7685
13450
9801
12906
5606
9766
3105
1617
8849
1017
423
9058
13315
11850
7277
7138
11837
12429
10295
12961
8060
9896
4966
11737
8406
16
7076
4577
5114
12692
9286
11810
5867
4888
12226
13026
6826
4544
8354
2303
2893
1805
4825
682
13285
2601
12634
12558
11532
11596
4409
8066
1749
9797
4388
9996
9396
2360
9919
11575
6914
5629
186
1700
4445
9740
1947
8397
7186
12029
6712
3418
13362
13218
2056
9153
8931
6951
7648
11385
11656
7415
5299
4442
9220
6264
13290
2542
6317
6799
5216
12136
11289
5317
802
10822
7331
900
7687
1404
2626
10244
8218
3906
3584
11225
737
10702
7288
7366
5034
1426
2092
8400
11269
4976
1103
3312
1638
10515
3437
3932
5993
13086
5331
3734
7880
8794
2245
381
13115
71
8672
9972
12289
8036
13099
1736
10600
3432
9110
12250
10674
3351
3232
7633
525
7485
8439
2638
7052
2526
8014
10999
5263
5247
1689
5900
4547
11159
10787
2642
9282
1061
10012
3668
4159
6664
8828
12303
8333
6214
3791
7009
6777
4696
6430
4020
9156
7690
12278
5619
8941
1397
2087
3963
10625
644
4152
9254
8363
245
727
9967
10563
11790
9723
12398
6523
13342
8422
3673
6190
10806
11656
5301
2646
12450
5855
3834
1339
3447
9928
2561
6139
12893
3398
7340
13441
7590
12861
10735
5342
1438
7664
9394
1577
5212
2684
8367
12036
13036
5469
11103
4397
3579
2171
4878
1891
7480
9856
11699
3184
9381
6207
9230
7828
6176
1571
10660
12215
6709
12184
1146
11148
11099
8952
7093
10375
8694
13136
2733
12938
3030
118
2678
3206
1529
11921
1888
3998
11808
13456
306
1970
3061
7970
992
1846
4107
10072
6989
3332
1407
1359
7048
7672
4790
4346
6500
6105
13458
7641
5429
5185
13378
2689
5232
1516
12027
3882
13255
4275
408
6635
969
2836
10652
7203
5559
8919
9332
6693
9920
3790
4729
13460
4954
5419
9200
5110
3283
6627
7671
9881
10769
9371
2467
6475
12809
11598
2742
224
10864
8586
9472
4447
10115
5756
5432
6852
6780
13069
3977
12146
489
8673
3427
11469
6077
7077
10523
9842
5247
5702
5309
1727
1469
5225
571
4279
6689
4790
2823
8633
11497
9588
4373
6929
1295
10998
1582
11428
6560
13430
7086
8500
707
12684
118
11352
12286
4951
8201
5988
510
3484
2321
6514
9914
1615
6669
10739
11453
2326
2606
11024
12820
7073
9268
3119
7168
3964
7051
3765
8638
2298
6102
10636
9822
11847
2539
7008
11367
667
3349
1439
2064
9742
1511
2259
12129
784
4900
2563
5845
1681
12554
6471
12175
7920
7835
2987
4877
12722
1231
9736
7210
9432
4096
5414
7357
816
3012
2732
6816
40
10431
1604
5357
10406
8127
7041
3430
1810
12834
4913
9090
7662
1866
400
7129
3863
6215
10851
3835
8250
13254
11642
11038
3629
5602
4352
11568
9165
1091
2865
9707
11675
2781
671
4751
9198
522
1589
11940
9980
8025
3280
8405
5115
7865
8648
1440
3573
7770
11870
12912
9753
1249
418
9082
12321
12829
6591
430
8632
1818
8270
7958
12556
357
4011
5252
13462
11309
4958
7699
524
5044
2050
12018
796
458
6915
5524
1225
11142
2078
7290
10843
8534
7106
1004
4740
7473
313
6823
13490
1562
953
156
2036
7269
10246
5711
6618
1465
2062
10076
11886
10691
10808
3938
5449
2666
11928
12902
4885
8482
9428
4953
4937
12737
9344
9052
2773
3013
9108
3607
13422
10664
7233
11466
2997
9898
5520
3778
12960
12995
2670
12463
314
8371
9353
13446
6477
324
11734
178
11823
7019
1974
9179
11038
8667
8642
4621
885
7624
2150
9631
2966
2589
3306
5399
1723
12896
11240
7097
8083
859
4134
4682
3442
6949
1356
1035
6126
10336
422
7710
12387
1899
11221
5008
6928
6952
3927
1995
5477
11357
4649
122
8721
7123
12163
4030
10082
4729
6592
2928
6578
12870
4705
544
5265
11809
3426
1718
3158
11048
3440
2254
5794
10836
12242
12489
287
11089
4220
437
11159
12907
10943
9818
13056
5424
11965
12255
3050
9304
6688
11118
9109
4887
9875
4330
3129
2161
12253
10697
5375
13196
788
6303
176
1862
7225
10694
6404
142
9361
10257
2610
12811
691
603
10069
12661
12465
12105
13371
5275
233
9360
2147
8727
1417
11046
3494
637
794
5195
7786
533
3866
1981
7853
8391
5570
4812
11683
3255
5713
2399
8351
9554
7560
3523
4765
11602
8270
10744
875
1734
3955
4231
9539
4096
10390
9662
576
2764
11983
9257
4362
5443
4337
7140
7876
12866
8741
4939
8725
13070
4114
4216
8123
7370
4672
3667
7338
11719
2608
8889
9300
3358
11882
3810
3934
9761
9872
5877
6875
7318
9054
5121
7837
4971
10081
13199
7634
779
1155
11327
8036
13040
10524
6486
9194
6080
4654
13418
573
3556
1308
2765
3459
5236
4740
2057
10115
11792
8529
12117
10984
7809
12157
11889
6691
11095
10540
8671
4350
1947
4007
11638
8048
5005
10233
6567
10916
6131
1682
6426
10662
8647
2739
10929
12015
9972
1217
12610
9580
2627
11273
13035
8821
8763
6818
7235
4839
1182
6719
5852
7421
13312
9388
1208
6905
4090
4329
11778
8568
7090
12208
5687
11616
4946
7648
5468
2105
10110
10602
2765
5058
11796
222
6159
6638
12226
6178
10993
8234
8718
295
12723
7098
10281
11662
3612
5777
12444
971
2873
11384
6948
6059
11365
10596
8770
3725
10148
7313
2074
12531
12666
3494
4069
10542
4565
11032
5666
5477
11774
4439
12318
390
10240
8230
10446
11186
1850
13327
6176
9340
11146
5985
111
11229
9545
2830
5245
7037
11266
840
11396
11561
9566
1308
13390
2346
10027
11174
1990
6410
5026
1742
9462
5918
6644
9108
2370
1471
5829
13172
6542
8388
8772
3403
2991
4621
3639
6223
10631
5815
800
9572
6047
11505
4423
9626
9499
9738
11504
2510
6873
13189
7690
8361
10332
4128
2236
3508
8767
2845
4474
9866
3092
1337
5308
5425
8004
5583
8785
10065
12003
9029
12413
3050
8128
7758
6187
4736
821
852
743
1986
11652
486
9192
4876
249
9475
6075
3454
11648
7624
1566
3958
12511
11186
9502
1417
3283
8134
10378
7338
6460
4296
1077
3080
6152
13093
1339
2909
9884
4861
11031
10498
9939
385
2364
7637
1336
8800
7586
9895
1253
6326
1451
2410
4071
5725
676
96
5679
6569
10187
9995
5998
11070
939
8635
6585
4681
4470
4459
5642
5738
919
9129
10985
1038
3232
12933
9018
