1000
100
4405
6445
9108
3433
2042
6812
3985
7824
4055
6705
5653
48
4409
2603
5551
4317
4660
2822
1475
7282
6683
630
2748
6573
3439
2221
2646
9327
8256
8172
5308
5784
1123
2745
7048
4813
7490
9925
503
9847
6339
1994
6278
1998
3313
1769
1258
3081
7037
3660
2387
6870
649
7011
2721
5206
3076
27
5002
7890
8083
1982
3454
3996
8188
2271
1030
7950
4319
2748
7652
2947
7390
3440
5339
3769
9583
7712
7940
9985
1341
290
4458
66
2226
7305
1023
1952
2554
9495
8891
860
596
2573
7344
6026
3834
560
9318
5450
9541
6562
2820
3834
1777
1462
85
7928
811
1748
3833
2774
4959
7165
8659
4518
86
9709
8407
1508
3589
2425
8772
6210
6566
1189
5465
6974
1424
3267
8046
5174
7367
7340
4918
9488
7420
2148
178
1176
9339
3742
5604
255
3512
7681
1739
7907
8346
9029
3221
7969
7561
5652
1413
1977
8425
9634
9763
7725
3938
9294
9104
4128
8376
1440
1396
5755
3482
5800
3173
3167
5658
7581
7440
8397
159
7241
8196
8250
4628
9055
2635
1729
1159
6831
1436
7965
7698
5487
4028
62
7187
1253
6078
5539
8491
2675
3298
9087
3561
9013
2049
1910
3175
7355
5626
9608
5834
1356
3749
6646
694
9830
889
2304
3104
5210
6224
5614
2999
1695
8934
8401
4568
9544
4501
2869
9577
8322
8741
9480
9963
407
8210
2095
8061
637
2900
7687
3115
5670
4601
2842
483
6038
7001
6479
8939
2845
9966
8881
7962
6791
8665
9050
2007
1548
5710
7671
3011
1353
4144
852
6468
4114
4924
2756
3958
8977
9303
5640
4456
7127
6855
8640
5279
8540
6245
5217
3633
1918
3614
1544
8754
6160
7769
5711
2304
9456
502
2109
6238
8416
4459
675
4070
8514
8145
8151
2520
2132
8880
8215
9311
9543
9974
7412
129
4398
1275
5123
6046
4625
3998
3256
1281
9913
8838
3304
3229
6806
917
7776
7817
1355
5443
9587
5598
4711
8705
2583
3988
4960
7073
1481
506
2665
3033
8416
5539
7352
7633
5736
9138
8417
5425
308
6503
8014
8488
7389
7449
9333
9200
6577
461
3238
655
4740
6826
2296
6388
5680
2628
8481
7404
1289
1334
5836
9827
3749
4388
5663
8177
6210
2501
5395
9845
9366
3101
9865
8352
7457
1625
3218
1632
8974
7891
905
1325
6708
6795
4386
5247
922
7
6773
8795
5432
6665
3005
7358
7424
9940
6348
318
129
5704
8434
8965
5779
8504
2286
9542
7678
2720
8674
6030
3990
7125
8807
4202
5937
9863
8503
7363
9465
4379
990
7350
1833
3442
7752
9460
4063
9780
8558
9987
2670
3925
2501
347
325
8675
7685
8758
8298
5386
6130
665
7528
1985
4861
6145
1687
5818
3590
7974
1426
9458
1328
465
2357
6297
6833
7304
2046
9166
9513
1666
7996
946
7515
1965
6051
8958
7420
4584
333
466
4877
1228
7685
7816
5596
3616
2568
2794
6908
183
4812
6262
4148
3181
6517
6306
7194
1669
8587
4683
6581
6762
4390
289
4934
6040
3072
6073
2063
2782
4376
3514
3914
6211
890
5071
3281
4117
6652
7748
8199
8667
555
1920
3698
1114
5590
8783
7482
4935
3271
6838
1968
3213
5481
5186
6376
8284
4289
9401
8764
7879
4811
3925
5496
7240
7997
2580
3451
9451
2405
6237
9793
3732
4742
4268
2884
2232
2105
3723
1844
975
8984
3045
2332
5980
375
9845
6348
1031
103
2650
7817
5278
8709
8276
9804
6893
7234
9315
3991
7014
2028
4310
2350
5918
9013
8020
3614
3635
3700
3751
9009
9384
971
1431
5385
3836
3826
6262
5595
4776
5257
1125
1890
5420
8919
3265
2114
1450
5871
9480
5045
5866
957
1534
5205
731
5808
3912
3212
9855
3682
3636
114
9580
6228
7033
1820
7122
1063
6135
5770
4482
589
8474
9831
7298
4454
7664
9959
9011
9131
9549
4730
7511
4292
1933
6236
2138
1346
658
103
3606
3561
9017
8815
7797
8107
9346
306
3240
4893
9868
6558
8166
735
7032
4552
5394
379
1129
6354
2742
3239
6661
3804
8905
1961
2715
674
2686
5846
3152
1168
7074
6716
2559
6809
5808
3896
9617
946
4638
7737
70
5634
7637
8978
3151
7135
3073
7244
8496
7703
6384
8743
9483
3959
2770
3960
954
9095
1329
3526
560
998
3440
627
8177
3001
4436
7032
8424
896
338
4890
3116
7359
5029
9292
8522
1557
739
5428
8737
9604
9674
6886
2049
4322
6262
6697
2225
2825
1956
5070
2971
2693
1006
4281
408
7910
8151
9798
7267
4436
1856
7166
9974
8588
7725
7222
9710
4102
1501
7797
602
3437
1275
5048
1638
4133
5612
9406
5576
4417
7895
8023
7678
2797
5080
4226
5954
8444
9334
319
1475
2619
2059
5411
1547
9381
4726
9474
3653
1468
7818
4192
6180
8412
5863
3944
8983
7603
6790
2125
7084
8181
7385
1810
9654
517
3079
8320
3609
6134
9208
3209
2388
1483
8894
7080
5475
6386
8080
9167
8759
5495
4825
1221
7073
7904
2236
9050
4888
5582
9502
5944
1349
2652
5256
2684
9730
574
1639
8260
9079
8741
8161
8497
6813
7266
7310
5906
4751
1626
3482
7024
7628
837
4089
8868
5843
4015
6207
4715
3803
5196
3375
5538
7916
4586
295
7574
6453
557
218
9637
3754
2402
2225
425
3923
9651
4911
1271
4523
5945
7130
3884
9717
2700
7526
1295
414
7606
8092
1292
4619
5005
2204
8284
8104
5680
3220
8419
1659
5433
8698
2776
8174
8436
3975
3923
2312
8405
250
5327
3298
6408
3828
101
2080
5741
2893
5123
4160
4784
3854
514
57
3483
5487
8278
7426
7436
6689
6620
1483
41
4
4583
8975
4879
24
5844
6925
5690
2409
728
1177
2576
5454
6122
9526
4836
6068
6011
6289
7305
4677
9602
8077
7903
2667
9799
3875
1019
5963
3480
9456
5516
3416
605
4535
5875
2219
2730
6974
1082
6339
8250
8813
9469
1341
7706
9422
3259
2690
3149
1162
8955
6904
3793
703
9941
2665
9306
