900
90
8143
1304
4792
8237
3358
8342
8149
8733
5027
4508
3708
1921
4055
6216
5330
2208
2778
6385
3871
8644
1820
4730
3739
8651
5982
7063
4047
574
6820
8368
2764
3244
7496
6486
812
8401
8508
5006
5328
6095
8720
6538
987
3476
4931
109
2018
1626
7714
7978
6395
6694
3996
7523
845
4944
8791
161
6268
1425
6700
4228
1778
3725
6024
4907
4120
2255
3007
8206
1715
7851
1415
3996
5734
3600
3230
8062
6612
8566
5615
6061
5538
8480
2217
8931
6364
2236
4345
7243
2906
3655
2956
2942
6013
4981
5201
76
6378
8811
7084
5122
6982
3937
2944
7827
5078
8418
5886
8440
525
7449
875
3643
6057
3692
2872
3888
5651
5801
6809
7150
2728
8462
7927
7860
6922
3096
4900
529
6296
3833
8610
8965
6406
7282
7888
177
8584
2847
8035
6317
3117
5245
8867
1950
6339
5712
2637
6256
3795
5108
4532
5110
4086
4223
379
614
5647
5245
3488
7642
5229
880
7890
8314
6837
2931
2574
2064
1044
5929
6707
3858
3248
2535
7235
4276
4033
4547
4109
2239
3598
937
1200
136
5106
4620
2588
91
6605
3429
7369
6
1699
1854
8817
5633
3013
1434
1532
678
8276
1129
2361
4974
6060
7901
376
6898
158
8356
5845
3153
8375
3961
5393
2014
5614
6004
3920
2613
1817
5700
5695
3891
7002
8096
7703
6912
8737
7470
384
5907
2193
5709
2531
4333
1008
4253
4347
3058
6577
5347
2176
1576
8728
4510
8902
2289
7923
7271
4882
853
1341
5374
1649
4827
6018
8293
3007
4866
5621
8229
7857
6405
7277
5544
5986
1174
2523
2564
4237
1934
7364
8531
1343
1192
2778
3562
5663
526
1119
6692
2097
3209
6179
4254
7047
4438
859
4166
8332
810
1998
7297
772
3160
8670
3853
8332
2668
856
3162
8664
8773
1620
217
6395
6673
8921
2239
3160
5035
4534
7545
1304
5173
7016
6459
8650
6135
246
343
3487
5040
4157
8741
4241
3839
483
7401
2860
7197
8790
7083
6706
8974
7297
1986
11
1505
1529
7221
1387
8987
8737
7770
8836
2697
229
2875
8715
5114
2600
838
290
7952
884
837
2037
1561
3755
849
1462
7452
5630
3848
5267
478
5956
3
2335
6242
3158
3810
8313
7989
3679
6711
8284
261
8898
5058
2148
3215
550
5875
5959
5894
4507
5105
8241
1148
2296
6211
5444
3868
759
1752
6115
1564
8921
3934
8448
2288
4200
2356
8267
1069
5501
941
4840
1203
3352
351
6642
1656
3519
5548
1138
6516
6355
760
2284
2889
5922
610
3554
7247
4605
6975
1692
776
8204
1867
3982
2292
465
2863
5909
3209
1211
5763
6859
6869
4692
1290
894
6981
2980
339
2929
4273
4251
3330
6022
8517
5412
8533
8361
1142
6348
6545
3182
4774
2188
8086
5711
162
4168
6281
7284
6795
5918
4257
1467
3496
2353
614
8889
4444
5675
5585
7276
3166
2913
3145
106
914
6075
4835
1775
3015
5256
8630
5395
6541
6787
8920
429
6022
941
3176
1654
8330
7500
3169
410
6919
2908
8095
5055
8176
1310
6108
4868
6040
6182
4997
4750
2799
5727
8018
1396
5488
1207
4328
5508
1365
3534
4754
3718
5399
5369
143
6804
7993
5718
5867
2879
7756
2020
2560
6650
7644
3589
5499
3466
6006
5225
3226
6855
2870
1447
4310
5811
1284
8967
2361
7342
2860
4521
5136
5262
4873
965
1162
2331
4900
3965
7489
4978
2791
6633
6479
4042
4391
2610
6028
8733
5935
904
5162
5767
4296
4713
765
2428
379
1109
3210
7974
1547
5457
1744
5712
1239
8775
1947
7103
4966
5413
3270
6864
435
6447
1215
7898
7031
1443
4366
766
7722
4914
337
4499
7326
6350
5472
1026
6433
2752
2625
1193
5993
3837
5316
1659
2784
3888
2385
6076
3630
2793
2754
5462
3531
7002
5672
2330
6704
7632
1486
3727
8185
7033
4986
6100
5052
4390
619
4282
1427
6683
2735
6985
3218
1884
200
5703
1633
2520
4584
1514
3869
7544
1560
5820
7800
5687
480
1386
6071
788
7143
7722
7384
8689
3575
7999
3362
7033
5608
4734
719
5272
7053
4345
3537
8664
8719
6170
1098
3953
2951
7945
1876
6824
641
591
1666
8299
3559
6253
6449
7507
2785
3759
3914
3253
1466
2804
7672
7716
10
8625
1454
5911
1463
8331
154
1158
5483
3527
7421
6863
7822
5607
4065
8193
7150
6717
2693
3369
1278
4612
5116
3693
1366
1327
4555
3029
1749
5085
4502
7099
6525
433
1838
583
2805
2787
4947
2658
166
365
8544
8641
1868
1442
8377
223
1426
683
8499
135
1939
6650
5658
1755
1293
6131
912
2472
6186
4639
4004
6213
2589
215
8469
2639
811
4120
8524
616
556
5790
2698
3862
2471
7897
8133
5372
4017
5842
2601
5998
628
7174
8373
325
8238
466
6456
3843
876
4863
8930
2447
6258
5529
8001
1083
1199
1407
5195
6287
1894
109
3614
671
1933
7180
6073
6931
1798
2368
8115
8806
6826
678
2364
8412
4267
7421
7052
8608
7527
740
8102
3734
7006
1324
7745
4186
6330
5373
4477
3438
2549
5964
8737
7036
2042
181
1675
4389
3754
3481
2760
7546
7054
7186
6506
311
5474
2590
4233
2816
3944
7460
1023
8408
7951
705
235
4600
3144
6097
8442
6186
3397
6928
3967
103
6796
624
5693
7563
6801
938
2184
3569
315
8375
7421
222
3367
