500
100
103
104
104
101
102
101
101
97
102
99
96
100
104
96
99
101
101
102
96
99
103
95
103
103
102
104
96
98
95
96
104
100
103
104
100
99
95
101
103
95
98
100
102
97
103
96
97
97
105
98
101
105
100
95
105
102
97
103
105
98
105
100
96
105
99
95
99
100
95
103
101
98
99
102
99
99
101
101
105
98
95
99
95
100
102
100
98
95
104
95
98
97
101
103
104
100
96
102
95
105
102
103
97
99
102
104
95
100
97
99
102
105
96
95
98
100
97
95
100
102
97
97
97
99
98
104
95
100
100
102
99
97
97
95
105
101
102
102
101
96
101
100
97
95
102
96
100
96
95
100
98
103
95
99
101
102
101
101
97
97
97
99
99
97
100
95
96
103
100
96
99
96
97
102
98
103
99
104
103
97
102
103
98
104
102
101
104
97
97
102
95
96
96
102
101
99
99
104
103
102
102
105
104
98
99
104
99
105
95
102
104
102
105
102
103
96
102
100
105
104
103
105
102
95
99
97
103
97
105
100
96
105
104
99
99
104
99
101
105
103
98
100
102
100
96
105
99
103
104
95
95
99
100
95
104
102
98
103
100
101
97
99
99
103
104
97
103
104
101
103
98
99
95
98
102
101
102
103
103
97
102
98
104
102
102
97
105
104
95
96
100
101
101
102
100
100
104
95
104
105
98
99
100
95
104
97
104
95
98
99
95
104
104
105
103
105
105
103
97
97
96
101
96
97
101
96
100
102
101
103
102
100
99
101
98
103
103
102
104
104
102
102
101
98
95
105
102
98
98
96
98
98
97
103
101
102
101
104
104
96
102
95
98
103
100
100
95
96
100
99
105
102
96
96
96
97
105
99
98
97
105
102
102
101
96
95
104
103
96
98
100
97
99
97
98
105
96
102
95
99
96
102
99
96
103
98
95
105
101
97
104
100
99
97
103
102
105
101
98
105
99
104
102
99
97
102
105
105
97
103
95
95
97
101
102
97
95
101
99
102
100
105
95
96
102
95
105
97
97
97
105
103
98
101
100
101
101
96
102
100
101
97
98
100
98
99
103
95
101
103
101
100
95
99
102
97
104
98
99
105
96
99
102
97
103
96
104
102
102
103
104
97
99
100
97
101
105
101
104
96
