400
80
97
97
105
97
99
104
101
104
98
105
96
100
104
96
102
95
98
98
100
103
105
97
99
103
105
99
95
95
105
104
95
99
97
101
96
95
95
102
103
100
101
97
100
99
100
104
105
95
96
105
100
99
100
103
103
100
100
98
96
98
100
99
103
105
104
103
98
104
100
104
97
102
96
100
104
104
97
95
102
105
101
100
100
105
100
100
95
100
100
100
101
99
98
103
103
102
105
104
99
97
98
97
101
103
98
104
101
104
96
95
99
100
100
97
97
105
98
96
103
100
105
102
99
100
100
100
105
102
96
97
101
95
101
105
103
105
97
99
103
103
105
96
98
95
100
95
102
99
96
104
105
103
99
96
101
99
99
103
104
98
105
100
98
100
104
102
104
104
102
95
104
97
103
102
100
104
97
105
101
95
97
96
103
99
100
102
95
101
97
95
101
99
102
102
105
95
103
101
99
98
96
101
103
103
98
104
102
104
100
95
95
97
105
104
105
105
95
98
98
96
99
95
98
100
105
103
102
105
97
104
96
104
98
101
100
98
102
105
99
96
103
99
104
102
101
97
104
104
102
101
95
102
95
102
103
95
105
98
100
101
99
100
97
101
105
99
97
99
104
98
99
96
105
103
97
103
98
102
99
95
96
98
99
97
98
100
103
104
97
95
95
96
98
99
102
98
102
103
95
98
103
96
102
102
98
103
99
100
98
102
97
98
105
100
105
97
95
96
97
105
100
103
102
99
104
105
101
104
99
105
96
105
98
103
98
101
96
95
100
105
95
102
99
99
98
104
105
102
102
99
103
100
96
103
104
97
104
102
102
103
95
99
97
95
97
95
98
100
100
102
98
99
100
101
96
101
104
104
103
97
97
96
95
96
99
104
96
100
95
105
96
96
99
102
99
98
97
99
101
101
