300
20
1885
2440
2097
1960
2485
1278
790
1220
1438
1069
2645
1478
1410
1162
949
1326
449
1899
2203
683
189
2195
2254
318
1544
1083
1947
2912
2946
2125
878
2700
1402
2038
2128
2619
1240
803
2697
2672
2748
293
1130
2145
1051
1288
1218
1596
1342
479
418
265
2756
1589
96
121
2255
88
487
2335
1056
314
2627
726
293
784
833
1420
1631
2437
1633
326
412
1135
525
2934
1916
1090
1682
253
515
680
2125
570
1519
2268
2550
2841
2084
2140
2002
489
1929
2234
128
2799
641
1363
1907
583
2885
1750
2618
2736
2347
1100
1501
2064
14
710
1305
1394
2866
610
410
600
1335
432
2865
526
1641
781
119
634
761
1782
2061
2230
1450
1558
1038
860
459
206
2384
2626
247
2671
1145
703
2291
2711
1344
543
2519
2674
270
84
1857
796
1295
1653
2971
1559
1709
708
466
2913
2391
792
2817
192
278
52
2599
1994
432
2192
2206
2526
330
658
369
1136
153
706
1393
193
194
2800
1002
2594
2182
1552
2789
182
155
240
2360
800
803
2032
21
526
217
1173
111
824
2591
2592
1277
1865
2547
30
212
1451
1651
213
191
2957
1444
2176
938
2671
399
1660
1264
2541
304
42
962
185
710
244
463
1670
196
2869
2993
2067
2627
1416
168
686
1558
123
511
685
1624
554
1412
15
1094
528
1227
1322
2993
432
859
1338
2879
369
148
1981
2846
2595
114
440
128
66
2567
48
1300
2509
2574
2726
2408
1265
1413
222
1750
2594
2899
2156
1470
1000
2111
1615
2084
2611
2833
1015
2926
1865
1342
316
1068
102
267
585
644
2390
1977
2044
2807
2331
2977
1703
751
2540
