900
90
93
7
156
99
30
1
110
9
78
111
2
167
140
42
62
146
21
34
116
57
60
72
33
85
146
120
31
148
63
9
140
35
149
23
108
56
163
11
27
129
64
145
139
23
115
153
169
14
48
118
38
21
27
106
107
5
13
170
69
43
177
36
6
159
96
78
146
110
91
34
32
55
53
54
85
26
73
160
154
159
61
166
59
67
84
94
65
138
3
21
121
171
80
90
57
103
38
73
137
177
158
170
100
7
93
4
81
174
165
2
68
50
175
4
44
159
128
157
107
54
150
153
84
68
178
134
144
52
159
10
59
94
29
14
102
158
117
98
77
79
53
156
43
136
26
35
13
74
47
37
98
65
53
88
59
78
61
97
102
154
33
123
57
90
77
86
32
45
174
139
91
97
49
23
102
176
81
21
6
26
60
102
87
106
145
31
76
167
97
137
171
24
164
24
165
47
83
46
95
110
60
95
161
19
101
35
54
160
30
143
105
27
94
53
106
136
147
13
13
120
98
144
22
124
45
169
51
86
22
93
142
86
11
118
17
122
23
45
122
72
10
129
36
20
21
25
122
172
10
9
40
149
44
125
58
24
156
69
68
162
125
102
154
134
59
145
25
19
110
176
102
26
36
172
151
122
116
151
141
50
50
107
129
54
178
163
158
64
66
164
39
116
20
128
15
156
70
141
142
89
67
170
16
6
44
128
162
68
165
92
61
145
72
95
146
36
118
163
117
145
65
175
103
122
73
81
91
77
51
76
177
100
88
18
117
153
29
103
110
80
30
127
108
136
140
89
117
85
26
114
112
51
16
178
99
34
9
91
121
67
166
68
91
52
123
41
7
103
109
173
158
10
145
135
149
73
172
100
155
61
147
69
8
129
105
154
1
165
30
150
134
16
133
131
54
60
138
69
169
87
8
21
23
114
19
30
28
65
69
6
129
169
117
158
93
168
20
171
126
149
142
22
143
102
170
78
158
83
13
155
39
150
99
40
109
94
63
87
23
144
100
126
7
135
52
37
2
4
7
86
14
123
24
9
30
31
20
172
85
60
115
94
179
57
82
70
170
42
119
176
47
179
58
93
24
72
45
149
15
157
106
69
20
121
77
75
4
156
59
113
33
25
88
72
134
165
106
35
137
29
24
88
160
23
24
59
105
148
77
176
43
156
43
56
11
3
100
107
71
137
65
19
14
83
59
129
179
69
14
165
66
94
75
124
49
12
11
41
15
57
119
112
108
171
164
61
138
97
65
25
169
21
27
32
128
64
126
152
73
161
39
15
84
145
78
160
169
123
12
145
141
164
41
151
25
54
85
95
13
108
83
45
67
140
137
91
59
80
58
6
108
151
4
91
171
77
99
3
35
70
85
125
164
50
135
17
97
88
58
116
81
65
58
76
149
46
144
174
8
143
51
15
12
46
128
87
131
51
167
136
148
127
59
31
3
36
166
41
43
175
157
142
166
88
74
46
47
45
17
43
104
120
133
59
33
39
14
11
171
80
18
100
40
94
125
52
72
168
131
30
18
124
170
171
91
177
96
57
58
57
124
75
68
106
73
40
46
17
172
158
117
133
168
159
54
132
17
18
104
160
160
88
86
105
92
14
167
133
153
36
36
19
125
107
26
80
2
172
173
90
15
148
138
52
165
172
35
136
23
43
158
91
161
76
115
98
97
32
111
142
113
90
127
173
87
67
32
152
83
103
65
108
122
155
50
159
24
20
5
116
147
39
80
92
167
99
73
105
125
62
153
148
155
84
111
23
75
110
38
21
77
124
92
78
70
130
123
120
142
157
108
44
48
59
171
157
54
174
127
22
95
157
50
105
142
112
153
144
7
103
4
42
112
76
91
14
91
52
87
173
22
91
47
169
38
142
105
54
1
129
91
114
12
167
116
87
27
116
152
111
67
72
104
118
21
114
145
124
67
117
124
170
60
94
176
39
168
80
98
133
55
130
87
98
6
78
39
115
95
85
166
21
160
39
91
121
48
36
64
131
136
146
16
37
1
167
170
31
138
135
38
42
173
120
95
137
29
42
127
74
