300
30
100
100
102
101
96
99
100
104
101
101
99
102
100
95
95
99
104
102
104
98
104
103
101
99
95
101
102
103
103
97
98
102
99
100
97
105
100
105
95
104
99
103
102
95
100
105
99
101
104
98
96
103
102
100
100
104
95
100
102
103
103
100
103
100
98
102
95
98
104
102
95
105
95
97
103
97
104
98
101
98
98
103
100
101
99
99
99
103
99
102
98
95
99
99
101
103
101
103
103
105
102
96
103
101
103
96
100
102
95
100
95
97
96
105
103
102
103
105
96
96
100
96
101
98
95
104
100
100
105
99
102
103
102
101
105
101
98
99
95
97
97
101
101
96
104
96
100
96
96
100
104
99
102
104
103
104
96
95
97
100
104
99
100
105
98
104
103
97
96
96
100
105
102
101
96
103
98
102
95
97
102
100
96
97
96
99
97
101
104
95
95
102
101
105
96
95
102
102
104
103
100
100
102
101
95
101
102
103
104
99
101
102
100
105
95
102
100
105
95
97
102
100
98
97
95
99
100
99
103
102
100
99
100
97
101
100
103
100
97
102
99
104
101
99
105
95
95
96
104
96
96
95
95
95
100
104
104
99
104
98
99
102
98
98
102
100
102
104
95
100
105
99
97
103
95
101
99
101
105
98
96
102
103
104
100
104
97
95
103
100
96
104
96
99
95
105
95
103
102
100
