300
100
103
199
191
142
125
174
140
120
151
104
164
157
126
197
187
105
129
186
187
116
133
180
128
195
155
199
121
145
134
197
134
146
157
130
147
150
180
179
172
109
186
149
198
188
129
119
147
102
173
106
192
189
108
115
156
174
123
171
169
183
166
163
100
140
167
115
124
139
112
158
128
142
157
180
107
114
138
126
102
101
122
188
142
138
178
164
134
122
184
127
123
186
102
185
149
163
112
152
134
152
109
154
149
116
116
104
194
110
181
196
127
125
155
174
189
179
123
149
110
183
142
172
173
171
147
149
180
101
171
113
171
181
193
186
168
141
144
178
198
197
114
148
127
181
156
184
194
119
107
103
141
169
133
124
156
124
142
139
155
131
178
155
195
150
138
192
162
104
199
107
186
121
195
182
189
109
137
193
110
133
178
140
127
180
171
122
193
115
161
149
140
108
165
143
168
136
180
184
149
125
151
115
155
170
159
147
194
133
175
143
175
156
116
108
158
165
170
148
156
124
157
117
137
165
154
164
124
161
164
134
175
127
179
156
184
137
172
126
102
197
166
199
194
161
133
187
158
138
167
159
185
104
135
154
171
139
123
158
188
189
167
147
183
145
159
181
177
119
103
123
174
179
108
118
180
196
111
175
152
169
191
107
174
150
184
113
173
173
147
184
124
154
189
141
191
184
148
192
140
109
