500
50
100
103
102
99
98
101
101
96
104
96
103
99
104
96
105
99
105
105
97
98
103
95
103
98
98
96
98
99
96
99
95
102
95
98
96
97
103
105
98
102
95
103
104
98
104
104
103
97
97
100
99
104
100
104
99
99
97
96
105
105
97
103
97
104
101
99
104
98
102
99
102
98
101
95
101
97
101
102
98
99
104
105
98
105
99
99
103
105
97
104
102
97
104
99
102
105
96
103
96
103
98
96
96
101
101
105
98
96
103
100
101
99
96
101
99
100
98
99
105
101
98
96
97
96
101
95
105
105
97
95
104
103
99
96
97
105
98
100
95
100
104
101
100
98
102
100
97
99
98
103
100
102
95
97
101
104
103
96
105
100
101
95
99
102
101
101
104
102
105
100
103
104
98
104
99
101
96
96
104
102
105
96
105
97
105
99
96
98
105
95
98
103
97
101
103
97
95
97
104
103
98
102
104
104
96
95
96
103
105
95
104
103
100
98
99
100
97
98
99
100
101
105
103
102
96
99
104
95
104
97
103
95
97
103
102
99
97
104
101
104
103
98
105
100
102
99
104
97
97
105
97
100
95
96
95
102
101
101
96
98
99
100
102
97
102
98
99
99
99
96
97
97
102
104
105
96
98
97
95
96
101
97
103
95
105
100
97
105
100
103
97
100
95
105
97
100
104
98
101
105
101
95
98
105
96
98
104
99
97
97
96
103
105
105
99
105
96
96
103
101
104
96
99
97
95
101
98
103
98
102
104
96
105
104
102
104
99
96
100
105
100
105
95
99
98
96
102
104
101
101
97
97
103
96
96
101
103
98
101
95
102
103
103
95
95
101
103
95
97
102
105
96
97
105
102
101
102
104
95
95
105
100
100
95
102
95
96
105
105
98
99
104
98
103
103
96
100
97
98
97
100
98
102
98
99
103
96
97
100
98
95
101
102
101
103
103
99
96
95
95
105
103
101
97
102
103
103
98
96
105
104
99
99
97
104
104
96
100
104
102
95
104
101
104
95
95
105
100
96
96
100
102
96
95
104
100
98
97
104
98
95
101
99
102
103
103
99
99
100
100
95
104
97
95
95
97
104
99
96
95
95
104
103
104
101
98
98
97
98
100
96
96
101
99
101
96
98
95
98
101
