200
40
17
60
3
33
52
54
72
66
30
21
27
49
63
69
39
43
42
69
48
50
39
34
54
58
32
35
77
4
16
78
78
47
59
64
40
30
66
77
71
49
48
15
6
44
68
2
1
51
38
37
73
47
10
15
44
13
58
40
68
62
1
73
8
55
5
54
22
22
49
12
28
11
22
74
72
28
15
19
78
51
2
14
33
42
12
45
15
4
38
33
2
48
16
7
13
38
40
67
11
15
1
6
16
41
30
47
50
9
34
29
21
78
4
62
46
29
59
13
49
74
53
2
44
62
46
21
64
7
65
21
73
34
4
29
46
45
64
52
1
25
63
9
63
23
63
15
30
2
11
29
77
21
38
47
52
51
28
15
33
25
73
39
79
13
18
71
12
27
64
57
54
29
21
52
37
58
22
58
10
64
75
63
59
16
36
10
75
75
54
47
36
67
78
46
67
77
32
31
29
15
