900
90
28
75
33
2
33
50
29
27
53
57
37
54
21
55
82
56
56
60
89
15
75
77
70
4
92
76
66
49
62
39
31
9
60
79
7
100
75
54
77
97
65
92
74
10
14
70
37
47
68
12
67
24
71
12
71
24
33
49
50
30
77
91
31
97
36
37
10
77
7
66
55
66
20
80
61
63
17
94
21
86
16
44
98
87
58
29
11
16
67
8
54
46
16
74
77
9
7
9
92
7
77
28
23
75
21
67
73
12
64
94
100
9
64
85
88
41
56
35
61
70
13
60
67
18
50
23
9
69
51
77
70
12
9
31
42
47
51
45
83
1
63
64
79
79
62
51
58
59
9
98
47
28
74
89
74
34
81
21
62
89
33
56
43
98
5
74
76
8
4
51
78
79
58
40
26
49
46
39
72
97
92
5
80
81
5
28
1
47
93
32
85
2
65
22
27
59
2
82
80
94
70
47
40
91
88
92
76
26
99
28
4
1
18
22
96
62
28
36
6
28
9
31
13
84
63
12
35
4
74
72
86
8
29
29
58
74
55
88
15
4
63
56
51
65
79
85
6
99
64
95
55
53
75
58
4
87
39
26
27
79
24
52
53
18
15
84
77
80
52
59
12
74
50
97
34
27
27
85
32
42
80
42
83
6
76
85
46
34
27
49
42
42
67
18
26
2
4
96
61
81
66
16
100
91
21
89
3
73
64
21
44
15
73
98
15
71
40
7
38
73
82
75
24
14
50
39
68
89
18
41
24
74
72
77
70
65
87
14
55
86
100
31
19
72
69
60
59
20
10
68
95
32
48
27
63
34
34
49
95
42
98
59
97
45
19
99
5
6
29
44
75
22
7
98
48
21
51
17
7
90
48
8
56
85
7
62
35
7
25
79
31
9
99
88
23
73
53
93
45
21
61
41
65
72
78
34
88
92
78
58
58
78
37
32
21
66
49
63
23
63
46
96
53
41
65
7
83
90
88
38
66
54
12
47
63
26
31
77
34
37
78
52
14
3
44
99
27
33
99
74
18
13
84
1
42
8
25
84
83
46
50
90
32
71
90
40
75
30
20
49
55
52
10
4
39
90
78
89
70
57
54
76
4
55
89
93
53
36
13
46
57
6
21
74
48
32
20
37
97
71
47
14
99
82
30
31
53
46
42
9
71
8
53
71
17
98
19
84
69
94
61
71
45
18
1
5
5
63
34
58
36
76
14
63
60
23
25
34
54
78
89
23
26
81
66
42
52
93
87
71
51
46
97
92
83
11
45
72
28
48
59
13
7
76
34
88
76
11
85
30
52
45
6
42
82
91
70
92
2
48
62
28
16
34
20
17
57
10
59
29
20
98
79
78
47
27
38
56
61
24
47
46
1
47
26
2
9
47
67
70
72
56
58
76
81
63
74
33
50
86
47
9
90
32
12
78
53
88
39
38
24
45
82
77
92
7
97
40
60
41
6
69
55
58
13
47
40
48
10
81
61
38
78
92
66
58
99
5
65
57
38
7
87
90
70
4
4
57
70
53
82
57
51
3
67
17
100
17
53
41
47
95
17
1
77
2
68
51
10
42
19
7
60
32
32
85
77
88
29
6
99
96
17
8
26
98
100
13
14
71
86
54
94
6
37
43
63
31
6
64
72
41
11
81
52
32
10
93
74
9
83
9
59
24
80
73
35
95
14
24
63
4
47
67
53
92
21
83
52
60
12
89
26
19
69
80
20
95
63
36
95
64
19
85
40
80
97
34
61
81
55
87
50
76
7
3
23
29
66
3
89
65
86
2
62
93
11
26
47
37
82
31
15
45
20
71
11
37
67
36
91
17
75
18
100
72
73
46
16
82
15
54
2
13
90
43
71
29
42
58
55
61
7
42
60
67
27
24
3
32
43
54
88
81
18
69
92
30
8
57
1
59
36
52
34
95
86
48
56
22
66
100
7
54
56
77
40
79
75
73
56
87
25
77
40
24
51
77
83
71
30
76
41
51
56
94
14
89
12
98
21
53
54
9
27
69
30
39
82
86
19
96
33
92
59
77
26
34
83
76
