900
90
69
23
13
120
84
16
35
98
19
69
35
96
68
157
85
111
74
42
156
7
79
101
117
108
19
112
46
102
5
65
41
46
105
62
78
64
28
64
106
168
29
6
131
34
146
1
48
96
168
172
159
106
126
15
81
146
97
9
33
97
13
120
78
14
135
48
160
34
124
17
53
6
20
38
115
35
177
11
121
108
17
141
49
70
53
42
122
168
18
179
142
94
114
88
116
84
24
100
134
154
59
123
134
31
16
76
75
42
84
129
145
101
92
178
94
159
89
72
81
25
49
164
117
81
24
138
99
30
123
99
59
54
76
118
85
132
158
35
63
164
32
61
140
118
61
114
25
26
122
34
163
145
61
12
163
42
52
119
54
134
54
16
86
179
30
15
1
29
77
120
145
127
105
172
81
26
8
55
102
31
169
59
24
141
95
31
90
57
179
172
101
77
112
168
18
37
85
133
115
51
165
30
92
120
90
146
79
73
160
144
46
141
72
40
164
133
124
100
29
104
1
81
105
54
80
120
127
175
121
9
113
26
9
70
73
36
55
65
67
79
33
177
125
132
135
172
19
173
39
143
122
161
130
119
156
101
101
22
165
179
108
30
166
95
35
101
172
131
140
156
78
178
99
71
4
68
71
167
139
163
121
133
51
43
171
119
52
139
138
155
71
38
49
94
176
170
52
143
112
76
7
97
169
143
138
106
62
46
81
166
4
36
100
43
29
168
123
102
81
122
9
147
32
118
86
170
46
31
61
123
152
19
5
32
134
124
36
81
79
147
57
141
114
85
131
60
50
117
105
106
161
16
9
45
68
85
37
95
120
41
172
128
153
103
164
53
7
95
35
26
79
143
155
155
94
136
57
79
59
143
34
15
45
89
69
137
24
146
154
68
46
164
4
56
34
106
23
9
9
79
80
46
129
138
121
98
120
17
25
170
146
156
82
19
137
49
100
69
78
177
130
85
97
42
141
156
159
148
1
148
141
59
175
172
169
58
49
150
37
3
70
93
130
116
150
56
146
144
88
170
80
35
53
41
76
128
151
85
151
2
24
41
1
76
40
5
89
41
87
116
41
24
74
152
139
37
34
36
141
37
64
170
130
66
124
163
55
54
130
11
68
100
20
73
166
110
57
81
96
177
1
120
11
171
11
48
1
87
111
32
63
158
133
9
81
15
92
58
13
82
117
157
122
22
126
88
102
110
154
24
124
53
6
122
121
179
111
59
107
155
169
152
106
3
160
146
15
31
36
51
51
64
10
87
76
73
15
154
97
163
92
113
165
158
166
128
69
115
156
169
113
103
136
55
106
96
3
101
28
98
2
158
151
108
147
121
113
93
45
117
118
177
148
131
18
140
145
48
9
139
61
23
133
53
81
26
93
36
125
105
104
98
133
132
78
88
63
91
13
44
111
160
168
9
86
73
122
87
37
146
153
157
31
123
109
123
2
179
140
71
65
159
69
56
91
13
158
172
70
5
136
51
68
56
178
90
162
11
133
102
48
166
59
143
12
97
112
56
53
78
165
105
114
42
78
27
167
99
37
109
108
89
8
32
112
141
108
154
120
165
88
121
170
123
37
76
139
167
55
3
9
14
11
96
97
64
35
161
31
93
37
82
121
90
63
106
70
60
141
13
45
15
158
149
135
154
18
167
99
77
64
85
1
55
129
40
79
85
73
94
9
79
27
170
94
11
94
153
171
16
3
114
138
19
10
155
98
80
167
86
158
62
142
132
105
70
172
151
14
113
88
57
169
2
127
121
66
66
79
82
73
17
99
40
86
67
89
31
60
21
29
113
78
110
88
3
109
52
37
110
97
108
61
119
66
5
137
178
43
105
108
120
144
40
61
7
99
46
107
144
28
39
1
68
26
42
146
176
20
65
108
17
158
44
91
117
53
43
130
138
2
166
23
141
29
79
25
171
86
3
159
108
158
170
17
176
72
105
65
82
68
68
147
43
166
64
10
100
61
149
52
76
174
61
173
113
85
7
165
166
62
176
163
129
137
84
123
67
29
109
112
31
100
22
17
105
5
139
40
46
