300
100
2764
2810
404
821
364
1217
2584
716
1494
2853
783
2148
2077
1733
1211
776
2418
2801
1668
296
2557
304
2246
2026
2272
1790
156
1079
2634
111
1481
280
601
2891
1123
2690
1641
1740
193
1685
410
2837
2946
1182
1494
2746
1775
2016
1104
2742
2997
1358
2893
2272
2149
1277
1601
487
2404
1194
754
736
2363
2827
2093
242
121
1961
189
2674
2122
1846
896
2572
2998
1983
991
2763
2284
1992
1783
2733
1740
1201
2811
790
2898
26
988
141
1578
140
1995
240
42
2173
2309
330
2698
2209
366
2691
1146
1505
1848
2270
618
275
2817
1417
637
660
1179
1817
178
818
433
990
2603
1803
1074
1425
1656
1880
2402
1299
334
2245
2460
2204
2819
1006
2504
2758
347
447
217
1789
967
2226
2832
2674
1625
504
2189
1302
416
634
1303
2403
978
1876
2330
1322
2044
2628
2229
1185
2167
2657
1996
580
1359
1002
1410
478
540
696
920
2579
744
920
2486
2490
503
852
1197
190
46
636
724
449
2348
660
1359
318
1041
1590
2031
2717
2684
2475
1770
1330
604
2090
1269
2047
372
819
935
2464
1481
704
2695
326
2951
2112
725
579
2724
1255
99
2979
746
2648
1369
2447
367
1638
1330
191
2878
2318
144
1213
1879
308
2238
1727
317
138
1313
958
2325
2610
213
959
1609
164
2729
1316
112
2530
474
2361
1471
443
364
2067
1139
750
181
2886
1989
2318
1565
359
2678
907
1942
1866
526
728
2255
285
1665
1977
190
72
695
2465
2190
86
1837
2217
2213
2991
2360
1398
1286
259
1029
766
952
2043
2373
1619
666
1162
2775
1981
1860
1093
2431
948
337
2175
605
794
