180
60
99
69
87
65
98
66
112
67
77
78
81
89
68
93
74
67
70
72
111
69
93
79
85
89
60
119
102
109
84
86
69
80
86
108
96
77
75
97
98
89
85
80
83
113
117
118
114
67
99
101
70
119
88
81
64
109
101
62
111
84
87
62
77
69
111
75
79
74
88
114
70
103
101
102
68
71
113
97
100
109
74
61
85
106
102
100
81
102
64
109
110
103
112
100
91
112
91
71
73
78
103
90
117
71
83
70
110
97
89
88
62
117
64
100
86
85
85
74
100
94
83
90
101
108
87
68
99
81
63
116
109
73
111
63
91
73
101
87
99
91
115
105
117
112
71
112
110
67
101
106
97
79
103
117
60
119
113
69
88
74
106
118
76
107
110
89
83
80
97
110
116
85
63
106
73
90
73
67
106
69
