300
20
20
33
20
20
25
35
30
20
32
37
35
32
30
38
32
34
37
23
38
31
29
32
31
36
25
33
33
29
35
26
31
38
20
29
23
20
38
38
30
39
28
20
27
34
37
39
34
26
27
28
37
26
33
21
28
29
23
30
21
28
27
36
38
29
29
22
20
29
23
36
39
35
20
26
29
30
35
21
35
26
23
36
38
27
36
28
32
29
37
34
36
39
38
26
32
27
27
33
20
32
28
20
21
22
34
22
35
34
35
24
28
37
28
36
24
22
25
22
26
36
39
32
28
30
25
36
27
24
38
22
20
26
20
39
29
28
37
23
32
29
28
38
39
38
37
35
39
39
37
21
34
35
35
31
39
36
31
26
24
39
34
39
33
39
29
35
23
29
30
28
25
20
28
38
36
26
29
27
25
26
34
21
31
32
23
25
38
30
28
38
33
28
37
20
39
28
33
24
26
39
32
25
21
32
25
27
38
39
21
33
30
29
36
26
30
33
28
28
29
25
34
31
36
32
22
23
24
32
22
23
31
30
20
38
34
31
35
26
27
37
26
22
24
32
38
34
29
20
20
32
26
28
30
24
32
36
22
30
31
24
29
37
33
34
33
23
23
35
39
26
23
26
31
37
38
39
37
33
35
23
23
20
21
34
23
33
22
39
37
26
26
26
30
33
38
34
37
22
22
31
