201
100
1144
617
1143
1824
1531
521
935
1180
939
1591
1053
1218
435
1207
1046
996
1743
1378
399
1474
1693
754
556
679
1803
1244
1345
1644
73
653
1124
75
207
906
1868
329
83
1568
1461
1956
244
1629
123
1508
484
1826
1820
809
981
987
445
1420
1305
420
860
1348
1581
469
1396
1535
1807
822
1410
1923
1498
1432
1281
1113
1913
1135
309
1229
1185
1188
1345
1232
1283
944
1378
1256
898
1391
1087
771
1717
1943
1165
524
1587
1250
1264
153
1967
482
1806
1934
601
487
1453
479
1862
1901
1179
1747
486
285
125
1471
430
985
754
1652
416
261
808
1105
379
1637
226
224
1372
311
504
1516
14
234
794
728
201
453
1109
1977
1111
167
275
625
70
220
355
1348
855
1784
54
952
357
1808
1146
1443
1136
1311
1191
975
1249
1346
1418
1969
187
1780
1974
1766
1197
1764
1198
1759
194
940
1596
1878
6
1623
289
944
1392
189
1448
1036
1260
1181
1000
900
390
442
22
262
1315
1264
1529
1381
294
1732
1311
824
1984
1216
1320
993
544
544
1239
718
1863
