1500
100
9867
3350
6260
10964
6653
3702
860
6896
9829
14214
11782
5174
2449
13058
10564
6032
7620
7902
12313
3604
8276
14288
10654
10664
250
5350
5164
10022
6015
7175
3050
4201
4060
6610
531
13957
9858
7327
231
14225
7893
358
8985
11510
13269
6171
10437
6977
5925
11730
9551
10029
5292
5881
13836
7133
5219
11711
567
11478
9482
876
14224
10011
3906
1734
13873
5939
2709
1474
8523
6342
478
2311
10475
13558
12
2938
11367
11138
14153
14918
12813
8214
10473
7846
9416
14981
9107
4499
649
13744
8260
4588
14314
5677
656
5905
7874
1935
3230
9867
644
5730
10338
10993
5853
14230
1595
11279
7679
1824
5791
9179
12534
6857
2762
11081
14195
12842
7728
9329
7833
2166
9971
6552
13971
7953
3059
6287
5582
13399
2305
11543
1459
388
7151
14960
4572
7913
14720
9162
3651
1740
3160
1520
11630
7928
7108
8066
11982
4319
11289
13576
478
6640
2563
3726
5437
11345
5120
10244
285
2242
3555
4012
9458
12286
14711
2449
7029
11771
3391
14570
6433
2539
6160
5501
8984
2292
9308
1798
5250
12809
6698
4288
4739
4516
4279
10749
2325
14797
13699
3677
2591
13034
14858
6893
4601
9311
2438
6007
9606
2766
3406
10512
9101
5960
5602
4368
7164
11689
13677
1094
6154
2528
14692
9086
14623
3888
7843
6906
11958
11259
2003
3892
10275
1725
442
9024
1902
12322
9344
7764
8034
270
11043
2495
215
5072
7219
7346
11176
720
11987
7572
4781
12962
6635
4117
12044
4854
5472
9074
11003
13129
279
12206
12624
11400
13947
7689
14160
14427
211
8427
1207
4183
8998
7664
796
11441
5334
3110
2703
5932
6965
3219
14393
1139
9265
14121
4284
14260
797
13631
9328
8796
11696
1973
8214
7518
14796
7893
889
1679
10041
13590
8167
13286
8196
833
13227
5165
6152
833
8441
2630
6738
1200
9465
9236
2305
283
3233
14855
304
12547
13664
8673
5484
5896
5655
9458
1839
5718
9352
10436
10230
3277
11225
5401
3798
12549
9278
13569
3992
3076
14220
4094
1160
11343
10059
13217
101
5067
12038
6837
6143
14260
3568
6066
482
4402
1854
8207
1282
14097
11727
11675
3975
6057
14494
8633
580
4249
3607
6749
13318
4164
3032
13381
1097
13357
5039
4945
7427
10465
14229
2007
1196
9324
8016
3539
8731
12389
6078
1317
8214
2838
9682
13876
11034
2758
4975
10436
7637
10152
1451
13117
1152
7347
7606
13420
10162
6358
8270
2803
6985
4723
7155
1519
12758
13785
7518
1515
7801
10896
7802
11497
5989
3233
8102
10130
2390
6202
12146
872
11659
12481
4470
13257
10564
11963
538
14486
13774
13332
2329
10553
9484
11192
6009
455
9629
8750
8565
13201
9845
3812
8048
1858
3110
14905
12429
11446
1284
7668
10392
8114
11893
4101
1292
4678
9283
10433
3011
2410
7740
12753
13768
11276
9341
1178
13963
3486
4365
13410
3290
135
11666
12078
7781
12485
13768
7645
14519
343
7836
1612
13375
12280
619
3910
11512
6136
2720
13439
14392
4054
12230
7524
5038
6149
1753
4135
14011
2061
7031
9924
3553
10723
48
3254
3142
10352
5714
13662
5881
11454
4318
246
13839
13486
13446
9257
14418
2278
13747
7040
3584
6323
8309
1438
11601
13964
9632
4927
8968
4445
4524
9833
11184
8282
2291
1273
725
13536
12793
4434
1655
2876
2412
4887
7540
10280
8129
1316
6470
4023
3918
12141
6296
636
9078
12579
5645
7516
7474
4432
4815
1007
5006
10018
4113
3622
4017
8235
1720
9885
14962
9206
842
3293
5917
13698
9405
5020
5630
3035
9762
5870
12760
980
6015
7957
978
14571
10721
6257
1744
2911
14024
1446
9018
14037
12578
8855
976
5213
11084
11904
4778
9563
9138
5806
9987
9532
2470
13975
6207
8265
3888
12411
10756
4143
9328
390
3678
388
7271
6431
9142
503
6195
4867
6878
4767
898
11428
13309
9393
11802
9300
7735
6478
14422
12670
7379
12401
11795
6725
4116
14932
13613
7982
14268
1688
10907
8440
7875
11398
8521
4495
268
9725
2647
7531
11917
6520
14407
13146
3693
3082
468
12467
7086
10997
6924
13494
5791
9625
11448
14483
13591
13241
12309
8105
12060
87
8657
7030
14269
4483
5524
7545
821
6956
11088
12369
10255
10640
10333
2557
2058
7412
7014
14872
10930
8301
7945
10575
10063
12849
13975
7596
13775
8697
13592
1924
13993
12329
8631
520
3925
7482
5579
11446
6348
3092
2493
11409
14819
6043
5152
1567
1609
6667
10423
10269
1115
5927
12488
808
6324
1970
13078
2153
1523
4033
6336
9500
8874
11963
8217
7676
4351
356
14743
13545
14518
1155
4708
12548
2342
4588
7690
13563
8440
11981
285
12788
1531
5649
11383
7193
9744
12921
14207
7818
10142
14345
1036
5070
2516
2757
2956
4541
480
6942
3196
9499
8278
3348
1924
13373
10910
10992
13387
2037
12684
8747
11642
5540
4140
14741
2032
14412
14955
14288
4840
14943
9467
13470
11156
11432
8435
830
1716
13427
1322
6673
13715
12069
9110
12933
12262
306
3343
14716
11403
6980
4790
5612
10024
3225
12617
10267
14138
3774
14238
13626
2221
3472
7597
5611
12790
12073
963
12034
12547
1264
12198
11594
6703
14815
7683
11465
6732
2020
256
3805
10097
12936
7914
13155
11091
5293
9518
4019
2969
12190
4375
1539
5347
5990
13419
2598
3064
9992
10021
4754
12676
3183
4097
5839
360
7078
3688
9704
5815
4228
1311
1516
12288
10900
4217
11907
13058
2699
8419
14246
11202
12097
8056
1018
14365
14818
10407
5531
10444
14573
9329
11497
8717
5985
4229
1893
6740
11221
13924
2042
10989
12733
4681
9020
722
5958
4771
811
3387
4164
2153
13448
867
8156
6431
12615
8766
9630
5085
6025
4618
2493
1412
4209
8528
11259
4295
10644
14808
2440
11269
6742
4659
13697
13382
12547
10111
9572
2023
5255
14016
7491
2536
8889
7048
14988
13833
2415
6375
5080
6489
5031
3160
503
8877
13573
14555
1516
14105
12932
2290
8700
12115
11944
7631
9553
3307
6979
4487
8891
9504
10916
1443
12199
4637
5177
4518
5143
10847
9400
4462
6545
2872
3639
6762
2390
9571
9569
7584
2409
11292
3946
10858
5269
10439
14198
7195
7382
4137
9209
10216
8280
750
12929
2813
7269
12620
10797
651
228
5977
1336
8937
5457
5168
6039
5975
5081
5293
8153
419
8249
13478
3048
13630
2579
14116
13617
13416
7080
14791
2623
9302
6675
6790
12550
3320
10086
12543
14429
804
5591
10209
9643
3764
8629
13953
5853
900
8315
11731
208
4035
4055
14529
8113
11856
13694
3672
12327
3318
11608
14951
11469
4966
13541
12283
5094
11901
413
10561
12885
8589
2839
1715
282
157
489
11924
4381
4357
9295
8580
4327
13674
805
10317
6004
3423
2632
9280
3155
7257
14696
2355
7503
2303
12144
2670
9486
11833
11031
7577
10461
14519
1684
2370
5256
8105
11474
13712
8704
2315
11482
14610
14111
5386
11738
3306
6357
12951
13295
8186
14459
7570
9672
1992
11722
2439
12835
5092
5322
12932
940
9773
4287
4122
1649
11207
3912
13643
2934
7079
8188
6898
3898
212
2587
3291
867
4361
12643
5156
8277
5864
55
13468
1139
5631
3993
2176
14066
12283
9773
14910
1765
8602
7765
3798
13412
7531
437
5576
6327
9576
4952
11354
1693
13389
9227
3005
11469
1442
13317
12005
13351
12277
10022
10428
937
699
1432
8343
1750
4744
11378
8882
6206
2710
706
2382
1974
9216
11671
11096
3232
8774
7914
13068
2442
1590
1872
173
13162
10416
14526
4438
12731
8925
10296
14921
13417
13006
6688
778
9637
5185
5681
4804
9807
4455
5188
6711
3464
14064
3104
7479
6536
13657
11115
7959
11607
11563
6947
10464
4683
6434
10674
2536
13671
3403
13529
8905
2433
5718
7239
2965
5308
6487
7962
10138
4097
7589
9801
9827
3442
14381
8684
3581
5069
5092
13391
4334
12107
8654
3852
4224
2194
9357
13310
11420
12942
35
13144
2541
695
13622
53
4280
2158
8420
1484
1047
2650
6964
14733
6529
9271
4938
8165
9964
8830
9313
5485
7321
4232
4651
7511
3690
1141
8916
14149
10098
3899
1442
7910
11111
11175
8792
5429
348
14922
2891
11711
5386
4919
4478
13981
13385
1342
14704
5040
336
1007
11664
955
332
12717
4220
8791
6059
3307
1828
9863
14034
8693
4026
2895
9896
5576
11805
14161
453
9883
9291
251
1778
1067
6800
43
6480
12424
6386
1710
1342
1893
6011
2239
13831
4046
13775
14895
12162
3791
9234
7542
9767
8580
11554
1350
6871
10648
7379
7617
2732
12994
1601
13785
5850
13654
10140
14786
1486
14520
14391
7049
10575
11296
14268
13129
4228
3789
9614
13507
710
6442
9662
11904
12681
4291
7076
6938
7047
9572
6759
9905
14203
13018
6187
5835
9
572
6157
12898
9896
2906
14756
8623
13046
3231
12061
798
4836
12838
5799
2848
6806
7426
10971
3783
873
1244
5175
2479
3576
7349
13681
586
6664
12449
7145
2356
11104
14061
704
984
14493
7359
5519
176
14562
1334
9439
7130
4539
11157
5042
1093
14806
3475
5219
3361
6376
6818
11867
782
6596
883
