300
20
10
63
94
85
65
47
86
15
4
75
15
86
70
89
100
27
89
88
50
47
28
52
77
100
22
48
67
1
90
73
57
14
68
55
60
72
2
92
66
98
7
85
77
32
10
12
92
74
43
89
69
68
52
74
71
79
75
67
13
91
54
11
29
48
58
97
8
37
25
75
6
4
36
87
61
56
16
37
26
3
19
84
95
99
14
64
21
71
24
33
99
80
21
65
69
75
39
48
31
74
27
76
40
33
86
58
16
83
54
85
31
1
4
14
15
72
11
45
35
10
28
33
4
72
15
39
26
25
13
30
80
100
88
92
32
11
3
37
50
64
35
72
29
34
59
4
94
6
16
1
38
70
45
18
21
82
86
88
62
5
31
3
69
47
68
45
6
47
2
1
22
74
85
86
63
96
100
54
100
83
20
36
2
81
43
80
49
1
3
99
45
58
27
27
40
89
30
9
60
14
14
6
79
33
9
54
21
17
78
55
69
14
11
83
99
66
27
92
99
88
17
57
62
100
33
74
60
85
19
59
76
53
99
42
37
95
54
89
62
50
78
44
78
9
24
67
12
82
93
28
56
8
15
68
94
83
67
18
33
47
31
68
95
26
71
69
83
94
82
19
15
74
40
31
18
71
50
27
26
91
89
50
87
1
78
1
41
38
52
39
43
87
4
36
85
71
10
38
72
4
