150
30
104
101
103
102
95
103
102
105
99
96
96
104
104
105
99
95
101
104
98
103
101
104
104
96
97
99
100
99
104
96
98
101
103
96
97
104
97
103
97
98
105
105
102
105
100
100
103
95
97
96
97
99
103
97
96
101
105
99
100
101
103
95
101
96
95
99
98
103
105
95
99
98
97
105
104
101
100
97
104
96
104
99
100
101
96
101
104
97
104
103
98
104
103
105
97
102
96
100
104
95
103
96
103
99
97
96
102
101
103
99
103
102
100
96
105
96
101
96
98
101
96
100
98
99
102
103
104
96
105
97
99
102
104
102
98
97
95
98
102
101
95
98
100
103
105
95
103
105
96
101
