300
30
814
1349
2045
2802
2144
1032
2492
674
2980
2074
2716
1290
1142
2828
2334
1563
875
2314
1989
2801
1696
1801
685
2158
1930
2829
2861
2960
354
432
325
523
651
1256
2219
531
2240
2696
1371
178
976
1187
1685
1898
243
1395
752
364
919
1836
367
808
697
1942
1154
2082
906
1988
232
1993
2878
2718
2981
1963
193
2238
2420
1919
2419
1870
1991
597
2803
2846
842
490
2075
1900
133
1056
2478
56
807
1842
1008
1635
852
1564
1136
1150
2379
1808
164
274
2482
1395
2877
1328
2696
2713
2025
224
2992
425
1399
574
256
764
2404
2851
1455
835
158
2886
111
440
2838
2259
1811
2841
2504
913
2742
54
1035
2697
2121
2905
727
1652
2610
518
1102
1996
881
2265
2697
1112
2296
2431
773
2599
1646
1054
162
783
1547
635
156
1874
818
2661
2707
780
180
940
1777
2734
1686
1512
2282
1389
365
915
1712
149
2800
1329
994
988
257
730
1944
1061
1601
1299
411
101
8
2119
1604
992
1844
2311
2247
2880
2884
1566
2278
396
1691
216
2970
1521
1498
2548
2223
65
1234
2727
1357
107
2777
1081
639
2434
2481
2336
576
78
1433
2119
2595
125
307
603
2362
2058
33
1549
2187
2339
586
1630
946
948
84
1659
2873
1860
2332
1794
2392
254
770
107
2390
781
2119
481
1898
831
1795
422
755
1935
1902
1016
633
1381
314
741
1331
2867
1104
1558
714
2636
1102
470
664
212
637
1874
1823
1258
899
203
161
1236
1499
2659
2849
1821
1683
2647
1449
1375
2501
1569
1638
1122
2730
1094
2642
871
1838
1646
2873
326
2219
1495
34
2164
1091
1224
402
2194
744
1314
