270
90
28
68
124
135
132
101
37
82
43
36
4
156
101
159
58
111
165
103
53
169
106
21
70
20
40
26
146
114
58
174
111
177
177
61
26
33
167
53
129
15
94
178
165
58
6
56
147
85
104
148
73
56
145
10
163
16
31
7
2
26
37
51
175
140
71
18
4
35
22
143
44
102
121
79
71
43
71
98
44
82
132
29
27
158
83
59
145
130
165
122
124
160
31
31
11
54
96
43
169
91
129
149
101
100
92
10
107
132
84
122
124
1
88
50
163
174
98
63
133
89
49
8
154
174
17
117
18
136
93
156
115
17
95
145
115
42
39
75
160
34
34
92
44
22
54
79
101
37
51
47
146
106
125
70
18
105
117
109
98
78
122
163
96
171
121
152
145
63
83
70
38
77
8
4
159
89
158
123
173
163
94
86
156
37
165
87
12
155
82
147
113
97
146
83
14
25
1
101
111
107
156
71
1
17
76
122
157
133
36
146
124
156
173
143
70
30
62
150
101
125
42
77
86
46
111
169
88
29
114
119
137
18
82
153
93
36
85
69
86
97
109
36
79
142
27
1
158
94
162
86
30
65
86
115
85
177
76
66
121
44
60
136
176
87
41
33
118
177
51
170
