210
70
7
11
73
30
103
67
121
79
104
118
66
94
3
113
44
102
67
21
40
37
85
76
2
46
19
20
63
81
70
126
10
92
97
37
118
68
70
55
137
52
91
136
34
56
28
30
137
112
18
128
9
81
12
96
2
52
4
27
45
111
11
27
109
48
36
41
30
21
98
66
72
15
108
129
93
80
24
42
132
5
81
3
100
82
92
9
85
11
33
26
77
40
9
66
4
74
116
58
51
31
72
62
55
38
17
10
139
2
85
124
132
126
78
59
111
125
19
132
112
139
92
13
54
16
37
58
38
118
112
139
57
95
102
27
120
37
2
33
12
55
75
81
26
135
39
76
59
41
101
9
125
94
69
84
63
30
52
66
129
59
16
5
129
3
105
119
109
63
131
41
47
42
63
46
73
136
79
60
12
43
136
101
17
52
20
90
78
95
8
131
21
48
38
93
137
113
54
86
102
8
103
22
110
38
124
54
52
44
121
77
