400
80
125
102
152
86
133
141
91
119
91
141
156
111
142
89
130
92
91
104
142
118
120
154
91
128
127
101
85
149
117
149
81
97
145
146
86
144
139
127
92
106
137
152
140
113
130
95
106
146
144
90
85
114
94
119
155
86
153
137
114
124
113
112
158
121
86
122
128
107
139
117
81
131
99
92
109
148
89
139
121
116
84
88
111
108
140
148
105
94
117
156
110
123
139
115
130
81
80
100
89
104
96
155
145
130
106
135
155
85
106
127
80
154
122
149
135
111
122
137
140
153
98
143
85
152
94
98
81
156
95
103
101
116
134
99
153
130
126
104
124
107
122
141
99
87
109
140
103
119
102
95
92
86
119
151
115
85
153
100
146
95
96
108
134
83
132
138
125
151
118
110
84
84
150
129
139
157
80
117
147
96
102
150
111
108
139
154
92
97
128
126
119
121
136
88
89
97
118
96
103
157
133
119
132
113
88
110
155
128
146
93
138
152
115
80
103
122
131
99
133
149
123
81
138
139
141
120
132
109
93
134
156
102
100
86
130
107
109
112
110
147
83
97
140
100
90
136
103
96
89
151
125
110
121
137
88
128
111
137
91
106
81
152
142
114
147
100
98
81
88
138
88
139
136
146
104
84
117
89
106
142
82
129
150
101
130
104
133
117
101
143
149
117
94
98
136
120
97
130
122
83
82
146
84
144
123
90
152
122
138
154
123
108
131
94
147
136
91
125
124
108
147
150
137
97
134
129
106
155
157
154
111
107
94
82
137
131
128
116
149
130
95
146
127
108
121
159
99
92
148
109
108
132
155
127
148
127
108
142
92
151
103
132
141
147
110
134
141
149
119
93
147
143
96
123
124
153
144
104
113
81
113
139
136
120
81
145
140
137
130
125
82
145
87
129
118
153
156
133
118
124
