450
90
131
159
166
80
163
77
52
56
74
78
61
70
127
102
122
36
48
165
74
128
31
84
141
125
15
147
155
50
153
53
179
164
90
14
174
74
68
25
24
78
161
91
15
171
155
47
40
99
113
37
19
141
136
29
148
57
76
82
163
151
168
127
37
93
55
106
113
117
53
20
104
162
174
63
11
96
115
73
13
129
1
18
13
33
146
66
116
11
35
168
157
151
65
152
93
75
71
85
141
43
38
126
125
174
59
176
38
116
91
5
27
164
43
177
139
122
150
10
44
49
61
78
125
96
71
55
145
15
1
62
26
92
61
122
145
33
111
113
98
48
164
71
98
83
72
48
23
145
106
142
53
53
104
40
141
170
124
114
80
25
127
102
140
33
173
45
124
118
47
93
69
109
150
171
55
115
90
108
79
127
88
5
25
75
147
147
168
131
168
48
59
42
47
43
5
29
23
74
136
156
72
106
179
131
164
60
103
172
148
153
80
49
128
18
66
51
28
43
37
103
26
11
90
19
145
134
5
31
107
83
159
38
7
150
135
61
23
128
16
53
164
156
2
106
22
161
34
175
145
161
87
73
30
13
90
129
130
171
134
83
61
127
156
44
158
5
136
160
72
167
113
80
162
123
59
79
159
1
61
46
69
84
117
101
21
103
122
39
35
30
163
40
151
147
140
87
115
167
142
115
66
85
60
42
73
98
172
7
98
37
85
150
176
8
13
172
43
151
172
73
21
55
76
71
87
109
8
60
24
43
140
121
161
117
52
139
142
44
34
145
25
4
155
13
5
114
47
23
64
5
61
115
71
67
146
43
42
142
94
108
148
169
123
158
84
141
32
169
22
99
66
20
97
170
117
126
74
44
55
144
130
42
8
72
72
152
63
161
172
90
81
34
97
121
60
65
14
86
124
53
8
69
53
23
135
104
94
68
178
177
32
121
26
9
93
119
20
113
80
170
107
159
65
166
17
170
73
24
163
59
22
137
78
64
50
55
11
33
145
157
50
67
92
43
164
140
44
161
43
173
