450
30
99
104
105
97
97
95
100
99
101
105
96
99
95
95
102
95
102
104
97
102
98
104
97
102
99
105
99
96
98
101
103
105
96
95
105
105
102
103
102
97
102
97
103
98
98
95
95
104
98
100
101
105
98
101
102
101
96
96
96
98
99
95
103
96
105
95
95
102
98
101
95
99
98
100
105
95
102
95
101
105
97
100
104
101
102
95
102
101
101
97
102
105
100
98
101
102
101
102
100
104
104
101
100
105
103
97
96
100
105
101
98
96
98
97
104
102
97
105
104
95
96
104
97
104
104
103
95
98
96
96
99
99
99
98
98
104
95
96
95
96
103
99
101
104
104
98
98
102
104
103
98
98
99
99
99
95
98
103
97
99
95
98
105
99
98
95
96
103
103
99
97
99
101
103
98
95
95
105
97
95
103
96
99
99
95
95
100
96
104
96
96
103
100
101
103
99
95
101
103
96
95
101
99
105
96
95
99
104
105
102
99
102
98
102
99
101
97
97
98
101
103
105
96
102
105
98
98
103
104
102
96
98
104
99
95
101
97
103
99
97
95
96
101
97
95
104
98
104
98
97
104
95
105
95
99
102
104
97
97
103
101
99
101
100
105
98
95
100
96
99
102
96
105
104
98
105
100
98
100
97
103
95
95
104
105
95
95
103
102
95
97
104
103
98
100
99
101
96
105
95
101
102
96
97
98
100
104
105
100
102
100
104
102
98
101
100
104
103
103
98
95
97
98
102
95
98
95
104
102
101
96
95
103
98
102
102
105
99
105
105
98
100
102
105
99
99
101
101
105
103
95
97
96
97
95
105
100
98
102
97
105
99
100
99
102
96
96
103
96
102
99
95
101
96
96
99
97
103
98
96
99
104
99
102
105
101
104
95
103
96
99
100
105
95
100
105
101
97
103
95
95
102
102
98
102
96
98
104
99
96
101
105
96
98
96
95
97
100
102
96
96
95
99
103
104
105
98
98
105
102
97
100
100
103
97
100
102
97
104
98
103
101
96
100
100
97
95
103
102
104
