1050
70
95
97
78
96
119
105
83
103
98
85
126
105
118
113
90
88
97
95
78
119
91
83
111
116
71
109
103
133
80
139
104
86
115
109
99
125
119
101
86
119
112
109
121
137
76
112
101
71
75
93
96
108
120
89
93
123
117
115
97
101
71
133
93
74
128
135
136
119
92
129
131
125
81
74
126
96
89
79
108
96
123
108
71
104
96
131
72
86
82
98
98
108
129
112
90
136
118
120
130
115
115
76
113
84
99
83
83
85
85
120
70
137
129
98
84
81
91
139
87
115
113
118
91
100
83
96
104
136
106
85
120
135
84
130
72
75
114
75
114
130
96
84
134
92
113
105
85
97
95
99
137
70
94
135
110
118
131
129
92
72
118
75
126
88
112
108
112
93
121
126
130
135
121
127
71
104
111
101
75
90
110
102
108
72
135
97
115
74
92
87
122
128
124
105
106
115
122
125
111
103
124
117
84
139
122
96
112
105
119
100
72
133
95
107
82
92
128
101
84
103
109
138
97
135
116
96
75
76
84
86
110
112
79
130
101
138
114
83
114
138
97
91
119
119
74
70
129
138
109
103
106
94
116
120
113
109
135
78
132
81
103
111
103
103
114
125
98
133
106
82
73
74
89
129
88
71
109
129
92
78
116
88
72
127
97
87
96
82
121
112
100
131
128
130
70
80
98
70
82
109
121
88
135
85
93
101
98
127
83
98
117
105
93
100
110
83
96
71
129
80
126
83
99
124
113
130
80
101
109
94
84
107
90
113
130
100
72
94
126
88
75
118
136
132
108
100
119
123
92
99
137
134
115
128
103
81
97
79
116
123
125
89
77
125
130
128
119
131
114
103
120
112
88
72
100
83
83
127
138
136
105
91
131
94
75
135
122
128
80
89
76
99
97
74
129
128
113
130
123
80
138
117
118
114
103
110
72
123
87
84
129
102
91
97
97
90
97
126
116
114
123
91
80
101
113
110
105
111
107
122
93
111
109
136
127
105
135
116
93
96
84
94
113
110
89
77
101
93
134
90
118
109
91
130
91
116
125
134
137
88
111
137
70
139
121
121
111
86
126
100
136
91
73
70
94
139
105
82
132
133
84
135
95
74
103
121
93
92
76
123
93
97
137
95
126
104
120
84
97
83
111
133
132
104
98
136
126
78
70
78
132
137
95
133
76
117
139
118
107
99
79
103
115
84
115
74
103
89
137
101
94
108
139
99
128
119
84
80
131
106
77
108
124
123
74
138
127
130
74
130
82
78
83
89
97
82
136
85
87
123
86
70
132
102
132
84
139
126
132
91
83
139
104
93
97
132
130
73
135
102
77
126
83
81
95
90
108
107
110
88
130
95
128
108
119
72
135
98
137
111
85
106
124
90
96
133
102
116
129
75
78
104
135
80
119
73
129
88
109
99
119
88
97
70
96
137
104
130
114
126
124
121
89
90
92
108
90
132
86
129
139
72
102
79
99
98
91
106
123
131
94
82
128
79
136
77
120
98
138
127
101
106
113
118
105
93
110
134
80
102
120
119
109
74
109
87
111
116
99
71
111
91
104
87
117
95
123
132
101
104
119
96
109
93
122
111
97
116
115
113
85
130
106
133
101
121
122
81
122
113
115
109
139
95
96
101
99
118
136
80
98
108
104
78
129
76
124
132
76
126
132
79
84
135
133
126
70
75
112
101
135
93
118
77
134
101
132
92
76
70
133
92
128
86
107
78
132
125
124
109
109
71
92
72
74
136
103
74
106
94
136
74
79
110
79
83
95
129
77
86
88
123
111
86
88
71
80
81
90
83
111
139
76
96
93
89
107
130
113
129
105
73
109
107
136
106
111
110
137
117
73
132
113
101
98
137
73
99
78
107
108
121
90
114
124
117
128
105
95
108
117
106
132
104
124
131
118
109
89
131
114
104
90
117
104
123
112
139
121
131
129
127
133
94
117
118
120
86
93
116
74
70
126
121
70
126
114
86
78
87
112
92
128
99
94
109
99
86
104
114
133
70
122
128
132
130
137
139
84
100
117
73
74
99
104
118
92
133
113
80
130
103
80
125
87
78
124
85
104
137
101
138
113
106
104
70
127
71
121
133
120
75
90
80
134
98
134
118
121
74
74
110
138
127
97
75
108
108
98
91
139
96
120
97
105
121
103
133
132
132
126
97
114
92
100
86
95
71
96
75
71
116
76
77
71
105
78
131
137
86
96
98
133
135
104
92
139
122
139
125
90
82
126
104
93
88
83
97
82
115
112
76
128
86
116
115
83
72
92
132
100
89
74
133
130
112
121
85
113
136
95
104
134
88
101
89
95
136
74
73
136
132
126
139
91
128
113
99
87
90
112
132
110
84
117
78
134
103
71
70
98
129
97
127
136
123
132
135
98
93
