150
10
589
589
1334
160
196
126
1014
675
1261
394
383
1295
628
1212
1323
847
860
1145
162
671
1174
1456
705
594
674
335
1226
51
404
71
597
1014
1192
1088
116
1182
1311
836
128
1332
192
122
227
9
49
1255
1059
740
942
382
298
978
556
371
1406
307
693
317
1179
1329
506
1374
6
537
963
457
117
1047
757
239
912
455
1374
127
1435
1468
295
506
454
1146
558
103
126
301
1367
364
417
676
738
991
413
511
1027
704
238
811
415
134
594
557
160
1108
1496
109
573
901
1331
207
1189
898
558
1298
130
1185
1005
1320
557
1132
586
747
219
386
876
1338
53
1166
439
1414
1028
426
428
324
1142
332
824
35
975
722
1231
1430
771
306
1012
1250
1345
406
1447
393
1443
129
