180
60
116
90
113
96
111
68
76
87
105
110
78
86
103
116
62
91
73
92
91
100
109
101
79
100
73
119
67
80
77
109
117
101
113
77
82
111
93
82
66
60
115
105
83
96
90
113
80
66
111
107
114
84
117
67
73
85
78
109
74
119
114
99
68
109
89
75
98
106
111
67
70
98
97
70
86
78
87
66
75
83
87
104
71
90
81
91
82
101
73
115
60
66
116
116
112
105
72
68
71
96
93
87
115
106
74
75
78
78
78
96
116
109
105
118
109
92
94
107
87
68
98
69
64
102
60
66
78
73
79
80
60
113
94
90
86
61
94
109
101
81
63
119
79
93
67
100
89
105
105
119
83
99
74
78
65
72
70
112
74
106
104
95
97
65
75
110
74
90
79
92
72
115
76
98
107
88
71
112
84
74
