500
100
71
188
134
185
121
99
143
160
147
133
105
101
193
140
152
101
171
140
8
127
144
140
14
165
88
26
59
99
106
152
88
64
62
35
196
94
91
39
196
78
101
29
110
49
164
28
197
130
110
38
89
68
130
90
118
181
132
75
117
84
77
101
92
97
116
150
189
3
2
179
85
51
133
90
178
114
43
179
72
72
197
177
114
26
83
94
96
49
26
34
35
79
45
100
144
96
90
63
25
137
126
189
90
199
115
147
36
143
32
157
159
19
136
83
67
41
60
61
139
135
113
76
25
116
63
62
144
68
103
154
11
86
66
4
5
108
23
83
46
98
151
161
195
100
53
160
153
120
51
192
147
99
178
13
137
183
36
129
158
162
72
45
13
22
123
107
76
45
198
10
63
142
70
86
100
49
122
59
73
117
62
109
127
166
197
174
3
12
39
4
119
22
16
130
144
145
62
125
88
45
116
62
109
71
100
161
185
109
115
8
191
167
61
132
172
50
155
179
97
181
96
21
143
183
194
164
126
58
5
45
135
105
19
79
15
38
55
118
72
153
120
39
163
107
84
20
157
57
80
126
107
145
96
49
78
144
92
128
13
147
114
139
155
43
154
195
30
149
37
190
99
60
68
184
59
192
157
18
87
92
33
116
69
156
114
137
56
128
161
88
129
104
158
48
147
99
185
41
90
164
35
118
30
148
57
69
117
159
15
59
134
76
182
30
102
66
35
191
71
55
74
159
103
84
52
37
75
74
185
48
6
104
76
153
6
130
1
33
58
133
196
191
124
39
3
122
97
131
156
59
8
128
106
155
59
49
64
44
189
46
130
168
160
86
43
143
63
179
95
181
189
191
80
121
48
95
141
28
133
42
192
108
30
138
157
199
170
26
30
115
128
196
47
52
157
122
94
188
111
58
124
166
11
97
91
166
174
53
122
175
160
144
160
90
166
24
164
59
34
44
153
185
180
27
141
117
105
49
91
51
17
100
74
39
32
112
23
1
132
73
23
99
117
137
5
6
27
28
87
137
125
12
106
96
17
152
160
166
16
106
60
108
167
78
19
153
198
12
196
194
7
76
142
141
19
96
60
94
40
34
35
89
78
130
37
165
86
139
89
35
67
187
190
198
60
184
99
198
98
66
