200
20
117
945
317
942
955
922
762
320
1491
122
443
1142
1785
1076
939
23
530
404
1670
1649
1613
1868
384
1237
309
809
1809
1502
616
566
374
811
747
99
1786
520
1857
1550
1669
753
301
510
1025
1181
239
1334
1734
191
132
344
202
236
668
1658
791
1916
1719
1605
1824
1956
548
816
924
433
1545
765
1843
126
1241
467
1964
1038
1602
1222
258
523
643
732
834
1448
933
1860
1115
657
1991
1809
1250
546
770
561
749
77
503
774
1885
756
1240
1140
1187
1423
430
1482
869
174
1337
1664
1657
231
1686
1
1495
1645
627
290
1920
1029
887
1894
199
316
1868
352
228
78
1337
1738
355
1913
866
1918
447
1773
1290
1243
120
232
1131
1795
1464
1337
162
261
348
1971
1736
301
1877
739
1621
1464
1853
1171
1514
1383
863
1529
324
1902
267
1114
1939
1081
737
1175
1449
232
1306
168
1396
1169
1596
1920
1125
797
178
1454
6
1163
1735
1740
1646
462
1216
692
144
1734
1013
486
1226
933
1520
1818
1441
1038
1820
661
1818
252
1418
616
