181
90
105
161
130
120
108
125
171
150
135
148
151
167
111
121
129
131
163
165
134
92
129
110
101
171
176
154
161
117
179
179
115
170
169
157
164
173
160
123
111
110
158
115
168
123
120
107
158
135
111
150
98
179
138
144
114
174
108
120
109
91
119
96
104
158
149
116
112
120
144
113
134
102
103
170
108
145
120
143
90
141
109
116
142
102
108
126
176
142
165
121
122
120
143
96
102
134
140
147
162
94
167
119
138
120
100
158
90
118
106
96
176
138
161
176
176
98
131
134
90
105
107
141
144
170
165
150
136
109
95
134
133
154
109
149
157
159
141
98
142
114
141
161
109
134
178
179
97
132
116
151
156
92
116
115
108
99
103
107
109
152
134
171
164
127
103
162
97
145
93
134
175
139
149
111
120
90
167
119
165
97
113
