1200
80
6170
849
11727
11284
4377
7769
3004
7472
4842
3888
2659
10391
9148
7407
3778
482
7332
8551
9083
724
3378
2253
8194
184
8826
5554
1989
7932
4307
6320
8166
8732
8454
10493
5384
10741
1454
1487
3026
7257
1014
1572
4434
9978
10211
4255
4867
8247
3622
8036
11508
8147
11052
7616
2663
11774
2744
140
9392
8459
169
1232
7891
2238
6880
2442
188
921
2
5203
8399
7089
4395
7714
4185
5757
7746
415
7160
2283
1834
8737
3678
2895
6026
1656
3981
5407
710
3145
9636
1141
6657
11286
10441
3452
3925
9351
10043
6490
11251
5463
5925
3626
9376
9031
5495
6234
6694
1672
8246
2148
2375
3708
4924
6016
6203
1868
10894
1171
209
3565
6497
2711
1860
3169
8284
1341
693
4158
6978
9935
282
9034
9099
8467
5117
5732
5710
9909
564
1039
8125
11390
10626
10409
2100
9263
11775
3318
9813
5399
9152
6787
3066
8068
1537
2468
10333
4771
9928
8950
5753
1637
1750
5471
11460
1774
3223
10140
3369
4405
8824
2229
1522
3603
2039
1984
7450
146
6540
4751
852
2418
10242
193
9587
5420
8197
6799
8703
10589
9856
7446
912
4950
5558
149
1633
10202
935
705
10013
1207
232
9418
3952
5550
74
10071
3585
8620
8576
768
8975
10052
7934
6914
1701
6152
9819
4275
7485
10540
7238
8210
4854
6458
2743
8717
11531
11073
10782
2016
11370
9687
5441
29
10574
921
8671
1306
4819
943
2400
4465
11441
10332
7837
9857
8669
8553
11742
9974
10472
11748
8521
10575
5311
2627
8470
1071
10132
6610
876
3741
8830
2312
4937
8429
4786
11285
9033
10204
4180
3694
1050
11062
5183
8524
7729
11124
417
10861
487
5923
9209
3705
1563
3311
331
3633
1034
3195
3156
1325
2112
3608
9413
4622
5550
7454
4717
1058
7577
98
1878
10040
9676
5595
10555
11806
2833
5749
8949
2407
6889
8796
7491
8410
11187
1427
3461
205
6629
11074
9876
6961
4444
8561
8001
1012
9991
353
10217
7856
1745
8195
10528
53
7939
6929
1368
5906
4248
6187
6507
3361
9873
4203
7800
3994
10903
10962
9186
8339
11475
652
9524
1993
7140
6547
10395
184
8340
10429
9784
10790
2198
7024
8386
1875
11285
8845
4029
10880
3901
3295
255
8254
7219
2762
3203
1382
187
5356
5974
5175
11246
7917
7213
1060
1261
4005
7819
10646
11036
6860
4004
3524
4698
4166
2636
8975
2634
6821
1693
638
5798
3098
2891
9500
8801
188
7496
11082
1
8111
11076
7071
11036
1190
5280
400
5736
10950
8494
5186
1327
4881
2388
1377
11002
1592
6904
10340
4580
8921
270
10427
11147
5560
11724
6821
3020
9790
5836
4140
5313
10583
10629
325
10956
10219
3890
5716
9359
1217
1227
11795
11098
8831
612
485
235
327
7926
11410
4562
3542
11133
9957
215
846
11894
8312
4394
8704
8591
9926
6891
4617
10276
6154
8442
2962
4881
3478
7585
8403
4877
11487
7543
3181
2428
4689
394
4668
8990
11138
3951
3796
5221
5734
1636
2497
8907
10580
2258
4791
2698
11588
1738
5940
3862
5008
9000
6980
11482
5014
5547
5368
820
7112
11437
7094
6520
11179
6735
1711
6364
5437
1483
9190
936
7177
11160
2550
210
1227
1757
11765
5727
11936
7547
3960
6286
6409
437
11466
2114
9709
10436
11298
4165
4569
6235
6056
1885
3737
10903
1810
8755
3250
7350
9911
9848
9220
4518
3424
4996
8842
7036
10988
1258
227
6131
7558
7702
9915
3865
2722
9748
11091
9517
7090
2068
4250
6946
8307
4149
11416
11135
1674
5940
1738
11385
1423
8465
2089
5225
5908
4443
7761
11057
519
11615
778
6951
592
5983
8703
9538
3477
2978
7414
1868
6610
1565
11848
1617
11422
8690
5749
3336
4114
10163
1931
3086
6173
10745
1854
9376
4659
5117
151
5996
5064
5885
6319
8739
9927
6170
5255
9840
4671
25
5831
8996
9627
11055
2567
9609
980
2959
10534
4735
2638
1758
861
421
5952
1726
8455
4837
6641
3589
3640
6779
5837
9987
2085
8554
11103
5636
10518
3865
6136
8167
970
122
10778
1927
5273
11290
2914
7870
1617
2887
385
1132
9443
4872
6247
8697
1580
1785
37
492
2765
905
11962
11466
2493
1978
962
10311
6763
8794
1328
10475
11456
11750
8718
5815
8622
7171
7167
1325
2342
1213
8436
3240
2995
9892
2800
8857
5446
11261
7032
10684
5615
5476
1004
10068
11727
9439
3251
9076
11833
6840
2717
6169
2709
11462
570
3970
11399
7468
2360
11859
4901
7233
2618
10446
1352
10732
11742
10114
4568
10358
4166
1382
3209
11941
5218
8797
5216
1157
822
4123
11912
5349
3655
72
5612
7956
7605
6638
9780
3171
5175
5258
6803
5771
3164
7418
8208
911
2982
6114
4710
1389
6276
11492
5225
9950
4873
11735
10064
1978
7595
7877
6584
11567
5576
7829
8806
10756
3600
4366
3445
6630
10915
9691
9957
5459
3189
2774
6647
2205
11432
1724
609
11689
11588
11059
517
329
11858
6139
4436
4178
11346
1622
5770
1255
1739
6452
6865
8010
10864
2270
11926
1867
390
2705
9225
11181
485
8935
7376
11312
1796
6836
4362
5970
4141
9830
8878
8613
7107
3382
11360
975
5977
9815
2205
3770
4367
8419
11751
3381
4394
8851
9182
5134
6506
369
976
11404
831
816
2472
2914
3134
8383
10647
9042
7060
4297
7642
5881
2190
2804
8853
3602
4259
8909
350
9968
9287
5198
7208
9812
3822
4803
4308
5539
1910
9376
3949
10275
11866
5656
6972
8705
5255
4235
611
8951
5011
9080
6614
6195
11035
2425
678
7691
3014
6823
1920
4886
5948
3531
7270
4621
2684
11851
2892
8821
646
11873
8093
11449
9068
6119
365
4493
4520
4502
9713
8053
3862
9956
7073
10264
8602
9433
6052
10429
5631
8789
1413
5193
10456
9903
8269
11980
6594
2581
7834
8642
9177
7877
8496
4529
5362
5129
11500
1422
10388
252
11334
11050
9363
9167
2069
5258
6162
5983
557
11856
2927
5964
6530
10328
857
444
6098
3243
2887
7193
1839
5857
7068
6580
9332
9394
1601
8463
8285
9721
5143
5624
3835
9924
10013
5637
4023
4015
3638
10012
7138
6207
6045
6954
735
11737
8265
5551
10571
850
2883
9544
4012
9304
7600
722
7997
3738
2229
4306
8135
10591
9310
6253
78
4066
6969
10446
7037
4114
5128
1582
10095
5780
6821
1466
8709
6155
4882
6575
10796
7406
353
2642
11803
1670
7138
10587
10002
10622
2947
5874
9302
6611
9649
619
819
4409
8797
6959
1630
1313
6653
789
1551
11505
768
902
7027
7838
4460
9603
122
8321
1980
9791
6301
8369
7485
2126
865
9875
11729
11432
5613
10508
1411
2781
433
5479
10688
2550
5221
4602
5575
8400
10990
8701
4591
10652
7525
1874
6174
7766
1982
9827
4874
8072
3638
6704
4060
1574
2183
11876
165
7725
7093
1621
9833
4449
986
8784
10878
646
2276
6371
10437
10840
120
11319
8630
4978
4539
9165
2716
2019
7396
6392
6691
8271
1341
7800
1041
8677
2293
10147
10524
8450
2056
8966
1095
1521
9176
438
10060
11371
4814
576
7379
2673
10595
6941
6584
915
11405
3907
1101
4448
4527
7516
9387
4202
5695
5080
8523
2915
7782
