350
70
98
95
105
97
98
96
97
97
99
98
101
100
103
102
102
97
101
102
96
103
100
100
102
101
101
100
95
97
105
96
98
99
103
104
100
96
96
103
103
103
102
99
99
100
104
102
100
97
100
96
98
101
97
102
100
96
98
103
101
95
103
98
103
102
100
98
100
95
96
98
104
105
103
100
99
97
96
102
104
103
97
95
105
104
102
105
100
103
103
98
103
99
100
96
100
98
105
103
100
97
100
99
97
100
102
95
103
100
95
105
97
103
101
103
95
102
100
99
98
105
102
95
99
95
101
102
95
95
102
103
102
100
97
103
104
104
101
96
103
97
105
97
102
97
98
95
103
99
105
105
103
97
98
98
100
102
102
104
96
98
105
100
95
105
98
98
95
98
100
99
102
99
103
102
96
100
105
99
95
103
102
103
99
105
104
99
98
100
97
95
97
99
96
104
95
103
99
103
100
99
102
100
100
100
97
104
101
105
98
104
98
101
100
101
97
101
99
98
101
97
103
103
97
103
98
102
105
105
105
104
97
99
96
104
96
105
98
100
101
98
105
104
100
98
102
96
100
100
99
105
103
100
99
97
99
101
103
100
99
104
101
99
105
104
97
102
105
101
104
96
95
96
97
99
96
105
105
98
105
95
97
105
97
104
101
95
100
96
105
98
100
95
103
103
97
98
100
99
104
99
95
95
105
102
104
96
105
102
98
105
95
104
97
101
104
96
96
96
104
95
99
102
97
99
104
97
99
95
96
101
96
98
99
98
101
104
98
104
98
104
104
104
99
100
101
101
98
96
96
100
