450
90
57
73
40
53
1
42
80
5
16
83
8
71
98
51
38
54
73
93
3
15
49
85
86
32
71
11
62
54
99
20
86
5
30
67
57
46
84
61
3
34
86
5
1
11
4
37
100
4
59
45
85
29
54
50
49
4
60
55
92
88
63
4
19
26
67
23
53
34
96
56
79
43
35
4
80
85
30
14
73
71
73
28
49
75
18
57
61
47
95
63
95
84
11
69
49
49
57
46
26
95
31
32
87
4
2
98
92
80
45
83
67
83
80
29
62
83
6
78
41
63
100
60
33
80
30
21
93
83
81
34
13
20
77
8
25
1
61
55
77
55
30
61
70
60
59
45
6
66
57
46
86
89
69
78
99
14
2
12
87
41
79
13
39
68
63
66
100
22
54
65
44
25
19
4
59
49
28
69
67
64
17
2
43
18
27
85
53
25
20
89
2
66
71
83
19
76
43
52
72
69
2
79
14
65
89
39
2
33
94
38
42
20
100
10
99
50
74
3
19
53
55
18
29
10
68
73
18
81
77
16
69
44
50
76
35
22
54
85
31
66
11
26
91
21
27
64
88
39
33
94
48
24
60
29
39
71
48
78
62
15
93
19
93
69
44
52
43
45
57
68
78
11
39
64
70
61
72
39
13
61
56
24
78
41
80
12
83
41
20
35
36
11
95
100
57
46
25
82
12
18
34
70
28
15
80
37
89
100
26
94
47
95
95
68
45
23
22
11
66
33
61
47
20
15
50
69
94
31
47
9
10
41
79
49
83
34
87
30
9
22
3
91
10
19
76
7
33
82
14
69
50
84
70
84
12
84
20
58
100
44
82
52
97
24
7
6
90
25
91
57
7
16
9
19
78
69
29
73
84
8
26
93
15
50
52
21
23
52
12
61
40
89
19
30
19
63
76
100
54
27
63
36
16
50
71
73
67
95
18
33
92
98
70
33
11
90
81
31
57
45
63
85
22
31
50
5
70
9
78
73
70
67
80
48
97
99
35
3
19
54
63
21
26
35
38
29
92
12
9
85
