200
20
1069
816
2000
1086
1985
352
1702
339
404
1154
1992
1101
436
1536
1868
1486
1778
215
333
1115
1429
1933
1013
1578
1444
1612
1616
1966
724
885
1178
732
312
76
501
1275
1461
1726
925
157
122
767
527
1771
1078
440
1622
1680
1523
1418
904
40
1005
817
1440
768
1251
707
446
1872
1400
1239
234
1830
218
1287
1668
1968
1249
184
146
1603
696
173
886
990
678
564
1342
1927
410
460
764
1844
1424
1385
831
1935
1987
720
635
844
1613
720
1539
311
1192
568
709
65
388
1481
1096
1567
1393
1453
1476
1032
1029
1515
1026
1801
1740
282
1149
1812
1305
601
804
202
231
962
1476
648
1580
839
1965
234
1007
1826
1800
1248
409
375
1364
657
648
1309
1002
791
935
350
1049
1287
995
1554
584
672
588
1813
678
1846
300
1991
1107
1944
286
396
1617
852
734
968
1591
1268
362
1792
438
849
646
40
614
258
1728
43
617
934
26
402
364
726
1548
469
715
1116
538
222
607
353
1582
1553
479
301
1238
1289
851
87
406
1400
1294
938
