210
70
103
75
124
99
112
103
86
83
104
123
73
94
102
105
107
76
79
73
95
85
90
129
73
130
111
90
108
75
88
93
136
125
94
124
79
137
80
75
93
93
88
111
76
97
135
79
131
139
74
117
132
104
128
84
100
103
113
126
95
123
83
117
91
72
117
110
84
116
100
106
77
83
107
126
79
86
126
130
137
121
90
106
134
111
94
85
94
131
83
108
78
104
97
96
121
130
77
100
72
107
110
89
128
102
92
120
84
99
93
84
77
99
139
105
124
83
89
91
105
74
125
137
119
76
97
122
99
110
112
132
125
100
121
131
86
102
82
137
125
72
116
93
77
125
80
120
128
125
117
99
76
105
85
112
95
73
75
130
95
78
76
117
88
130
82
75
83
87
99
114
104
134
111
88
107
94
131
111
88
83
72
79
92
86
99
91
93
128
79
88
111
95
95
116
122
131
85
122
123
85
125
135
92
108
132
113
105
139
128
73
