400
40
95
97
97
103
97
98
96
104
103
102
96
98
101
97
98
98
97
100
101
104
98
102
97
102
98
98
97
99
102
95
99
102
100
105
103
95
100
97
102
96
103
96
97
95
103
104
104
101
102
102
100
100
105
101
98
95
103
104
100
100
105
101
95
103
95
102
104
97
102
101
102
98
95
96
104
103
105
98
98
100
99
95
102
104
95
96
101
95
101
102
104
104
104
100
104
100
98
99
96
101
104
96
98
97
100
104
98
96
105
105
105
104
98
99
102
101
101
98
103
99
95
96
104
99
105
100
97
95
98
103
102
103
96
104
98
105
103
103
105
96
96
100
97
103
100
95
95
95
96
102
105
98
102
105
104
98
96
103
101
97
100
96
101
98
102
100
103
96
102
100
98
99
98
101
99
98
97
104
100
101
102
95
104
96
105
97
96
98
102
104
95
103
105
103
105
98
101
98
100
105
101
97
100
97
95
103
101
100
98
101
97
105
99
98
96
100
103
95
98
100
102
100
97
96
103
95
101
104
105
100
95
104
99
102
100
96
101
95
105
100
105
105
102
95
100
103
96
102
100
101
104
96
104
100
105
104
101
99
100
96
105
103
99
95
104
100
104
100
103
96
99
96
97
98
105
99
98
103
99
95
105
100
100
104
99
99
98
97
100
103
99
97
104
104
95
98
102
96
96
95
98
104
103
96
99
97
95
95
99
105
98
100
104
103
100
105
95
104
100
98
104
98
96
98
98
104
105
104
102
100
101
104
96
105
101
101
101
95
99
98
98
100
98
101
104
100
100
104
101
101
101
98
101
95
98
98
102
96
105
103
102
99
101
101
100
101
96
99
104
97
105
95
100
103
105
95
99
95
105
103
102
96
96
99
103
99
100
104
95
97
103
100
101
97
100
96
100
101
100
99
