500
100
1702
4229
1206
525
4257
3157
3324
81
4101
3873
1272
908
2226
2649
1734
1403
696
3470
1252
1214
4127
589
3346
1947
3190
4019
4758
4780
1832
2701
4556
3149
2426
1456
2843
3514
2164
3824
3240
2635
1112
3496
3149
4876
3668
2071
4793
1938
4947
3915
2286
2037
4391
1662
3760
63
4578
1645
3415
1831
4237
2712
3326
4071
812
4770
977
2086
4930
2457
1411
2596
1899
126
726
1820
4076
4451
2740
3735
4698
2525
4336
1489
3657
589
2134
3491
4043
4274
1684
4256
4302
2857
3758
4716
2724
3727
4282
1284
495
4540
4737
4885
3830
1077
429
4626
2343
1263
4692
4906
564
795
1492
2683
2761
2521
1433
1828
2038
872
3028
3032
3341
1964
1447
1981
2017
3932
4022
2000
1839
2085
2098
2924
4332
705
2985
1020
1229
2594
597
1214
2679
4111
4292
1380
4847
2603
3918
2555
3847
2897
2527
2869
3957
4061
615
4561
1855
4105
4644
1431
3570
1241
2797
2084
4187
465
3574
361
2547
705
151
1732
1424
4711
2088
4666
3705
1834
3511
3858
2022
1795
1266
1687
1807
747
4830
3643
3817
903
3782
439
3701
2967
1635
642
189
3799
643
1631
699
2438
4878
1709
331
1919
2217
4670
3279
160
4980
2871
280
2162
4571
1983
5
4060
3999
3350
4844
2232
287
4216
4745
570
4606
2932
19
3940
2831
2989
4610
262
1967
621
3441
4020
3043
4983
321
2872
4657
2750
1111
2218
346
3459
3133
4742
3253
4912
3141
1298
392
597
3334
4730
1040
2699
910
3050
1183
1368
760
1772
4179
3093
2434
640
4849
3001
2407
356
1742
4101
2276
1311
3942
4663
651
1634
3189
4411
3152
3379
4748
4499
4843
4500
2377
3530
1263
123
55
4551
3401
4308
489
4203
4647
3144
3026
106
2623
518
910
4090
4430
153
650
1206
1181
1852
1103
3205
2116
3519
608
1642
1417
1298
2407
2219
1770
957
4487
2699
2673
1666
2490
4064
212
4018
959
651
561
2528
2780
1976
941
841
1482
1931
73
3294
2935
877
2085
1058
2926
2126
1525
3480
916
454
3497
3999
261
1800
87
4465
4056
2491
1207
1928
4521
2501
603
1134
849
1797
4195
4132
4979
4973
3322
176
1159
4322
2903
2905
3335
2609
1426
2286
4793
710
4227
2063
191
3071
149
1041
2692
3628
4103
711
897
3944
2482
1409
4458
2495
674
1307
2546
3858
1919
1022
3702
4103
2518
2629
683
338
3651
630
873
416
3627
1525
3775
1084
205
4770
1986
2578
3630
3674
1010
18
3527
85
2657
464
1334
2650
1938
1421
4438
4575
1443
773
2219
4087
3827
1731
919
4971
4933
2417
4869
240
1499
4364
4565
3829
3361
4783
2311
923
1180
3850
3253
4947
93
2915
4243
4747
2144
1099
3912
732
4625
1684
4670
152
4434
1244
2778
1596
1266
2555
599
1559
1728
2301
4427
4196
1948
894
3935
1105
1053
3334
