181
90
38
71
43
13
7
99
72
52
79
27
1
79
95
61
50
35
58
95
30
83
17
90
8
30
79
65
33
92
4
45
76
43
67
70
87
71
22
94
56
47
42
9
73
90
34
65
33
3
99
68
86
84
60
59
51
13
28
73
82
68
81
60
96
66
21
86
74
71
34
57
15
64
36
46
49
62
7
61
65
61
40
71
15
66
38
85
95
21
24
60
11
36
8
8
63
85
57
85
33
87
61
38
34
55
75
94
63
57
6
2
53
65
37
69
90
77
39
97
18
67
82
13
52
42
43
86
22
69
46
34
32
18
47
70
40
92
26
25
17
60
28
30
65
93
99
74
40
4
47
73
24
88
98
53
4
42
65
43
15
75
56
66
33
43
92
36
48
51
10
97
18
67
27
51
26
80
99
6
93
39
67
