500
100
104
104
100
95
102
99
104
105
104
102
98
105
96
99
103
95
105
102
102
98
102
100
95
101
99
99
101
96
102
100
104
104
102
95
99
98
100
96
95
95
100
96
95
97
98
95
102
102
96
103
99
98
97
95
102
98
97
99
97
98
105
105
103
101
96
101
105
95
101
95
103
101
101
101
105
96
100
105
98
103
104
105
102
95
104
99
96
97
95
96
103
98
100
99
102
103
103
101
96
100
96
99
105
95
97
99
102
95
103
104
98
96
102
103
103
102
102
95
103
103
95
105
96
99
98
104
98
96
100
105
98
98
96
101
98
101
97
102
99
105
95
105
104
100
97
96
104
105
96
105
105
102
105
105
98
96
101
102
102
103
104
99
105
96
99
103
103
101
102
104
95
102
102
100
100
98
95
98
98
104
99
99
104
96
104
97
99
95
101
100
103
97
104
101
103
96
96
101
105
96
96
103
97
99
101
97
102
102
96
98
105
96
99
96
96
102
103
97
96
105
105
100
104
104
104
105
104
97
105
99
95
98
96
98
96
100
95
102
104
102
98
101
96
101
105
103
104
99
96
97
105
101
100
96
100
105
95
99
95
96
102
105
104
105
102
97
102
103
101
102
97
95
96
102
95
104
105
98
98
102
95
101
100
99
105
96
104
97
98
98
98
97
104
102
102
99
99
101
104
99
102
102
97
99
97
103
97
101
105
96
98
99
99
95
98
104
98
102
100
105
104
95
102
98
105
97
96
99
101
105
102
102
103
97
105
104
100
105
102
99
101
102
98
96
102
102
101
104
100
97
99
104
95
104
103
98
100
100
102
105
104
103
105
97
105
104
100
103
103
105
95
96
96
96
98
105
96
103
97
102
104
96
101
102
105
98
103
100
104
104
103
95
101
96
103
95
98
100
103
103
101
104
97
95
101
95
99
96
101
102
102
97
105
97
95
102
95
100
98
99
102
101
99
100
105
95
102
103
98
98
105
99
96
103
96
101
98
95
98
103
105
96
102
103
101
102
99
105
97
99
96
103
95
99
105
99
95
97
99
104
98
98
95
98
102
102
98
98
101
98
96
96
104
95
105
100
99
104
103
96
100
99
95
96
103
105
105
96
103
104
105
96
100
105
96
105
101
103
105
95
