180
60
65
81
102
76
103
98
87
116
112
117
115
105
119
99
119
71
91
112
64
105
71
100
63
80
71
110
104
63
63
98
61
76
71
66
116
111
87
106
111
99
67
93
119
70
102
83
110
81
109
103
99
96
119
65
60
86
67
64
77
82
72
111
98
68
79
79
103
91
74
93
109
108
70
118
87
76
100
60
77
63
102
98
62
68
100
72
118
61
111
84
118
82
74
63
102
106
117
83
102
89
111
84
102
89
106
61
62
115
94
93
105
75
98
114
103
78
104
109
75
101
68
110
116
111
107
78
81
102
116
100
105
105
98
103
92
102
95
101
72
62
64
102
91
100
91
113
89
119
109
87
86
95
116
102
108
80
119
107
68
103
83
101
112
63
99
107
60
110
62
73
81
71
115
88
106
75
87
80
61
60
