350
70
95
104
101
100
102
100
103
103
95
99
98
105
97
105
98
97
95
97
105
101
104
98
102
104
99
103
95
102
95
103
103
100
104
104
95
105
95
103
100
98
98
103
99
95
100
103
103
100
100
95
100
103
97
105
102
104
96
103
105
95
103
102
102
97
96
97
99
99
98
101
96
101
102
105
96
99
96
97
101
96
98
105
96
102
99
101
98
96
103
97
103
105
98
102
105
95
100
95
100
101
105
104
97
104
102
101
101
105
97
96
95
102
96
101
100
98
96
99
102
98
95
104
102
101
105
103
96
95
100
97
99
99
102
104
99
100
98
104
98
100
105
98
103
101
100
97
97
101
95
102
99
97
99
100
95
100
104
96
95
102
99
96
102
105
104
99
97
103
95
99
104
103
103
95
105
98
99
98
98
96
99
105
100
96
103
99
98
104
95
104
100
101
102
96
97
97
99
97
103
96
97
99
101
102
104
103
100
100
97
95
95
99
103
99
102
99
105
104
103
97
97
99
105
96
101
95
98
95
103
97
95
96
97
103
104
103
95
98
103
97
100
103
97
101
105
99
105
99
96
98
100
100
102
95
96
102
101
101
104
95
96
100
98
104
95
105
97
96
97
95
97
97
96
97
102
98
96
104
96
100
104
105
101
98
103
102
100
102
105
103
103
102
95
96
105
101
102
104
98
105
104
101
101
105
96
99
102
98
103
100
105
96
103
100
105
101
97
100
100
101
97
102
96
102
100
103
100
97
105
100
97
103
95
99
104
103
98
99
97
99
103
99
102
103
98
97
103
102
99
97
