200
40
88
24
48
38
88
6
9
26
73
91
3
65
14
36
59
67
31
26
14
89
22
1
8
93
15
53
1
5
58
2
100
71
94
63
79
36
48
100
42
64
95
64
26
56
68
57
78
90
54
61
43
4
98
10
83
56
35
65
24
58
10
63
91
12
2
27
81
96
4
9
48
51
96
46
98
13
52
9
70
66
69
98
1
8
19
28
30
98
85
51
55
28
42
10
50
19
1
80
49
76
35
82
23
33
68
37
69
39
73
54
20
31
27
3
8
50
2
88
99
100
26
84
47
80
51
56
41
85
50
14
25
79
65
88
52
69
13
87
29
17
65
31
4
75
30
89
79
46
28
97
94
9
7
60
6
71
41
80
77
64
46
84
20
37
20
76
59
11
6
69
48
54
60
17
30
72
64
60
46
90
24
60
10
62
39
11
2
60
80
44
92
69
36
89
2
36
48
14
5
35
