500
50
105
97
102
97
101
102
102
101
103
100
97
101
102
103
96
97
96
105
100
103
95
97
101
100
105
104
99
101
96
102
95
103
104
98
100
97
101
95
102
97
104
103
105
95
98
103
96
96
100
98
96
99
101
101
96
98
100
99
100
95
96
102
102
105
103
98
96
101
100
105
99
96
100
101
100
99
96
102
101
103
99
95
105
100
102
103
101
97
100
98
103
104
100
102
101
99
103
97
103
101
100
96
97
101
95
101
101
104
96
101
101
98
101
101
103
100
99
99
102
100
96
101
95
104
103
105
101
102
103
101
103
101
98
98
97
103
99
95
99
95
102
103
95
95
102
96
101
102
100
103
98
99
97
101
95
98
103
95
104
95
97
96
98
105
102
96
105
100
105
104
103
95
99
104
97
101
100
101
105
95
105
95
105
102
99
97
101
105
102
97
98
104
103
98
103
97
104
98
101
105
97
101
95
96
101
100
97
105
96
99
98
101
100
105
96
98
104
96
103
101
100
96
96
104
105
96
105
100
99
97
102
100
101
98
104
101
103
98
96
97
98
104
98
95
104
105
99
95
99
102
103
103
102
99
102
98
100
97
102
96
104
103
99
101
99
102
95
95
100
96
98
105
97
95
104
96
99
103
105
95
104
104
97
103
105
100
100
105
95
97
105
105
105
95
101
100
104
102
101
99
102
96
100
103
103
102
103
101
100
101
100
96
103
102
98
102
99
98
100
100
103
98
96
103
98
100
104
104
104
95
95
97
98
100
100
97
98
99
103
100
100
99
102
103
99
99
97
101
97
104
96
103
99
104
104
102
101
104
105
100
105
96
102
96
105
96
99
98
99
98
100
95
102
96
99
103
99
95
99
96
100
98
96
104
102
100
101
101
105
96
98
95
95
97
96
100
98
102
96
95
103
100
97
98
97
102
95
96
103
105
104
103
99
105
104
100
100
97
105
101
105
97
95
100
98
95
100
100
99
103
99
99
101
96
103
98
97
97
98
102
95
96
95
103
104
101
97
101
100
104
102
102
98
97
95
103
97
104
100
96
100
105
95
104
96
103
103
95
96
100
98
95
101
95
104
103
104
104
99
101
101
98
100
102
101
99
105
104
105
97
96
102
102
97
103
105
96
104
98
103
