180
60
104
100
103
103
101
103
103
104
97
99
96
98
100
97
99
97
104
102
96
95
96
97
103
102
95
96
97
98
100
104
98
96
95
101
95
98
96
100
100
100
99
102
101
100
99
98
95
98
95
104
97
97
99
102
104
105
99
103
104
101
96
104
105
96
95
103
102
104
96
97
100
101
97
96
95
105
96
99
104
104
100
96
98
98
102
103
103
103
105
105
104
95
97
100
105
105
104
96
104
103
104
96
103
97
100
96
95
102
102
103
101
97
105
98
101
97
99
96
101
103
95
101
104
105
98
105
102
95
104
95
103
101
101
96
102
96
100
99
96
105
101
105
105
100
101
102
99
96
103
102
97
100
95
100
105
95
101
101
96
99
101
95
102
95
104
96
100
99
101
102
99
103
100
102
100
97
101
99
95
104
