450
90
59
36
94
65
90
56
93
8
92
33
34
33
13
25
80
48
39
93
3
91
47
94
81
2
88
55
61
76
14
68
82
27
57
61
19
28
59
26
49
57
15
88
7
3
9
69
39
62
59
66
45
19
26
63
49
76
82
20
29
12
58
33
4
39
24
47
83
75
72
4
56
86
90
36
83
85
73
97
75
61
62
49
27
10
67
9
99
61
77
94
35
7
64
3
89
92
77
44
58
59
76
76
7
38
85
17
24
30
39
81
43
10
61
86
50
68
20
29
32
2
98
44
35
3
6
45
25
25
56
19
68
39
12
57
38
71
40
73
35
68
96
67
6
20
50
56
23
36
27
39
91
87
50
52
85
2
88
80
41
19
80
83
49
95
83
82
2
63
82
45
96
29
99
73
3
27
61
28
87
6
1
76
40
51
41
73
11
11
100
96
8
41
80
35
95
42
41
71
67
99
73
7
20
29
44
30
1
28
82
9
91
92
52
77
92
55
88
9
99
22
97
54
13
76
94
99
92
21
12
45
11
27
90
74
41
36
29
36
64
64
37
55
30
68
86
59
75
93
99
11
9
91
28
17
36
100
81
12
67
5
69
60
71
38
84
64
10
85
50
52
75
95
14
82
83
83
73
15
5
79
78
29
69
90
96
62
54
58
78
99
99
50
38
96
62
73
21
45
96
47
24
86
100
79
18
92
21
83
28
21
9
65
81
83
8
95
68
26
52
85
4
61
14
80
75
87
15
58
78
31
63
59
33
20
18
9
2
100
61
7
57
76
75
100
62
91
14
19
81
25
2
56
51
26
24
30
1
3
78
80
62
35
83
91
66
7
66
12
33
94
25
6
22
54
60
79
17
11
17
53
16
63
65
54
84
30
74
85
94
74
98
55
57
44
92
75
12
60
98
100
77
97
5
65
40
64
18
53
30
87
14
28
71
23
2
9
15
87
39
97
12
94
33
5
47
99
89
5
64
99
21
31
40
10
29
45
18
98
71
93
79
7
2
90
41
99
55
43
16
31
