900
90
167
155
91
143
152
126
122
91
118
125
123
108
137
133
117
115
127
127
133
100
146
142
164
125
118
121
98
159
168
93
107
105
155
144
126
105
164
129
114
92
126
112
142
139
127
176
95
104
96
139
148
171
155
141
105
166
156
156
142
103
160
143
179
125
93
120
127
146
177
129
151
179
111
157
91
128
159
138
136
169
110
117
131
175
140
140
138
155
103
175
159
179
175
135
166
160
96
108
117
165
136
173
143
177
106
96
92
151
141
169
105
165
126
178
104
155
145
143
104
133
149
139
167
157
130
123
106
156
172
164
159
135
143
165
142
138
160
151
127
121
158
142
108
121
118
177
98
98
175
154
177
90
168
157
177
111
130
154
92
143
98
90
94
175
126
148
147
136
133
120
178
124
115
146
107
158
127
151
116
136
146
171
169
156
134
156
100
157
167
90
118
171
171
93
174
162
118
150
97
167
155
143
137
97
171
107
173
179
110
139
140
101
149
143
169
135
124
159
130
109
167
158
119
106
91
167
162
125
152
162
106
174
149
168
144
168
168
149
148
156
154
163
165
140
108
102
174
175
125
130
150
143
101
151
162
140
169
173
125
125
150
101
165
111
121
128
139
130
107
92
131
157
179
99
146
127
178
131
129
164
127
97
123
163
126
171
164
143
127
116
150
131
121
148
98
94
169
120
145
125
101
98
165
177
105
169
141
164
96
120
116
169
96
165
179
119
134
97
119
107
94
140
148
173
137
171
121
154
95
133
102
168
146
134
175
106
116
111
151
172
134
113
136
104
175
157
153
162
158
100
144
116
100
137
158
128
162
119
123
178
132
179
140
154
128
154
138
160
124
170
108
134
90
174
157
155
144
91
141
177
163
143
124
115
94
90
178
105
127
127
103
90
125
149
161
110
146
125
148
130
140
100
156
174
138
143
108
133
95
151
135
96
119
132
159
127
161
175
114
101
118
144
144
159
177
152
109
165
174
148
175
166
101
142
94
148
165
169
100
122
148
174
96
109
144
145
114
177
149
94
134
114
167
175
111
155
120
175
177
115
157
98
162
141
138
155
119
145
175
134
136
151
154
157
90
103
144
170
139
145
168
137
99
111
146
101
113
99
175
146
137
117
138
134
122
106
147
100
115
168
133
99
139
179
138
142
137
155
108
128
96
104
131
104
115
179
120
122
112
131
127
141
117
146
111
99
99
135
146
162
143
120
117
153
127
102
107
111
156
104
123
120
173
142
176
155
93
166
156
170
124
142
149
131
158
129
139
128
126
176
127
117
97
170
177
174
137
99
123
130
144
149
161
135
129
101
124
133
106
110
166
155
173
151
112
119
92
127
176
133
96
118
149
96
151
150
103
122
107
130
116
114
162
145
179
109
121
168
118
149
105
173
152
91
90
154
154
160
139
127
134
165
164
179
160
127
146
146
131
146
171
161
154
134
159
166
139
161
138
177
179
130
145
149
131
103
114
149
168
130
137
114
148
149
131
128
138
148
106
114
151
174
123
103
145
163
154
156
146
98
132
99
105
164
140
120
125
94
145
124
109
91
135
147
160
170
111
134
107
125
130
170
166
171
124
152
142
131
115
178
137
103
126
127
176
145
142
114
154
93
151
91
109
135
123
160
168
110
107
108
93
116
176
135
158
98
135
176
92
94
127
90
123
132
104
172
115
175
108
91
107
133
135
158
96
118
93
110
172
173
116
136
137
133
137
109
106
170
170
148
156
103
110
151
178
101
127
149
146
120
133
100
152
105
128
109
175
174
113
148
106
95
92
153
124
142
137
112
154
118
141
119
118
142
132
177
96
178
141
179
135
99
138
144
93
116
164
118
120
124
139
117
152
164
107
158
151
91
97
106
118
108
177
167
165
124
161
171
138
104
105
94
106
119
145
142
109
111
113
118
163
92
105
144
169
121
153
162
101
112
116
103
174
97
140
162
129
165
133
156
120
177
165
121
107
132
168
166
153
104
178
110
131
139
140
135
172
103
163
106
176
91
119
123
94
162
158
96
150
121
145
118
125
153
126
129
133
151
102
94
