350
70
102
76
4
91
78
107
68
121
109
17
60
92
71
26
108
16
89
115
118
42
39
81
135
46
1
75
99
8
66
62
99
36
42
22
63
110
42
68
10
76
82
70
124
127
130
46
123
116
127
63
76
69
123
93
13
53
38
12
117
125
124
122
89
80
107
62
105
91
82
32
138
113
106
58
90
107
123
124
9
100
104
40
93
63
23
42
30
80
115
83
82
64
106
54
21
74
99
45
99
24
117
60
1
38
13
86
128
17
57
138
90
120
100
37
60
82
23
49
101
94
114
58
9
50
78
19
33
111
114
12
81
63
95
53
130
35
4
66
29
108
131
47
12
55
111
83
46
115
80
90
16
45
48
84
103
91
121
83
67
137
120
10
55
71
11
48
56
8
49
37
90
113
48
71
85
43
137
5
17
130
20
22
81
47
9
33
29
93
65
82
71
65
128
70
63
101
49
78
19
101
9
137
103
117
46
59
119
16
7
111
36
11
13
50
39
33
54
90
20
126
98
90
7
69
138
68
57
97
11
41
57
36
119
134
5
18
10
112
1
104
119
133
128
98
62
116
1
77
48
44
29
99
22
128
117
52
5
116
51
77
119
113
25
138
5
47
7
89
21
86
6
39
99
46
7
51
109
29
69
80
93
24
121
58
102
16
8
57
70
61
75
83
88
76
136
60
35
64
43
94
26
25
136
4
135
125
72
47
55
94
46
5
71
136
67
93
109
61
122
115
21
49
131
117
51
121
113
12
29
89
33
71
101
81
9
10
83
53
52
91
108
19
1
82
132
69
41
55
43
58
