500
100
98
105
97
96
101
96
98
102
99
101
96
105
96
102
105
105
97
97
97
105
105
100
98
102
99
96
100
95
103
97
102
95
97
104
104
98
97
105
99
104
101
95
102
105
97
101
102
104
101
95
102
102
95
99
98
98
96
101
105
99
99
96
105
100
99
97
96
104
104
102
103
105
96
97
98
100
98
95
103
96
100
105
103
95
99
101
95
97
95
97
105
103
102
98
104
101
104
102
99
105
104
102
96
98
105
97
100
103
95
101
100
96
105
95
104
97
101
97
97
102
97
105
102
97
100
99
96
105
100
101
99
105
100
95
95
102
104
96
100
95
103
99
95
102
95
103
100
97
99
103
103
98
95
102
96
101
101
104
104
100
95
104
100
97
99
102
97
95
104
104
96
101
98
97
103
103
97
102
95
95
100
96
98
99
97
104
100
95
97
102
97
97
96
102
98
105
95
95
105
95
99
104
97
95
99
98
99
97
101
100
99
101
95
103
105
104
99
99
99
102
100
97
96
100
99
99
105
101
101
105
95
104
103
96
98
98
103
95
100
102
99
100
101
103
102
101
97
102
104
96
98
99
97
95
97
97
104
102
105
98
98
105
95
97
105
102
97
98
104
104
97
100
96
99
101
98
97
100
98
98
100
97
97
98
101
104
102
95
103
101
104
100
100
101
104
100
96
102
97
104
99
95
105
95
101
97
104
102
96
95
100
95
100
97
96
101
98
95
96
105
104
96
104
104
101
105
103
104
99
100
96
99
101
103
105
102
105
95
98
103
105
97
103
102
101
98
96
95
100
97
95
104
95
97
98
100
95
102
96
105
100
103
105
102
97
97
96
100
102
100
96
101
95
95
104
96
103
99
100
98
102
102
99
105
101
99
100
101
102
98
96
97
104
103
105
103
102
100
102
103
104
99
105
97
100
104
97
98
103
100
96
96
95
101
97
102
99
103
101
96
95
104
105
105
97
103
96
97
95
102
104
95
104
97
97
97
104
96
105
101
103
100
99
102
102
98
101
102
96
95
98
100
103
103
100
105
97
100
103
95
95
98
103
105
105
97
97
105
105
95
103
99
102
104
102
102
97
100
105
99
98
101
97
96
95
103
101
97
100
105
99
100
105
102
104
100
102
103
99
98
