300
30
30
34
34
59
39
41
37
46
31
42
40
46
51
49
56
31
53
41
37
53
43
56
47
47
40
31
39
36
35
45
56
35
58
35
42
41
55
48
42
59
52
53
32
54
47
49
49
38
58
45
30
35
57
58
49
58
51
57
58
34
36
30
58
38
46
31
36
54
50
56
34
30
50
50
45
47
38
50
49
49
59
36
57
45
44
38
44
35
39
39
46
43
55
35
40
55
45
44
40
40
42
45
30
36
49
31
33
57
32
48
36
44
33
56
45
31
43
38
59
32
49
55
55
57
56
45
47
58
46
55
56
35
38
56
31
44
41
47
36
33
49
34
34
37
58
40
33
59
46
38
33
35
47
35
33
36
30
38
37
37
43
46
43
51
54
43
59
40
53
31
43
43
42
34
38
35
30
37
53
53
52
43
45
44
33
48
30
40
45
57
34
31
40
52
36
44
58
59
42
58
42
49
42
41
53
48
39
50
55
59
35
34
31
50
31
45
58
49
52
47
38
33
31
33
47
32
39
56
38
57
59
40
36
43
34
56
49
48
37
54
37
58
58
30
34
43
47
49
36
38
46
36
37
48
41
49
40
40
42
53
59
48
49
57
51
58
40
46
59
47
48
44
42
47
35
39
58
44
35
31
41
49
59
46
47
41
42
34
52
31
51
54
58
58
58
48
57
57
56
39
