300
20
37
21
18
19
2
28
14
17
10
23
21
18
38
15
13
2
29
22
3
10
35
28
3
7
7
17
10
22
7
14
28
23
30
28
1
29
7
27
26
18
39
38
31
8
8
31
12
25
1
24
13
37
12
12
15
26
17
22
32
17
3
34
20
33
12
29
3
38
27
14
14
24
6
1
1
2
17
15
12
24
4
25
5
34
13
14
37
35
19
21
7
26
28
33
5
13
16
29
11
31
38
11
23
34
5
23
24
30
4
4
31
17
9
24
15
12
33
4
23
21
5
35
19
9
37
18
25
14
9
15
24
17
29
1
30
1
32
9
37
16
21
17
35
39
2
21
22
23
33
1
19
10
19
27
4
31
7
11
27
11
6
39
3
20
14
29
27
30
6
10
29
23
1
15
12
3
36
37
11
35
20
21
35
28
1
19
10
12
25
1
7
22
33
14
9
15
23
21
2
6
32
35
7
9
37
7
22
18
20
32
19
25
18
18
6
30
6
25
38
4
2
30
34
10
6
3
17
8
20
34
15
21
25
20
11
15
19
38
37
30
8
9
14
37
11
33
12
17
32
26
9
37
32
9
23
25
32
1
5
35
11
26
31
31
25
36
15
15
20
25
28
8
12
30
16
21
8
31
11
21
7
3
10
36
31
23
21
21
24
18
18
21
12
23
27
35
6
17
23
6
