600
60
21
20
85
92
1
32
7
56
89
31
90
8
87
82
78
97
44
91
36
6
49
67
42
11
76
31
17
66
98
56
28
26
60
89
6
63
12
76
77
9
56
7
89
27
5
61
10
75
88
33
72
55
23
40
100
82
99
74
69
47
26
91
17
17
81
1
63
79
72
83
68
99
16
95
96
33
100
5
66
69
57
34
32
67
33
19
70
27
67
56
45
63
100
42
51
77
91
17
99
27
69
62
93
7
51
30
52
76
45
12
39
97
90
96
37
99
24
81
67
24
16
72
74
68
91
48
89
44
35
2
89
77
40
44
80
45
99
26
22
74
98
31
11
87
87
76
24
17
91
9
95
74
18
10
75
48
83
83
51
89
52
66
38
92
26
76
83
54
90
99
52
19
7
50
91
34
20
54
99
80
8
38
93
56
26
27
81
23
19
92
43
68
36
62
8
24
59
31
85
23
62
67
22
58
36
97
46
79
92
75
6
99
78
91
41
51
39
28
90
89
20
89
6
91
96
7
32
70
81
19
76
67
93
65
96
66
13
28
90
90
75
9
51
88
52
68
62
48
42
75
43
75
19
53
77
51
73
74
34
92
29
58
61
96
78
47
61
28
37
73
39
12
3
94
78
48
93
54
69
34
62
93
12
37
42
88
42
94
58
62
45
79
92
76
7
82
67
96
35
33
11
67
44
4
88
51
36
1
16
63
81
79
65
72
31
92
90
12
6
74
65
19
92
81
85
93
80
25
12
67
84
94
50
70
33
85
73
36
88
31
96
39
39
52
79
23
2
54
56
24
93
26
77
99
63
76
15
53
59
77
98
59
16
46
44
93
96
34
26
44
1
61
44
56
72
89
51
92
74
75
72
15
65
100
81
99
16
73
81
39
46
19
62
53
14
79
94
62
21
61
74
87
91
23
15
36
36
41
15
61
31
63
67
77
3
49
43
82
10
46
50
88
32
64
34
92
57
26
68
17
57
76
6
1
75
32
98
88
92
51
45
71
95
54
79
10
83
6
15
94
40
96
62
5
73
27
13
20
27
33
40
66
10
40
43
51
10
2
56
33
14
65
97
7
29
27
98
98
11
33
79
76
18
42
57
75
22
87
12
44
67
13
87
64
96
76
16
26
32
39
81
32
92
69
54
81
98
67
37
11
40
25
69
90
90
55
25
77
82
78
21
84
7
53
13
99
81
77
70
23
1
69
36
99
86
17
94
81
35
65
97
17
84
22
88
49
83
38
60
24
77
66
89
93
19
16
52
22
1
64
21
8
23
27
42
84
82
64
15
20
79
38
21
69
14
72
35
85
51
85
70
66
41
14
52
21
37
34
86
2
87
6
84
1
91
10
30
68
54
96
