200
40
42
79
5
82
17
97
1
100
46
14
46
75
74
58
4
28
22
30
85
53
41
71
55
91
70
36
23
97
77
42
15
98
59
9
13
49
64
44
22
40
5
11
7
33
67
16
51
8
69
93
20
6
57
17
76
25
12
23
30
29
90
89
72
44
80
48
21
18
71
81
36
82
87
70
64
35
2
60
37
29
78
2
72
99
22
19
90
93
79
63
69
49
73
19
48
13
62
63
9
31
97
18
21
61
7
6
100
52
69
73
16
69
20
4
61
13
90
65
35
70
69
64
69
61
4
75
38
9
27
27
89
68
24
53
4
17
26
73
38
55
3
89
23
9
24
77
15
56
27
86
80
7
36
53
79
80
80
24
87
23
72
20
73
95
62
7
44
44
24
96
75
26
49
55
47
94
35
58
10
44
90
4
12
77
24
7
61
70
16
11
98
92
54
99
35
60
23
84
81
59
