450
90
95
103
102
105
99
100
99
102
97
100
96
104
97
104
100
99
96
102
98
97
104
96
105
104
103
103
102
104
99
95
105
102
95
105
97
104
99
101
98
100
95
103
103
98
95
98
95
104
105
96
103
105
95
104
104
102
96
102
97
99
101
103
102
97
96
104
99
102
98
103
100
103
103
101
95
95
96
100
99
95
95
96
104
101
97
95
97
101
98
98
103
100
97
104
105
100
95
100
102
98
101
102
101
98
97
105
95
100
105
98
97
102
95
101
101
97
100
97
96
105
96
101
99
101
100
100
98
103
102
96
101
101
103
97
98
99
104
97
102
97
102
100
104
103
96
104
103
103
99
98
102
97
101
97
100
101
101
99
104
104
101
98
98
99
104
99
97
99
101
98
95
98
105
104
102
103
100
97
105
95
104
105
99
105
100
103
103
102
102
98
101
99
98
101
96
96
100
102
95
105
96
103
104
104
102
103
102
95
102
97
97
96
100
100
105
97
97
100
102
97
95
101
102
103
103
98
96
103
101
98
95
101
96
105
96
98
100
98
102
101
96
101
96
101
99
96
101
105
104
100
99
100
99
95
102
97
96
96
99
98
97
99
105
99
99
98
103
104
100
97
95
98
98
98
104
101
105
103
95
100
101
98
98
97
101
104
95
104
105
102
96
103
96
98
97
98
105
102
99
98
104
99
99
100
104
103
96
101
104
104
97
98
104
101
98
100
95
99
96
101
101
104
98
100
104
103
98
100
102
102
105
103
95
105
96
104
105
96
102
101
95
97
97
95
99
105
104
102
103
95
98
97
104
100
97
95
99
96
96
104
100
103
102
95
95
103
95
103
95
105
105
96
95
102
99
103
101
95
104
96
104
99
103
98
104
99
101
98
102
98
101
98
105
100
99
105
101
95
97
97
100
95
95
104
98
105
99
100
103
95
105
99
103
99
101
97
98
99
103
104
97
102
96
97
99
97
100
95
103
104
101
103
95
96
101
99
99
100
104
98
95
100
99
102
104
105
100
97
100
96
