750
50
57
79
58
56
59
51
53
99
87
96
74
59
89
85
91
78
88
90
56
96
94
73
51
83
84
97
58
75
54
78
60
92
66
71
74
87
94
74
54
73
75
76
81
86
72
66
51
59
90
55
63
54
50
53
56
85
85
64
70
74
67
77
81
58
85
98
50
53
64
70
71
59
76
85
51
73
85
77
69
66
63
55
57
66
58
63
60
63
94
96
55
80
54
81
55
55
77
61
89
83
54
94
63
89
85
63
71
78
66
78
70
52
62
86
72
58
94
61
50
83
55
75
53
86
82
69
76
96
77
66
63
85
80
91
85
64
87
90
53
70
56
70
50
51
68
97
55
60
65
70
71
89
50
73
53
65
90
50
71
93
87
54
86
97
93
85
96
73
96
81
86
61
70
54
90
64
84
61
85
60
85
89
62
78
71
99
72
89
82
57
68
92
70
91
92
89
51
98
89
55
79
70
60
59
53
81
79
53
52
77
58
67
69
68
80
72
79
79
52
60
61
99
62
56
72
72
92
52
99
99
78
75
76
52
77
64
98
83
62
89
69
97
61
50
89
99
81
75
54
61
74
53
78
60
59
82
70
69
97
55
68
96
62
91
72
69
67
89
89
82
66
99
84
87
98
76
77
99
94
64
84
97
91
98
77
67
59
60
95
83
77
87
78
55
56
97
66
63
72
74
58
98
99
98
72
98
58
67
82
54
96
95
87
85
64
50
71
97
79
79
75
76
55
55
52
53
51
71
80
51
73
51
74
66
85
97
89
57
91
93
63
73
79
87
98
50
73
89
87
61
76
60
56
98
94
99
73
72
63
76
71
94
53
52
55
91
64
97
77
61
57
55
65
76
86
88
75
93
81
57
96
84
74
73
57
92
99
63
69
94
80
91
82
79
69
57
58
74
75
64
75
70
62
67
50
82
98
90
88
82
72
57
81
53
73
77
78
86
67
73
76
77
85
80
91
62
50
56
93
64
50
75
81
74
55
67
53
69
66
97
72
57
86
50
91
94
53
50
50
84
60
99
58
94
83
76
87
60
96
60
66
67
99
96
72
92
87
76
94
74
73
92
85
97
98
86
50
82
51
95
55
93
91
79
75
80
86
81
76
80
88
53
65
64
79
88
53
71
79
54
59
81
52
77
68
52
90
93
79
67
53
62
86
75
86
88
61
50
60
69
84
63
80
72
62
54
75
87
81
93
63
99
82
85
52
95
74
76
67
92
66
95
90
55
73
91
90
56
95
61
69
51
96
88
77
69
84
85
53
99
60
95
68
59
65
69
81
80
59
52
92
82
87
79
61
61
81
65
78
95
97
75
79
95
82
94
53
84
83
67
64
88
79
79
51
61
60
81
61
56
96
66
58
54
51
63
92
68
65
91
74
60
60
98
88
89
87
86
76
56
93
81
74
53
56
95
76
60
73
85
77
94
61
93
92
90
71
62
92
53
57
84
54
88
71
52
75
76
72
58
68
98
88
83
80
74
50
77
70
85
75
80
67
57
61
83
56
54
68
56
67
65
63
91
59
57
58
67
72
55
68
68
87
97
77
53
56
50
58
99
88
77
91
55
75
74
50
64
93
54
76
83
77
67
99
92
79
64
87
84
76
91
75
94
50
58
96
71
55
87
91
60
91
87
76
91
64
88
88
85
61
94
65
90
73
65
58
78
80
99
99
64
51
98
67
87
63
50
89
58
