300
100
43
72
46
2
52
151
17
136
26
38
184
15
62
177
183
79
74
138
102
174
134
188
127
143
37
111
182
37
166
135
97
52
52
109
31
191
183
170
199
92
155
148
157
138
89
9
3
97
92
100
130
171
47
108
67
100
64
144
133
1
172
76
142
7
21
143
188
40
71
88
175
135
131
189
121
33
75
151
121
39
164
57
190
153
149
40
137
26
118
157
124
25
104
170
171
180
11
135
116
28
169
122
88
158
183
170
15
2
85
76
13
112
172
113
31
188
35
147
128
168
192
109
147
71
143
4
136
199
134
6
191
110
119
150
87
114
169
156
9
180
135
89
17
174
157
97
19
26
58
27
73
164
83
42
64
87
165
25
184
180
39
129
195
17
172
192
196
104
8
3
171
13
87
65
39
53
2
130
181
198
108
82
109
164
122
73
97
183
194
20
118
171
10
136
109
138
85
50
91
156
39
65
46
115
62
17
65
22
162
39
77
142
11
193
4
5
178
108
186
193
15
13
27
1
31
127
15
179
188
138
77
155
62
130
166
133
8
60
140
177
52
1
125
34
194
150
49
10
9
81
106
13
42
58
11
61
44
116
145
1
105
184
141
148
132
186
87
54
87
142
132
147
148
157
103
61
121
124
176
128
194
6
168
41
42
163
125
25
171
114
20
36
117
40
153
12
90
41
176
151
