900
90
176
134
144
90
90
130
97
175
139
131
96
113
166
140
133
159
164
127
159
96
134
107
156
175
98
101
163
168
146
94
129
127
110
123
125
91
164
92
94
100
117
106
138
98
97
129
153
114
161
145
156
144
173
176
161
148
140
165
171
140
157
115
96
93
94
124
178
125
170
98
115
95
169
102
100
115
137
131
138
142
129
146
145
117
113
117
174
168
96
129
175
94
96
157
179
109
162
90
122
159
90
111
124
92
168
144
173
164
171
178
139
106
109
135
162
117
135
91
162
102
104
124
160
119
117
96
170
108
92
175
174
151
148
160
163
101
177
122
101
113
114
123
167
151
123
173
95
149
174
92
136
123
173
98
162
113
125
167
138
172
165
142
92
146
160
120
102
149
141
100
124
154
132
163
156
115
134
98
118
103
98
148
175
148
112
163
174
108
123
126
179
120
100
95
165
127
112
127
105
109
144
143
152
90
119
91
93
152
146
158
95
156
114
158
132
152
170
128
158
161
140
110
119
140
124
142
140
165
157
155
131
137
174
95
164
179
175
153
150
176
113
144
136
146
169
127
92
98
129
92
138
144
115
150
166
150
129
101
145
138
104
139
137
93
132
116
178
144
121
144
149
107
90
122
110
107
164
97
149
144
101
104
111
166
175
121
136
158
123
150
117
105
175
144
114
162
93
121
107
167
111
176
166
95
93
176
169
130
140
145
171
129
167
139
106
159
94
124
143
124
146
155
150
178
106
118
132
172
174
165
146
145
101
153
92
134
169
172
167
166
150
143
124
144
165
136
162
108
143
96
161
103
157
95
109
144
156
156
130
96
134
120
96
115
158
134
139
145
152
113
139
101
141
155
93
166
156
123
108
120
142
134
112
103
144
145
165
110
136
133
150
161
141
151
128
114
115
97
151
116
104
168
105
167
161
99
168
142
146
118
148
167
168
124
158
112
168
164
122
171
168
99
104
161
157
129
99
136
146
103
95
132
111
103
168
136
162
93
104
111
118
117
102
91
166
174
156
93
113
96
170
171
138
103
101
127
143
138
146
109
126
144
135
116
112
178
141
95
176
103
148
115
123
123
138
109
147
179
165
178
116
136
157
166
161
174
95
170
130
96
110
107
157
173
168
179
90
117
166
162
124
123
137
128
151
103
142
139
90
153
156
148
92
170
167
177
178
96
111
173
157
91
156
147
170
115
93
102
125
123
124
139
100
170
142
146
143
99
114
141
154
93
144
141
100
166
160
161
96
173
95
133
103
99
153
136
158
129
178
172
93
165
99
95
110
171
142
148
96
162
179
138
100
106
136
177
171
116
166
115
106
117
162
91
121
142
120
154
171
176
102
161
138
156
99
134
169
94
127
112
120
167
151
176
142
160
164
132
90
96
150
132
113
139
173
177
157
153
133
90
147
120
97
91
111
147
112
125
116
148
124
166
139
161
156
133
93
150
118
172
173
163
157
160
96
135
176
98
108
129
139
135
96
128
139
94
177
159
161
154
90
144
131
145
161
121
142
127
91
155
136
119
108
174
127
96
163
156
145
146
100
99
101
152
103
108
101
107
148
124
125
146
109
174
166
98
119
132
177
122
157
122
123
157
117
168
118
141
173
114
114
139
111
160
124
92
163
99
128
153
112
160
107
166
175
112
149
118
94
93
97
179
97
141
112
141
101
178
148
118
95
119
116
161
126
141
169
167
161
129
94
118
170
135
143
158
137
161
152
161
148
164
142
158
156
118
131
166
113
135
141
157
143
111
147
120
99
141
121
158
174
178
109
159
132
107
112
175
125
141
129
148
119
100
100
149
169
121
131
162
107
131
117
152
129
97
154
146
114
96
129
95
150
146
90
95
131
117
120
94
128
175
138
153
163
116
127
170
92
162
109
168
100
107
175
179
160
108
99
145
110
110
172
126
124
158
139
145
165
138
116
102
111
164
157
127
165
102
122
132
149
157
173
158
90
98
104
156
152
131
114
90
123
150
120
123
158
95
132
158
91
152
177
145
109
122
107
127
179
174
159
100
142
101
112
147
107
159
96
112
