350
70
73
43
32
25
50
4
95
12
139
101
87
133
77
18
72
22
61
121
45
18
123
108
112
66
11
63
85
9
91
6
108
10
22
82
67
102
30
43
36
42
81
62
112
65
52
7
51
69
71
115
91
10
74
27
59
14
121
3
1
43
103
77
116
120
15
1
67
60
64
131
49
40
36
57
11
34
59
89
4
111
110
126
61
5
52
40
91
20
18
11
55
104
51
27
27
5
60
103
124
127
4
58
102
33
38
39
103
89
31
36
133
121
31
71
119
37
16
61
119
27
108
8
130
34
96
40
49
106
102
50
94
87
85
103
47
46
55
47
47
33
120
32
89
26
32
38
65
4
49
43
80
35
50
71
139
26
76
27
38
139
104
98
22
60
122
63
86
6
108
22
38
120
133
100
69
90
13
123
84
67
119
64
34
63
91
117
88
50
59
22
100
88
67
85
80
43
125
3
13
55
133
46
17
34
115
35
68
10
67
54
29
6
31
64
70
138
36
109
114
123
77
85
21
136
61
136
54
79
70
10
73
75
59
7
27
7
110
16
35
36
107
139
80
122
23
56
36
85
80
71
97
53
41
82
103
27
96
74
35
139
11
25
25
21
93
47
39
113
90
31
117
43
63
94
107
92
60
43
118
127
54
56
40
112
139
79
95
27
33
124
2
91
52
82
77
139
8
73
90
39
99
43
116
5
24
95
12
24
26
124
118
8
131
130
87
21
44
114
88
40
115
34
33
79
110
81
17
25
33
99
96
123
123
92
99
84
105
40
70
54
15
5
115
104
17
53
126
32
26
132
