900
60
37
52
108
6
39
47
23
53
78
118
15
93
81
32
106
5
41
91
110
15
68
113
71
88
74
106
85
86
9
21
87
53
99
111
109
5
22
9
97
94
1
19
77
97
12
119
108
82
32
1
8
34
115
99
24
38
37
35
35
47
57
50
15
85
47
45
78
72
36
46
13
17
45
7
9
64
49
16
23
77
55
12
18
93
20
107
23
51
20
72
106
13
114
54
109
12
62
16
119
47
72
52
88
45
78
117
63
81
48
42
10
76
56
38
89
50
69
114
86
11
54
26
48
90
66
84
9
2
73
77
7
74
53
49
22
71
20
86
59
22
39
71
52
110
114
21
70
80
86
61
95
77
33
37
109
42
40
21
36
6
73
29
4
72
43
24
15
36
32
60
18
90
44
40
111
35
75
115
9
54
60
48
54
23
53
95
102
46
9
83
107
115
51
53
112
67
46
114
19
85
88
32
3
84
21
76
83
17
24
62
40
88
72
9
72
2
14
45
114
56
116
54
84
4
59
95
13
113
73
70
13
7
92
34
51
104
23
48
11
103
79
50
107
65
93
101
102
64
14
34
39
71
82
82
42
60
32
65
2
18
69
55
46
25
104
67
27
20
113
113
60
111
58
20
66
75
59
24
27
9
31
53
67
69
14
31
102
57
1
43
62
98
99
22
69
104
11
98
117
27
15
75
106
37
28
18
79
77
81
119
85
110
1
55
89
10
77
14
4
51
30
102
20
97
44
24
53
16
37
103
40
87
63
117
39
52
54
84
29
100
11
100
72
80
108
10
5
46
54
46
75
118
38
74
2
18
65
52
117
43
76
15
85
52
5
65
24
17
12
51
2
39
97
11
111
77
70
22
3
99
111
69
73
32
51
10
33
96
105
104
105
55
55
2
76
44
50
101
63
50
8
32
21
1
12
14
102
74
19
10
118
94
33
91
26
88
100
43
51
50
24
60
96
92
6
92
51
45
6
108
12
33
76
14
55
111
67
82
97
45
108
52
68
55
38
59
78
63
118
39
64
72
36
88
37
98
48
19
56
51
90
24
56
86
68
83
21
102
107
56
58
59
42
50
118
96
75
21
81
7
95
40
45
112
108
12
73
60
58
6
38
56
58
9
80
92
93
68
51
88
80
102
75
60
70
20
94
81
77
5
35
91
94
66
103
38
40
48
117
74
65
69
45
100
16
30
37
26
119
102
56
73
76
52
104
20
101
21
60
100
20
105
74
20
93
62
1
47
52
11
22
11
14
75
103
52
45
47
54
39
32
39
44
64
28
81
90
63
107
11
117
2
97
85
2
40
94
89
82
7
2
25
65
8
100
80
55
112
7
57
117
51
32
56
111
31
104
61
119
59
96
72
68
33
34
83
44
16
55
21
36
105
39
68
68
36
85
93
43
64
26
112
94
109
98
48
27
107
50
34
116
17
104
99
60
32
70
86
45
5
69
117
80
87
50
91
50
19
25
63
69
75
34
13
97
41
21
101
60
28
90
2
101
94
52
117
26
97
44
31
49
65
35
73
35
114
65
104
34
93
118
117
12
114
24
2
4
111
67
74
25
101
50
5
96
74
96
41
32
49
56
64
119
87
95
37
116
6
82
88
32
85
66
94
24
43
90
37
15
117
98
97
1
96
27
2
19
76
63
9
66
55
103
113
62
45
85
85
110
22
16
102
58
59
36
9
97
59
30
5
59
18
79
57
67
51
37
57
64
19
1
57
66
36
113
58
86
58
22
24
103
56
10
16
108
31
23
38
41
70
70
29
56
32
35
56
36
110
50
12
59
8
87
9
77
119
119
21
40
93
107
43
110
56
65
64
96
39
110
13
21
49
55
106
6
93
48
99
77
11
66
14
60
88
112
17
52
84
34
26
89
78
106
8
111
75
94
87
65
30
68
27
93
116
29
7
110
114
65
84
28
8
45
86
89
21
91
52
2
89
118
46
112
17
33
72
26
54
82
26
40
61
39
6
86
75
55
2
34
94
95
59
67
114
20
113
78
80
62
83
14
93
78
58
11
60
44
90
70
102
