700
70
52
92
129
8
31
126
70
108
48
94
65
136
32
63
98
112
24
54
37
52
82
127
138
7
82
43
117
32
33
103
60
122
53
29
46
55
78
129
135
61
20
123
12
107
48
115
137
102
101
51
44
65
23
41
66
96
51
21
100
19
95
53
118
52
108
99
85
63
20
93
121
43
12
66
19
94
109
29
101
72
81
109
119
64
90
76
116
138
67
12
113
75
74
95
65
100
48
53
50
28
91
39
12
58
6
75
139
22
40
44
74
27
6
39
101
70
138
55
75
8
113
123
97
1
83
80
28
137
134
32
98
73
58
49
60
32
72
130
23
137
56
116
53
74
84
65
60
87
39
28
53
41
6
91
134
122
107
112
44
123
118
56
28
57
53
58
133
104
139
15
61
18
21
8
45
35
91
20
101
100
30
112
107
33
137
13
1
59
24
137
47
68
46
65
115
4
24
22
90
48
35
116
30
85
91
85
135
133
128
80
130
138
122
120
51
5
62
37
4
70
64
23
111
57
23
123
63
92
27
81
71
87
58
121
67
67
55
1
65
45
69
74
9
63
11
30
135
52
1
105
39
134
24
75
62
79
42
26
106
54
86
65
129
117
132
98
67
28
39
111
110
120
91
52
4
40
69
79
134
39
8
122
64
36
118
21
57
99
117
70
30
116
114
44
118
15
82
73
119
4
135
42
58
137
58
6
135
43
66
63
36
52
113
119
88
27
102
130
1
113
78
127
54
94
100
83
42
36
38
113
107
71
13
84
33
3
31
16
6
21
91
46
135
47
14
8
67
112
117
115
74
114
135
123
91
57
23
12
7
115
21
100
14
23
94
93
64
97
9
136
126
92
91
132
83
25
70
40
34
34
108
118
129
98
38
43
12
80
96
93
16
112
21
93
12
8
35
2
20
97
27
29
30
23
79
59
70
104
29
118
64
8
28
106
31
137
23
84
77
29
116
138
82
82
114
97
122
4
113
35
16
37
21
73
57
66
6
18
21
11
2
28
43
12
105
45
120
18
114
50
47
82
63
100
69
27
80
130
133
96
23
72
53
40
86
27
93
67
71
76
107
136
14
109
84
91
99
71
7
10
92
61
8
21
103
97
115
139
21
25
30
107
48
51
131
10
91
115
84
78
58
4
56
19
38
119
37
23
25
5
108
14
89
33
104
5
93
13
30
124
79
96
113
105
79
49
93
72
106
15
56
40
96
24
22
122
58
93
58
82
14
138
77
123
103
94
89
49
47
121
113
77
33
6
18
43
81
103
112
47
94
96
91
30
82
16
5
104
40
105
78
21
69
70
110
88
37
48
50
100
43
130
69
114
62
39
48
16
31
22
30
78
100
74
28
27
89
103
25
80
116
102
22
107
108
116
120
6
87
124
25
65
11
100
55
38
139
68
50
52
61
21
110
108
81
122
7
5
91
49
64
110
138
73
40
51
25
17
126
87
91
88
138
81
92
111
125
32
41
53
135
32
62
86
121
3
134
17
55
102
116
102
75
42
69
64
114
83
139
114
89
41
88
17
17
4
43
107
117
82
34
111
82
99
89
81
14
134
69
82
71
88
84
46
17
34
70
73
80
55
