400
80
3112
3802
1393
1672
384
2074
3190
315
1524
259
2582
642
2518
272
2269
2535
1914
1022
130
2522
121
1805
3090
3427
2555
2323
2048
3580
3614
1750
3071
248
1041
3483
2026
1124
3435
3475
723
1917
3813
2582
368
2387
1054
1408
3348
1584
34
3250
3499
1217
3777
121
1724
3554
721
45
3235
1778
3553
1445
2047
2394
1892
1861
3045
3932
2617
3548
3057
2109
2908
811
3698
1727
1535
496
999
642
3856
2515
1978
3903
292
831
3202
1619
2139
876
709
738
2281
974
651
2291
672
1392
2133
3068
733
2138
3728
3440
2488
1305
1730
1825
592
871
1598
1332
1024
3620
3925
1053
1570
202
881
14
1115
2093
956
1283
2215
2833
1492
1337
884
1926
3553
1567
1065
1398
3340
2528
2305
18
746
3988
2603
3195
538
3341
79
3988
739
1856
79
26
233
1426
2317
3130
1298
2717
1303
3367
1585
2736
3328
2513
481
2788
174
316
2420
117
1790
3836
2808
2563
12
1696
1893
2813
1875
1057
3995
473
3887
262
1267
501
3382
1783
2102
1498
1565
1152
653
3758
282
1017
3901
3918
2362
3706
2954
3474
2704
3725
727
103
1779
1233
1984
1977
3095
3326
781
1078
2035
2774
1947
876
1604
1146
2865
3794
341
261
2507
3580
203
1058
1372
2115
804
2459
3805
1970
326
897
1113
3925
369
3493
3484
1621
3621
1972
1687
3414
2182
1613
316
425
2817
2685
3453
3840
1591
3554
2896
736
743
1873
2367
2529
3556
3399
1997
628
622
3715
228
174
1207
1989
2842
834
3088
411
1147
4
419
1670
1088
245
2393
2470
1174
1969
3347
2276
1099
2538
442
1773
2481
1310
287
824
876
3716
1777
878
2905
1873
3574
3366
1232
2142
1164
3376
1122
2047
3909
1108
1190
2920
2498
3393
2165
610
3583
1961
1703
3275
2290
1849
1037
379
3570
3472
943
3490
2693
2465
2177
638
3589
1590
2346
59
736
3308
40
2755
220
3539
2560
3608
1798
3742
2038
2736
3773
395
10
1496
3369
949
3314
1805
924
2143
2003
2909
2479
1838
1729
649
2467
378
3508
492
1685
446
2710
895
2446
2632
903
3385
2545
3393
2734
724
1477
2676
3422
2742
1335
1715
3990
3141
2780
3970
2165
3353
1351
132
3745
326
1232
3556
2640
2752
