300
100
34
75
69
62
6
7
81
78
59
29
69
30
48
79
75
18
68
22
11
12
93
80
83
21
76
48
40
62
67
42
39
52
95
29
46
82
72
68
57
84
12
58
4
25
10
94
18
65
19
56
79
73
54
29
12
12
70
89
48
89
53
85
16
90
77
98
47
44
90
85
7
96
26
71
84
13
15
94
54
70
23
12
31
47
20
83
69
91
42
90
70
91
94
10
60
78
71
38
11
10
64
87
10
63
4
48
32
70
16
29
37
47
11
73
43
89
95
49
4
76
52
12
81
37
69
94
36
16
45
36
79
25
92
13
20
55
31
12
66
3
55
94
38
35
79
90
46
78
59
67
6
29
45
5
67
43
70
43
36
34
96
15
82
74
84
53
36
57
69
46
60
18
44
4
53
10
6
74
55
98
75
37
94
9
6
5
48
11
1
41
100
91
89
78
39
95
68
35
35
50
57
70
27
8
15
30
47
21
17
64
88
83
15
9
5
9
90
48
46
75
93
3
58
85
39
33
43
36
32
88
63
64
18
13
45
95
80
89
60
10
67
95
34
36
33
62
19
20
11
27
15
78
74
46
10
29
80
21
84
72
62
92
13
25
23
13
80
37
55
77
86
61
99
22
25
24
35
23
22
97
14
77
77
79
49
94
26
81
54
73
23
31
18
98
30
92
26
16
23
13
