240
80
103
95
105
99
95
96
99
102
100
100
96
104
104
98
103
105
102
101
95
105
104
95
95
100
103
103
104
104
100
96
97
99
98
96
98
105
95
102
104
105
100
102
105
100
104
97
99
101
101
98
100
104
101
103
96
102
103
105
100
95
96
97
102
104
104
105
104
95
98
103
105
96
97
102
100
100
105
100
97
102
102
105
103
96
99
97
102
98
98
97
102
95
103
104
95
103
99
100
96
98
103
101
100
101
98
100
105
96
103
98
99
102
103
102
98
98
105
100
95
98
98
98
95
98
104
98
96
101
102
98
103
103
104
100
98
99
98
96
99
101
102
104
95
99
100
104
95
100
102
105
96
102
99
98
97
105
105
103
97
96
100
104
96
99
95
95
102
99
103
101
99
99
97
97
95
100
101
96
97
98
102
105
100
95
103
101
99
100
96
95
96
99
103
97
97
101
96
98
104
97
98
105
99
97
98
99
103
104
102
101
96
102
105
98
99
96
100
95
95
100
103
105
95
105
99
97
104
103
101
104
98
99
97
105
104
98
97
99
103
95
