300
60
113
119
61
66
96
75
107
80
83
70
93
84
95
111
61
117
72
113
101
92
77
96
111
114
102
104
75
61
95
85
65
119
65
84
96
119
86
116
108
77
60
87
60
90
119
111
85
60
86
67
99
115
88
98
69
111
76
72
66
73
74
80
82
105
76
90
61
75
99
118
83
105
103
116
101
95
64
78
103
97
92
62
60
72
61
67
102
60
83
102
91
83
76
112
76
95
93
117
75
75
105
102
90
65
98
65
80
83
66
75
71
86
100
111
116
83
119
112
91
85
80
94
99
66
111
76
114
80
90
71
94
99
100
85
97
88
111
77
61
90
97
88
97
64
114
84
90
79
100
67
63
112
84
90
101
115
107
60
76
98
98
112
117
88
114
70
104
88
85
93
118
104
101
102
67
111
62
92
90
60
70
84
64
60
68
95
86
103
113
81
112
77
95
115
72
92
77
106
118
69
79
107
87
109
95
112
83
89
100
95
119
89
105
109
112
64
99
88
86
102
89
100
66
60
78
70
108
67
77
65
93
117
105
104
79
96
63
85
114
100
109
66
99
77
95
92
113
106
68
94
88
102
82
105
93
93
116
80
111
114
80
100
72
67
112
83
90
70
109
80
96
109
67
117
90
88
82
84
106
99
116
90
115
74
103
94
77
104
116
115
98
70
93
92
100
101
75
95
95
95
