500
50
1683
2520
3114
1478
215
1238
3355
3372
1201
2996
3327
894
3402
1079
2512
3053
1752
191
3727
3593
801
729
65
1008
3616
4388
1669
3306
1842
1900
1439
981
4669
2097
1850
2574
303
1520
2574
437
1625
4666
1596
4508
1494
229
4548
3348
3800
3238
206
419
264
877
4596
2900
1732
4413
3404
2389
867
1369
2710
1809
385
2032
2395
1195
2035
4002
1849
3086
1597
4024
3315
2975
4554
1213
3305
1545
2100
1771
513
2099
4633
3260
4165
4128
904
1332
2260
370
1219
2558
4404
4395
4954
2596
1163
1747
3650
1586
1762
2903
1244
4235
872
2810
4926
398
2667
2075
412
2433
564
2707
3267
4935
4483
1755
2633
4257
693
1475
317
524
2570
2946
763
1956
4979
2831
4522
2742
633
2656
3092
4091
3429
2653
1390
1657
353
4976
4404
2029
4707
2753
3800
4931
259
4064
1670
4324
2334
238
3642
2605
4935
369
2156
2331
426
2687
3922
3644
4982
4121
1758
4169
2591
1128
4426
388
1062
2403
2231
957
2295
1090
1679
4606
4462
500
4980
3101
2082
3454
1508
2254
354
2318
1120
3275
3166
2108
3006
4340
4475
1243
3546
3
3190
4883
1242
2507
1581
1962
447
3664
3332
400
4869
4998
1026
3472
250
1837
4813
3493
505
4471
1255
2667
3177
3151
4753
1039
3001
3913
3044
2402
4809
3923
4959
1734
3818
211
2970
928
3097
1375
20
971
1541
2947
3766
816
1139
1009
2922
2014
352
4536
4631
308
3921
2962
2655
2231
3677
2123
2760
1538
522
2464
1241
3988
4866
3068
1618
2464
1215
821
2061
475
1075
2982
328
954
201
3514
4523
143
683
4302
3118
727
2784
166
2090
3493
4122
2244
3375
4230
4441
234
2797
309
28
4823
3038
4256
1516
1857
4899
2323
453
3439
1748
3327
3113
617
2592
4539
2203
2524
3704
2502
3783
4562
3520
1546
1116
3520
2133
2002
4143
3424
2220
3615
3795
4195
1648
2501
86
4786
1223
2302
3323
1250
3519
1817
2778
2383
1719
4665
2467
3250
2553
1606
1869
4764
93
3192
1532
423
4583
630
3803
3260
2616
1705
3761
3952
1802
699
475
828
601
1063
3434
4765
1668
4415
4638
1369
1282
2096
2977
4638
592
1090
4228
1457
1443
3212
4674
1821
606
3685
2944
2579
547
3412
2627
2587
3149
2244
4976
1009
4835
4863
4717
1650
773
2028
769
3624
3295
723
2771
1708
560
1749
1682
3427
2863
869
3586
2195
1400
684
910
973
4464
4376
2080
2876
73
4352
2784
2931
2563
2630
3298
2751
4878
4689
4095
4719
3737
3468
277
3581
538
4436
1351
2629
1397
2851
1628
3202
1013
335
2000
2109
1500
1942
2270
2726
1824
2669
3452
1728
1720
899
4938
4380
836
3522
413
1549
2458
3609
1032
2616
1131
399
556
2106
2666
3908
4011
4872
370
2378
2430
3431
1597
1530
845
1972
954
4133
1981
385
3009
775
