200
20
71
76
16
49
89
37
95
96
18
40
49
73
75
64
64
77
22
15
80
3
50
16
100
11
10
46
3
13
36
67
48
82
80
59
4
58
51
52
82
58
69
14
78
4
87
66
16
66
83
59
9
42
100
100
78
49
46
84
23
54
42
49
76
24
84
38
95
18
75
99
67
26
54
11
72
28
25
65
64
70
23
17
31
9
87
62
22
16
77
94
4
94
96
36
23
56
29
26
34
49
66
65
24
33
97
9
1
7
64
39
20
36
19
15
60
6
41
14
54
93
49
8
60
30
99
67
64
6
34
65
82
19
56
66
22
55
69
34
100
58
49
68
55
58
93
67
39
70
28
22
79
32
52
48
80
41
4
67
1
48
33
71
19
11
54
92
96
79
55
27
99
11
8
92
78
41
53
72
70
83
30
83
31
80
62
34
75
65
13
41
47
42
97
55
51
58
53
40
97
25
