750
50
28
90
11
68
6
18
52
94
17
89
36
46
29
72
19
37
57
2
14
1
42
30
19
11
21
53
64
80
75
28
14
57
41
71
73
52
61
17
72
90
15
63
12
72
48
66
96
75
49
73
84
66
45
58
18
57
73
22
45
36
1
95
52
36
28
16
43
74
41
29
30
46
97
84
22
67
52
71
10
39
34
48
94
79
57
42
7
52
18
87
71
68
52
12
90
54
24
5
17
19
52
71
6
92
5
15
14
82
58
51
91
51
39
76
59
47
78
2
51
5
48
35
82
60
79
55
75
68
40
67
90
16
67
82
7
36
45
22
19
89
78
51
67
90
51
31
67
97
11
68
10
56
68
64
1
75
66
41
84
92
80
33
11
37
53
93
45
91
50
70
23
97
63
99
54
93
87
91
42
58
70
50
12
22
55
67
36
24
32
21
56
1
34
74
14
8
10
47
1
35
13
2
29
23
74
10
4
13
74
24
62
14
42
37
97
84
70
21
8
33
1
53
16
9
20
47
83
82
36
70
20
67
43
15
93
3
1
10
85
2
8
76
77
55
66
57
10
59
57
31
66
18
97
50
61
33
18
72
50
98
61
85
89
47
94
9
38
76
3
19
37
99
67
4
29
62
22
53
48
49
53
23
42
41
50
14
1
79
9
13
77
22
89
4
21
13
58
95
77
88
67
40
74
94
4
5
96
65
3
50
62
79
91
30
29
80
67
49
55
62
97
84
54
7
24
83
24
78
15
94
69
11
48
46
39
10
4
96
55
74
39
7
13
16
64
17
91
44
17
62
89
27
63
46
30
33
50
56
92
65
25
59
26
3
98
80
90
58
11
60
86
26
5
41
18
10
47
5
7
40
66
66
8
97
65
67
79
3
46
83
76
35
20
24
84
87
39
1
64
25
19
43
11
79
54
4
41
40
77
32
2
51
18
99
10
32
19
91
76
94
94
29
66
5
69
62
18
41
38
29
17
36
41
48
77
65
51
44
61
92
97
28
24
40
39
17
88
85
62
18
60
47
64
70
51
57
12
60
44
85
56
84
88
39
7
7
16
23
28
94
9
4
45
85
75
70
31
14
7
25
33
56
5
4
40
32
21
36
40
19
57
1
10
77
57
40
74
41
24
85
40
40
64
56
71
32
23
47
76
72
10
55
1
10
4
11
63
19
27
36
32
86
86
20
56
52
49
55
39
73
5
92
27
51
60
57
43
1
52
68
85
55
14
92
36
62
54
50
19
7
96
77
62
38
66
38
65
29
84
69
66
43
36
36
55
94
12
76
93
28
60
1
39
77
64
94
38
98
16
3
42
63
31
5
34
58
93
99
44
80
4
78
18
77
73
54
27
89
55
73
4
36
24
47
8
32
83
70
85
86
15
53
11
27
99
37
66
81
92
13
79
83
37
98
68
19
68
60
64
83
35
42
35
1
21
80
30
52
3
81
58
40
69
77
76
30
90
97
99
95
77
3
22
50
23
14
31
71
28
73
18
56
81
36
15
56
18
18
34
38
59
87
92
8
94
46
97
79
96
85
65
80
42
43
98
23
59
70
23
85
35
56
9
20
3
82
53
63
77
62
31
74
54
95
91
33
13
34
81
56
52
52
80
93
71
78
79
64
10
7
10
84
34
73
72
67
28
3
83
40
18
58
5
98
48
77
74
88
29
70
30
55
74
96
19
24
49
53
71
25
