700
70
76
84
53
74
18
72
25
22
86
65
46
43
97
7
13
5
30
21
42
68
40
28
10
12
45
88
99
86
42
88
90
87
24
80
76
21
80
93
42
21
18
37
47
71
26
95
27
5
84
51
80
5
95
52
47
36
13
55
1
41
19
40
72
98
59
9
47
79
95
87
80
3
91
70
40
36
72
78
77
85
46
35
36
85
33
63
28
58
13
32
24
28
51
30
5
51
98
39
6
48
6
9
17
13
10
82
81
34
94
33
89
66
43
86
97
39
51
5
6
28
92
70
15
57
4
2
72
67
88
86
84
58
18
6
1
24
35
9
74
78
38
47
58
51
59
46
100
4
20
22
16
79
12
6
12
72
19
34
6
29
59
13
98
29
60
85
30
15
44
73
87
68
66
55
27
21
34
82
7
14
13
1
63
77
81
53
35
30
90
100
78
17
41
62
11
53
98
5
54
68
12
3
41
87
30
83
44
63
53
8
2
57
88
82
17
31
36
35
82
49
8
45
5
44
76
41
15
67
16
12
25
14
31
62
72
49
65
81
79
6
53
6
90
79
4
72
5
79
72
84
5
66
49
54
31
78
53
3
50
74
21
72
59
30
20
80
27
78
68
1
63
51
85
60
55
31
82
38
6
4
60
32
57
54
46
43
11
100
57
31
45
55
70
28
46
81
31
66
9
87
11
57
76
84
12
18
7
22
30
3
88
74
84
27
61
27
3
61
7
80
95
26
34
80
14
20
1
7
45
29
65
85
95
64
18
37
55
40
69
99
19
60
7
56
13
48
75
13
95
49
90
48
92
7
15
90
39
12
37
54
17
91
45
55
96
8
36
92
47
16
32
8
62
63
18
12
11
52
11
5
86
52
96
69
84
96
10
4
100
41
92
74
61
53
81
21
82
65
95
87
37
83
25
19
83
9
9
65
17
83
99
57
66
14
67
41
4
58
73
16
44
6
61
75
37
21
50
33
29
10
33
76
67
55
81
71
86
38
83
26
1
99
99
26
85
3
79
90
67
32
55
19
36
87
3
70
30
80
43
84
14
49
27
28
81
2
88
82
7
83
99
10
75
88
23
72
48
73
77
71
63
83
90
32
60
46
55
84
9
80
23
9
40
27
84
35
39
5
19
96
80
9
51
40
82
97
45
60
4
73
31
66
44
13
23
14
58
23
81
97
17
43
47
77
20
59
54
5
20
29
79
74
59
59
74
53
1
93
24
83
68
70
22
52
41
59
77
67
52
64
55
52
44
43
12
65
43
17
88
66
36
12
10
96
20
21
82
41
79
19
88
52
38
29
79
4
19
33
55
80
59
66
61
59
11
83
16
66
71
1
87
45
12
18
98
17
65
50
97
3
75
5
36
45
60
27
60
88
1
81
87
14
100
81
16
35
9
58
66
15
83
13
75
13
3
49
49
17
73
90
89
47
18
69
24
89
35
77
3
44
99
54
69
31
29
27
89
61
23
83
17
2
59
90
93
29
62
98
70
41
18
76
39
9
75
49
35
62
46
58
23
6
11
53
33
13
89
92
47
95
33
100
63
5
81
76
45
96
78
8
10
60
98
99
53
97
60
84
52
22
