141
70
138
133
85
135
109
106
133
91
125
122
136
139
105
97
97
71
76
125
70
91
139
110
73
82
123
126
114
113
114
77
97
82
128
95
104
124
97
92
81
91
107
86
128
98
106
102
125
112
132
83
96
89
81
133
92
93
109
73
130
135
88
107
101
82
104
101
127
109
93
114
117
130
106
111
86
119
130
75
99
139
120
126
79
70
127
121
108
124
118
117
136
72
136
136
129
116
138
131
138
126
92
133
81
113
90
71
136
85
109
77
71
121
104
98
120
132
93
83
92
72
123
118
76
85
105
80
78
113
100
84
101
101
119
88
95
110
70
133
109
126
123
