150
10
202
936
1142
676
1052
916
129
800
1358
896
37
714
330
383
217
442
1031
300
504
783
1133
1299
305
1135
1348
619
296
919
422
1497
580
1350
812
318
287
749
1265
1181
280
808
1317
726
248
821
379
1360
443
1274
991
532
1174
1021
1444
52
685
862
403
153
1105
837
1179
1292
549
599
1495
532
1296
284
1015
35
571
811
28
1266
983
89
1408
1051
300
1211
1196
894
686
642
235
206
301
293
776
1448
1394
1025
301
1456
427
1248
547
1011
485
644
395
145
369
896
890
1269
654
741
1347
1334
1391
586
1001
1326
164
476
279
1463
286
352
650
1136
549
593
40
759
991
1196
976
949
727
558
1271
214
980
1117
811
1466
314
1454
299
981
276
705
329
1256
1144
57
1404
1083
