210
70
82
128
130
96
82
130
98
127
80
101
117
109
132
78
94
91
132
122
116
138
131
72
81
127
104
130
123
79
105
116
74
95
99
135
84
114
94
80
76
111
133
127
121
126
118
74
124
88
87
130
108
132
87
138
131
131
131
86
136
118
109
111
85
77
93
72
85
108
99
95
73
95
136
89
94
80
139
97
91
113
101
84
122
127
139
71
110
134
109
106
73
129
117
89
104
86
115
133
82
83
105
93
122
103
83
91
74
102
101
121
127
83
123
85
131
82
129
77
133
130
83
98
130
114
117
130
139
84
83
76
139
78
101
129
82
70
87
72
94
111
132
71
116
86
126
103
90
79
138
93
125
77
118
109
128
137
101
82
80
122
95
97
93
77
126
102
123
120
117
89
110
107
124
71
135
106
92
76
92
78
98
138
115
105
104
95
119
127
101
119
107
71
80
78
73
98
121
93
121
120
107
97
139
70
72
119
98
86
118
113
