1350
90
135
144
110
124
117
164
121
146
108
114
162
93
170
154
124
176
139
135
133
160
141
164
140
101
102
107
142
114
100
166
106
92
137
127
155
165
169
102
156
157
110
125
163
168
92
166
141
139
146
165
122
105
115
141
150
100
149
114
129
138
160
165
133
165
147
100
94
109
133
94
164
146
168
163
119
134
91
97
153
169
91
169
172
159
134
133
175
126
116
114
154
174
141
147
115
175
108
121
164
148
107
135
145
104
90
120
125
129
111
174
151
117
170
178
93
116
131
107
97
126
136
109
97
179
127
132
101
122
149
90
171
133
108
169
149
94
169
90
166
155
134
96
139
107
165
123
162
93
115
170
131
158
116
114
179
138
169
148
148
136
127
164
176
137
148
147
129
143
100
163
125
158
137
112
174
134
91
156
121
105
143
142
179
167
90
99
122
129
158
115
158
166
112
93
179
160
116
133
122
144
164
136
112
104
175
117
134
169
109
144
100
175
161
124
130
102
170
143
102
145
167
155
94
155
121
90
114
169
106
157
137
140
126
117
124
102
125
119
168
136
179
170
129
144
178
110
141
108
163
129
176
162
174
119
103
142
157
175
154
107
112
138
131
155
116
128
100
129
125
98
177
118
122
152
119
132
118
139
169
110
119
176
102
114
151
140
160
171
172
138
162
130
102
179
93
108
157
111
106
99
116
108
161
152
93
168
146
148
164
90
151
113
128
117
168
94
169
107
163
131
155
130
102
131
146
119
96
112
134
133
164
165
97
151
148
154
173
105
119
103
173
178
97
150
139
134
172
158
125
110
128
165
106
131
155
112
171
177
92
143
112
168
146
163
167
117
122
179
144
169
133
131
104
153
125
95
117
116
98
143
153
123
105
139
173
101
126
130
168
98
169
175
145
139
127
140
135
116
161
175
101
94
132
130
120
119
154
134
98
97
134
90
114
134
150
105
107
147
118
100
133
141
140
103
99
132
101
111
127
118
94
150
167
161
158
123
171
98
143
171
98
152
97
170
169
127
144
178
105
98
159
142
120
157
165
123
128
164
150
102
97
151
146
92
101
138
90
143
92
164
132
179
90
166
121
130
96
162
132
105
122
175
106
142
105
146
108
179
147
92
177
117
146
141
149
106
172
99
93
99
112
124
94
173
94
94
101
174
102
161
131
147
99
110
177
138
165
176
159
160
127
141
137
123
147
179
160
175
126
119
105
111
154
99
164
97
116
157
106
103
174
175
110
96
142
150
167
106
125
154
109
93
121
149
177
107
173
103
164
107
95
154
141
149
176
134
175
106
115
134
142
109
156
158
162
139
123
132
143
175
169
103
104
141
132
126
138
137
158
103
165
125
116
138
173
135
163
99
124
168
177
129
168
174
126
124
162
160
143
171
137
113
120
100
178
148
155
142
170
97
122
109
179
178
172
164
109
115
164
171
144
99
147
170
165
146
140
123
116
111
129
98
107
119
102
159
161
134
117
149
100
145
160
119
99
170
115
134
123
92
115
153
131
150
130
148
137
170
166
155
139
112
98
93
164
105
167
167
164
96
158
144
166
115
145
148
164
167
109
98
131
174
174
132
119
144
174
135
166
113
109
168
176
148
104
165
177
91
117
94
106
157
123
122
145
107
164
137
106
162
161
158
143
146
131
157
114
156
161
144
96
147
154
170
175
121
105
138
172
121
126
156
125
173
119
133
96
142
110
134
101
94
120
161
140
153
131
115
113
132
175
142
163
151
162
116
108
105
159
92
133
114
115
143
108
157
172
149
107
114
91
159
91
104
133
149
122
119
162
104
99
124
138
142
174
136
109
150
172
120
153
93
121
121
119
105
94
125
165
113
134
99
164
143
91
108
155
170
175
111
138
121
139
167
136
106
144
117
125
106
108
124
134
92
157
97
133
139
100
108
179
137
149
160
126
150
105
160
135
136
161
160
176
96
114
179
171
164
159
157
105
106
169
113
106
129
108
127
137
178
177
156
105
143
142
171
159
128
162
131
174
132
154
91
141
120
102
154
168
143
105
128
175
129
118
117
170
159
107
99
155
96
103
150
164
98
93
160
174
108
108
116
163
100
112
146
101
160
118
97
152
128
156
166
167
176
160
107
96
125
92
125
178
94
121
170
135
160
172
98
145
130
145
117
171
179
177
110
112
147
175
96
110
153
100
91
179
136
169
142
158
157
103
131
171
159
166
179
124
145
170
112
157
128
165
126
179
93
91
145
129
150
163
134
107
137
102
101
162
166
179
139
127
109
170
129
101
139
100
119
134
134
130
136
120
100
136
112
145
123
140
124
136
121
129
151
149
137
151
175
136
170
131
168
91
110
145
159
162
121
128
136
153
154
179
98
167
96
137
135
148
119
158
106
116
145
138
168
169
110
119
101
129
106
153
94
156
173
105
155
130
143
169
140
158
141
107
128
100
166
102
156
145
127
150
140
127
178
91
133
113
164
120
153
173
150
93
170
117
166
161
148
158
154
170
100
166
175
150
108
139
169
93
93
168
103
161
108
126
163
154
103
177
142
176
134
115
175
117
169
167
172
176
119
155
96
120
143
111
136
104
97
115
102
136
104
109
172
177
142
153
146
116
173
124
165
172
139
108
178
97
169
136
150
95
92
162
162
127
115
148
134
138
135
154
123
142
164
132
170
173
133
161
119
165
96
127
139
124
124
174
168
119
114
145
108
104
146
108
149
174
139
177
103
100
103
147
121
138
172
97
113
128
169
95
117
123
109
163
151
91
112
120
163
162
156
93
123
165
99
117
118
140
161
135
122
103
141
149
97
156
157
154
147
138
156
97
165
116
153
167
107
170
110
169
172
142
116
114
172
152
104
105
146
146
149
149
106
159
104
106
116
95
113
130
155
106
164
158
111
122
177
176
119
123
140
170
122
147
123
143
105
173
139
105
152
110
160
156
92
163
108
110
99
172
118
149
178
107
100
136
166
154
151
101
104
104
146
110
114
109
118
168
124
153
159
124
172
123
140
121
159
98
124
102
124
110
160
175
151
177
165
159
161
140
116
90
110
103
173
157
175
98
178
158
163
165
144
126
160
