210
70
334
1140
2007
144
830
988
922
69
910
10
1378
1297
1560
101
1440
1142
668
2084
2082
61
1193
1542
1667
1601
1961
1001
108
466
40
890
71
953
934
1669
540
899
558
1914
1760
1551
517
113
1202
196
264
1013
153
527
1018
506
695
221
260
738
506
228
906
1290
1130
619
656
816
1029
1145
835
211
1897
466
1740
1669
9
1589
48
946
429
2091
1076
330
1615
254
1147
914
524
504
854
865
1286
157
2045
1250
1302
685
83
1777
1433
90
1994
2016
953
1249
2078
2011
981
631
1248
907
1044
106
1
1281
1313
1700
1943
1473
1601
731
1042
1262
964
88
1620
187
1665
412
466
815
1756
1948
839
254
1425
922
458
1005
42
583
1652
2050
448
220
606
925
2
644
930
1786
2031
1470
1035
433
1078
760
65
1256
1786
1924
1506
1047
912
607
453
472
1803
1728
1375
931
1198
429
956
891
1767
232
165
213
864
1978
560
2024
210
514
736
334
1903
1025
1785
579
117
1137
1303
424
2042
322
587
1488
1866
1724
1610
2033
1213
1517
1479
1970
207
1150
1768
63
14
1951
1231
381
