400
80
147
98
9
74
90
14
124
9
30
118
104
8
56
70
106
34
65
25
13
133
61
91
34
62
85
81
6
112
121
89
37
104
119
119
59
28
30
26
99
151
60
46
83
158
126
116
1
36
96
100
27
44
16
125
77
2
135
54
97
110
108
123
157
101
119
151
52
136
91
32
69
39
43
137
154
37
99
31
14
69
152
91
45
132
85
105
96
111
7
137
17
133
121
80
157
69
28
88
153
46
16
127
3
134
138
43
14
37
73
121
68
37
20
9
97
136
107
95
77
70
17
159
53
136
22
132
82
96
75
77
5
32
137
96
75
19
76
143
69
73
127
22
152
28
123
69
10
147
75
75
5
109
105
10
128
64
128
37
11
75
134
22
22
84
44
80
72
50
92
41
120
89
89
42
110
156
53
63
93
115
150
8
103
59
43
19
106
97
91
151
121
13
80
81
134
105
31
39
86
107
62
52
70
148
66
4
83
145
79
94
88
130
136
78
111
120
118
67
78
110
64
88
70
128
146
154
41
44
47
10
46
96
20
144
91
22
97
86
74
3
70
148
15
93
45
10
148
104
72
105
67
58
95
110
133
155
17
137
42
108
150
138
138
78
75
151
20
39
43
90
147
97
80
26
89
138
39
33
132
75
130
113
93
148
53
92
145
122
4
130
15
53
133
75
125
65
29
38
17
74
33
71
117
88
121
52
59
149
82
14
40
109
150
150
23
22
131
105
16
137
130
25
52
40
55
143
68
99
150
60
108
54
27
113
84
123
146
7
145
82
95
149
48
84
93
26
61
118
143
104
60
146
62
25
75
23
52
113
14
152
74
146
109
101
154
9
7
141
159
55
136
68
45
81
48
67
10
18
93
75
45
7
111
33
122
153
140
112
100
4
36
107
157
36
95
110
88
62
85
61
