400
80
96
104
96
102
102
96
103
102
97
102
98
96
99
102
101
99
103
102
95
103
97
96
96
97
103
95
95
96
102
105
104
98
99
104
101
97
97
99
105
104
99
99
102
105
105
96
101
105
105
100
98
95
104
102
97
100
99
99
99
102
95
95
96
105
105
96
99
98
101
95
96
98
97
103
96
97
95
104
97
97
104
96
104
101
96
104
98
101
105
102
99
105
95
102
96
98
98
98
103
100
105
95
98
104
96
100
104
100
99
96
99
105
101
104
105
104
100
104
105
95
98
99
100
95
99
103
100
97
99
96
99
96
100
103
103
105
105
95
95
95
104
95
97
99
95
104
97
96
101
104
98
96
96
96
99
104
104
102
99
95
95
99
96
97
99
105
95
95
104
103
101
105
99
96
96
101
104
100
105
98
98
96
98
95
103
100
104
102
103
102
95
96
104
99
102
99
102
95
105
98
100
103
103
100
96
102
96
99
103
101
103
97
102
98
100
96
103
98
97
103
97
95
105
96
95
95
99
103
99
104
103
103
99
99
102
105
97
105
103
105
104
99
101
102
105
99
103
95
100
103
101
95
103
95
104
100
105
100
103
97
99
96
102
103
96
97
103
104
99
102
104
97
104
104
100
99
97
103
99
101
99
96
98
103
102
102
100
99
97
104
100
99
105
102
100
97
96
104
104
102
97
102
104
97
102
100
100
103
97
96
96
97
98
99
99
100
103
98
99
101
101
104
104
95
102
102
100
103
97
95
103
105
102
101
100
105
101
99
96
102
102
95
95
96
97
95
100
101
96
100
103
99
98
97
101
104
97
100
97
104
97
95
98
98
105
100
98
96
96
95
97
95
100
95
95
101
96
104
97
99
96
98
105
100
103
97
100
96
98
100
98
96
96
95
99
105
101
105
99
95
