400
40
76
47
50
69
36
9
65
85
83
40
58
88
49
44
42
55
41
19
86
11
99
97
30
55
47
61
79
33
7
95
31
51
48
55
88
80
8
71
60
60
5
22
16
62
49
4
1
19
67
26
90
96
57
6
44
42
2
59
53
71
9
60
34
5
71
7
9
40
35
17
17
4
70
9
10
69
21
93
26
8
93
96
63
27
78
2
65
51
61
60
32
74
97
60
74
96
37
42
97
25
66
97
13
12
10
89
64
12
37
67
17
64
41
22
96
91
65
66
80
32
62
84
89
53
47
99
37
30
81
72
74
83
20
8
13
27
79
58
89
87
20
9
4
7
27
32
30
81
66
80
67
33
25
51
69
21
72
68
53
38
7
30
85
47
35
15
84
17
3
46
97
54
85
80
52
13
36
14
35
97
45
52
85
50
22
46
100
70
39
90
38
78
22
72
54
68
21
70
36
61
73
100
42
12
42
23
61
11
2
19
65
90
72
87
61
99
26
23
38
27
7
61
27
12
10
26
29
57
19
15
62
56
68
10
58
60
51
20
83
91
55
69
22
18
70
74
71
4
69
12
1
36
11
74
22
86
88
95
17
17
43
20
50
35
52
13
75
30
1
64
97
61
76
9
23
92
83
76
12
94
94
22
34
32
80
85
76
73
41
58
97
13
58
51
30
44
100
93
52
17
50
10
71
52
76
72
4
73
59
70
51
81
65
90
76
97
71
84
52
3
23
22
33
38
22
73
38
58
68
31
87
3
71
31
58
39
10
73
42
25
92
76
68
16
6
81
43
49
78
7
31
79
55
55
46
1
48
97
14
92
40
100
67
65
80
96
86
29
68
86
34
100
79
79
60
29
68
3
66
61
93
71
5
39
63
89
77
26
70
8
71
95
68
51
59
4
61
47
92
29
