240
80
114
130
98
125
157
109
131
111
84
158
137
157
91
84
83
82
124
122
155
92
129
83
148
134
90
157
85
90
98
122
143
103
114
158
138
134
127
101
122
82
157
131
99
156
146
141
109
116
125
98
100
95
87
102
159
80
135
105
141
151
129
141
152
144
108
149
107
137
112
144
157
154
134
145
118
141
121
93
86
81
123
82
99
86
133
143
140
148
101
154
128
159
114
134
153
151
143
132
136
94
81
133
112
117
107
99
148
118
116
106
123
128
113
94
116
137
99
96
127
87
130
131
139
87
85
151
136
86
117
131
122
127
99
124
119
120
137
129
146
132
106
100
87
132
156
90
136
148
138
111
159
86
130
92
137
144
87
123
80
112
155
107
109
150
135
114
157
80
145
109
143
89
153
105
94
90
115
122
121
85
124
117
137
108
111
135
106
152
106
150
96
127
102
88
127
104
87
86
141
148
94
122
132
98
98
102
126
131
159
136
84
81
113
102
103
136
150
119
132
114
114
158
139
105
144
132
126
142
110
127
149
83
116
90
118
111
124
129
84
136
