300
20
61
88
63
77
24
67
14
14
69
50
41
98
38
84
44
96
65
86
56
11
35
13
17
92
22
59
12
92
70
46
51
64
94
52
32
45
99
77
13
92
81
93
94
81
92
84
48
68
33
78
17
52
78
54
52
11
57
47
81
38
18
18
82
38
85
1
90
80
88
31
58
53
31
48
2
81
73
1
9
78
86
43
6
57
37
54
67
36
87
73
62
95
47
80
27
77
6
42
32
19
56
96
16
81
37
98
72
32
10
43
37
77
50
93
38
48
73
85
67
67
38
18
24
83
63
63
96
17
75
35
54
40
31
72
39
10
31
30
89
15
20
21
87
99
42
10
4
15
24
30
6
17
64
58
33
80
21
50
86
37
14
2
92
10
61
19
39
48
22
20
65
8
55
68
71
36
27
18
7
82
33
31
35
45
81
5
85
40
30
88
78
3
43
47
31
79
93
58
27
42
15
8
23
86
100
62
81
65
63
39
11
57
39
88
68
75
13
58
87
79
67
35
85
84
87
3
52
18
92
25
29
78
83
45
4
96
29
48
98
8
10
94
15
57
97
99
28
96
83
29
15
65
7
77
91
18
19
53
35
2
100
27
98
36
98
38
14
31
29
62
81
51
5
72
98
18
78
41
17
33
95
11
68
7
48
88
72
88
14
24
60
18
67
25
3
64
20
91
23
86
