300
30
27
86
11
10
75
35
81
21
62
53
43
74
6
41
84
23
35
15
17
55
53
99
27
14
63
91
15
79
97
85
42
14
10
64
83
26
42
86
98
23
81
40
46
41
25
11
96
12
71
67
21
72
88
74
42
26
52
12
71
11
43
71
39
59
49
72
13
41
85
7
15
8
2
45
71
39
3
15
37
61
90
3
77
53
68
23
92
7
59
44
89
82
85
26
76
47
28
59
7
63
15
86
4
7
33
5
1
49
75
92
96
2
30
5
51
13
8
45
55
23
14
48
87
90
13
58
92
31
9
94
52
10
57
45
86
98
78
25
86
1
17
47
90
74
100
1
52
13
89
35
89
34
31
25
1
69
95
37
81
36
85
90
29
80
74
14
10
43
36
5
86
85
97
44
65
58
30
16
40
6
20
18
4
53
9
18
3
7
90
74
66
54
32
72
9
26
11
87
16
91
37
5
13
72
33
3
76
44
94
100
74
27
24
86
32
9
37
29
17
41
64
97
83
85
52
52
88
12
7
73
98
69
52
5
10
41
86
64
65
96
29
85
80
54
46
72
12
37
35
60
12
69
29
97
84
50
58
20
96
71
97
100
7
96
79
44
6
83
47
65
3
49
38
19
76
28
69
42
86
41
69
46
27
71
37
95
23
63
3
25
38
54
69
48
96
8
100
54
53
86
