240
80
1954
624
2355
876
1205
1771
1839
729
698
1463
1345
710
47
828
2140
1951
1827
936
1948
45
177
334
2001
1293
1320
2189
1210
1303
1938
1891
940
790
1147
1047
655
1314
173
1617
1558
1201
291
1736
1777
1080
922
1550
2319
1709
313
1140
682
2041
1768
908
1231
1776
1060
2264
1938
1381
1318
578
546
2360
1040
2063
1212
1863
2142
1564
697
768
442
832
1175
1640
1559
1974
1129
545
923
1212
1679
755
1074
1907
1956
1886
777
693
1499
1236
1053
690
108
1216
2362
1683
2178
2218
521
855
296
714
263
2216
992
727
2331
901
365
2203
2354
1863
609
405
2283
128
1332
1046
189
904
2009
1512
2290
609
142
1493
1479
1056
762
2216
11
232
258
1904
16
2181
704
738
1322
1537
420
1194
793
387
363
1168
318
2295
373
1349
300
2176
1267
1360
1332
1049
385
2244
1643
2251
113
311
1825
715
931
108
111
1706
633
106
1971
2026
1392
1561
620
195
1257
1109
77
1885
1937
838
32
1562
2140
1597
459
14
754
2245
1858
2223
1565
1818
1565
2286
1681
1793
749
826
194
1973
2225
1432
17
441
1836
369
390
2229
1458
251
1764
151
374
891
1367
412
527
1308
1515
1593
2224
780
215
728
2333
2083
2319
1458
2023
2289
1786
1924
1781
177
360
412
