400
40
65
100
92
28
88
80
12
82
11
50
31
12
3
4
94
35
90
55
51
30
61
13
82
57
14
17
88
31
76
71
24
16
16
16
13
20
68
81
52
92
55
97
84
99
85
42
71
78
88
48
34
77
27
74
80
74
78
73
41
49
91
6
20
61
68
24
47
31
70
30
59
52
84
1
48
80
8
4
9
41
36
33
81
17
57
93
43
29
88
49
50
70
10
7
17
99
67
81
22
44
87
6
37
57
44
5
18
89
37
59
100
4
91
6
3
48
4
15
36
9
2
36
78
93
12
69
87
70
100
4
70
65
21
60
65
15
28
24
17
19
63
53
27
92
54
32
69
4
78
6
98
93
7
21
90
1
12
58
26
10
81
96
68
88
16
95
87
92
36
3
50
8
34
73
93
77
34
19
3
78
3
91
27
49
25
57
24
31
7
75
84
86
32
62
32
53
62
37
71
72
71
84
91
60
37
91
24
95
39
22
18
21
53
27
23
84
45
96
76
31
75
38
21
83
78
91
17
54
49
36
19
57
77
61
27
96
62
60
12
92
32
9
97
40
35
58
21
36
34
58
93
84
52
94
11
5
73
44
35
22
86
7
81
56
58
48
2
41
83
32
59
70
53
59
3
18
76
2
48
22
4
67
48
70
33
47
30
24
22
87
67
31
59
28
65
80
96
63
74
4
68
97
73
53
92
36
67
6
24
98
31
30
62
96
19
25
49
55
98
96
96
63
79
53
99
12
71
55
88
25
37
14
21
72
53
7
60
79
93
99
15
10
65
17
28
75
14
64
40
2
100
23
91
46
68
18
31
1
30
95
13
91
26
79
45
50
57
65
33
23
32
91
48
79
100
46
18
47
41
63
28
50
23
53
98
100
73
93
11
17
32
8
56
33
53
93
62
58
92
87
