180
60
104
101
98
101
104
103
102
102
105
98
95
97
103
101
97
95
97
97
99
100
102
97
103
104
105
101
102
97
101
99
97
98
99
104
98
97
98
97
103
100
96
95
101
104
97
104
97
95
95
103
96
102
104
96
102
104
102
100
99
104
103
96
101
97
101
102
103
99
103
96
99
95
95
100
95
96
105
100
98
103
104
101
104
102
102
102
102
102
103
97
104
102
105
100
104
101
101
99
99
104
102
101
95
96
100
100
97
101
95
103
102
102
101
95
97
98
105
99
97
96
102
104
99
100
98
101
100
95
96
102
102
104
105
102
103
96
97
96
103
95
95
105
99
105
95
102
101
99
101
97
101
99
98
102
101
98
95
98
105
105
103
98
102
98
95
97
97
102
105
101
101
103
95
96
105
105
104
102
100
101
