750
50
56
61
71
75
83
92
66
79
78
72
63
50
63
50
84
79
72
75
79
68
65
69
80
62
81
98
78
94
93
86
66
94
98
83
68
69
75
80
80
75
51
81
64
80
69
91
69
98
87
65
71
81
92
50
64
99
87
95
65
79
86
50
57
53
79
61
76
85
84
53
94
73
83
89
85
82
76
87
87
66
98
92
81
72
72
88
89
82
51
52
69
65
61
87
61
99
98
94
88
73
86
79
71
91
95
52
94
71
87
91
75
86
98
78
66
85
89
92
85
62
97
83
91
75
83
68
50
82
71
66
98
62
95
80
89
81
79
92
80
88
67
99
82
88
53
98
79
82
53
78
92
87
92
96
50
86
70
89
63
94
83
55
92
87
82
89
50
54
58
92
68
60
64
52
90
62
66
60
62
94
99
82
65
60
79
71
99
67
89
89
54
91
83
67
67
72
84
70
90
72
97
57
62
52
52
78
79
85
54
54
54
77
74
62
90
94
64
57
71
73
95
82
93
96
74
72
63
96
98
66
95
58
66
83
50
98
59
53
93
83
84
53
78
66
86
67
87
93
50
77
54
52
93
93
79
97
51
93
93
88
77
83
98
55
78
69
87
62
72
59
77
86
95
53
98
96
76
54
59
99
87
61
72
85
97
59
94
55
53
66
80
99
68
81
98
94
64
92
72
74
69
64
74
53
89
98
73
63
77
71
99
84
66
75
92
84
93
95
83
83
68
73
98
62
91
86
69
88
87
78
56
59
64
95
99
72
62
76
56
77
73
71
58
96
82
86
92
94
85
98
61
83
75
83
91
96
97
69
65
81
99
55
54
83
90
68
62
95
80
87
97
86
69
63
60
58
83
75
79
91
95
50
60
67
76
86
64
78
97
52
85
94
80
82
77
79
53
59
61
95
91
75
85
65
89
97
95
95
82
93
78
50
98
67
64
74
99
52
61
54
66
82
59
87
80
79
60
58
90
57
81
83
58
74
91
65
88
79
52
58
78
51
84
78
56
77
99
51
79
73
58
58
64
59
74
98
62
94
96
93
78
69
80
69
69
78
90
85
97
95
52
61
90
97
53
77
50
50
92
87
68
68
72
92
90
79
63
89
75
68
71
53
58
78
82
97
83
67
99
89
89
88
50
52
61
54
55
68
56
76
66
64
81
82
71
51
78
91
60
92
72
92
60
64
62
83
80
62
88
90
73
85
78
93
89
94
74
75
60
80
87
59
57
85
86
93
99
62
70
52
88
58
86
69
82
72
53
73
85
95
66
76
64
64
50
68
89
91
81
55
50
54
66
97
78
66
80
76
85
94
91
64
93
74
65
99
93
64
95
77
69
67
71
51
67
85
93
54
56
62
71
64
75
59
56
63
61
94
65
90
56
61
70
74
92
89
91
61
91
73
72
72
53
53
80
81
55
74
76
68
65
55
78
97
60
91
99
71
82
85
58
99
52
67
90
99
55
74
54
75
76
54
61
78
71
64
77
77
60
81
71
56
78
79
54
84
70
83
78
66
73
84
92
73
69
71
91
74
75
58
57
96
68
68
63
53
67
54
77
80
58
98
68
50
51
58
76
57
51
54
54
68
97
53
97
68
95
96
60
74
64
66
71
95
72
57
83
98
53
94
84
68
60
61
67
61
83
88
93
73
81
85
99
88
80
61
76
74
55
92
96
58
76
61
95
89
71
88
70
69
