240
80
20
82
70
88
24
90
88
45
60
98
35
22
76
69
80
40
34
55
69
24
66
7
46
81
70
1
63
53
53
85
11
23
28
44
9
32
73
62
67
74
72
87
88
8
37
49
40
53
66
100
57
15
69
91
99
95
46
1
51
68
93
63
20
89
81
42
43
70
11
78
54
53
14
78
99
3
98
2
20
27
66
23
98
6
12
85
14
92
62
3
46
12
40
99
98
97
44
53
37
2
17
23
69
35
82
77
51
97
44
90
54
3
31
90
61
28
42
20
82
91
91
52
21
35
5
15
38
61
16
43
16
74
13
90
1
84
84
6
6
25
41
91
3
65
27
47
85
17
33
36
70
78
12
71
89
76
49
62
80
5
27
5
77
95
7
31
66
20
3
91
56
37
65
52
45
76
25
28
30
10
100
14
33
80
8
10
17
61
21
90
28
62
70
78
95
32
15
97
69
73
28
46
44
76
50
54
63
15
37
22
14
28
56
83
69
95
10
92
100
89
76
97
15
12
58
21
36
23
71
95
76
83
31
45
82
53
74
62
31
37
