700
70
118
112
122
78
99
97
93
116
135
78
86
105
104
136
131
139
115
119
132
80
123
82
136
88
95
106
82
122
129
105
128
76
92
86
92
119
116
74
102
76
139
97
135
128
130
136
135
138
85
129
134
70
90
117
138
134
124
114
120
117
109
126
106
74
81
123
112
78
139
94
92
138
74
78
121
89
77
107
91
117
111
78
129
71
91
111
112
104
76
96
138
86
85
77
77
73
92
96
96
86
90
107
113
114
107
98
119
108
79
133
108
128
74
82
76
117
100
102
91
131
94
132
127
111
95
106
105
74
83
91
89
83
112
139
77
134
77
103
101
95
95
117
129
128
104
135
110
70
110
138
85
76
139
139
81
80
82
70
117
131
139
112
78
136
88
129
80
130
89
109
71
134
122
74
101
104
136
85
117
134
126
79
100
83
91
81
138
77
103
108
108
128
119
128
85
107
86
135
128
124
81
83
117
113
78
131
77
114
133
118
115
122
127
127
84
77
121
124
101
97
88
108
120
112
109
74
100
127
114
122
119
133
136
98
112
78
100
130
132
89
110
137
119
92
92
130
121
115
88
80
138
85
78
116
92
81
99
86
108
128
71
108
93
124
78
124
116
120
119
132
89
117
135
97
86
103
99
104
108
77
124
113
97
110
121
92
95
71
122
133
113
103
77
126
102
126
88
88
116
86
115
81
89
88
96
84
124
128
122
78
83
91
98
98
124
98
117
129
137
132
121
75
112
121
115
83
110
114
79
131
89
124
134
95
86
80
70
104
95
113
116
103
117
103
131
106
123
110
110
125
73
94
116
83
79
74
106
119
82
112
123
101
71
134
113
91
115
124
72
114
75
82
115
91
75
98
129
88
82
100
124
71
128
104
120
80
107
100
110
83
100
100
75
121
109
72
82
139
97
115
90
99
98
120
101
100
120
74
117
116
128
122
89
105
96
98
86
76
104
72
97
80
115
95
76
136
135
100
102
92
131
134
73
84
106
112
116
121
114
83
72
98
111
114
84
99
70
79
72
74
82
93
95
101
85
74
74
107
109
84
139
103
82
131
130
81
87
102
118
134
88
118
75
133
77
110
101
119
82
93
98
72
86
123
100
132
138
75
104
78
129
98
114
72
138
101
138
98
104
93
75
124
125
70
134
132
70
132
71
75
88
127
123
97
82
121
113
88
90
93
73
128
107
79
82
95
89
100
117
112
85
82
136
135
78
88
120
77
70
126
83
72
95
137
116
99
122
81
126
119
90
86
91
137
138
134
134
80
117
139
108
87
82
129
128
120
130
97
129
121
79
95
116
137
117
116
124
94
109
93
80
139
134
129
94
70
78
96
134
73
77
107
133
111
120
133
120
99
98
72
123
98
103
132
98
95
134
122
108
74
93
115
81
134
113
122
71
134
137
97
127
95
138
71
130
72
131
132
104
139
127
110
117
95
131
90
105
89
106
91
113
100
117
96
95
90
116
76
101
132
111
84
111
98
111
135
90
89
90
76
94
75
134
139
127
79
88
121
116
102
117
136
111
121
82
94
131
81
118
130
79
123
108
108
105
125
109
92
96
123
122
129
123
109
122
103
130
103
122
112
