600
60
80
107
55
48
2
20
1
49
54
72
88
118
58
10
100
103
89
19
64
109
80
64
68
37
116
61
56
76
48
99
24
98
108
45
76
109
34
73
57
36
15
1
52
84
36
46
79
30
104
76
96
32
82
95
37
44
109
17
76
60
52
68
81
2
42
107
62
14
73
20
13
43
6
105
17
107
22
114
107
33
102
90
96
98
53
93
102
10
108
119
43
11
38
100
51
12
81
32
35
1
6
10
85
19
10
83
23
47
79
91
64
53
104
114
37
93
11
91
41
116
17
12
106
55
3
67
88
29
83
86
88
97
116
31
69
19
104
70
88
70
110
97
27
76
9
108
88
73
74
18
99
70
4
4
89
113
97
100
118
84
6
67
96
27
20
42
82
64
70
11
67
47
63
83
8
31
76
30
114
83
20
62
17
62
100
10
37
21
63
114
42
116
49
57
104
45
67
25
105
55
13
50
40
64
81
59
76
2
36
65
84
112
90
17
93
78
57
65
72
6
76
12
60
41
82
105
22
115
16
103
1
8
25
86
48
110
79
55
118
83
80
63
102
99
31
13
113
112
109
99
73
29
101
82
29
29
98
32
65
58
60
22
102
24
33
4
45
60
34
100
96
60
109
87
80
74
109
79
118
90
54
117
91
101
27
33
110
3
2
49
38
116
16
36
3
27
113
45
109
101
47
11
66
27
41
73
22
58
68
60
75
96
43
72
96
35
115
45
9
92
44
89
76
110
42
97
81
58
94
6
114
112
40
100
45
86
19
65
81
24
33
28
115
59
1
44
99
85
4
30
105
84
45
17
61
72
19
112
61
75
51
67
119
71
117
86
24
46
82
108
80
27
95
38
25
76
51
1
50
104
55
107
95
24
106
96
97
30
95
102
94
20
94
116
75
62
117
93
1
37
104
102
14
35
38
8
1
98
66
56
28
6
89
24
95
119
94
13
47
56
104
74
98
107
101
66
15
73
1
74
13
87
89
54
23
61
26
72
119
56
112
86
50
35
86
55
26
16
75
118
114
90
62
31
52
119
49
8
15
25
34
52
22
51
119
50
112
27
76
57
51
50
10
96
75
80
62
12
41
41
80
1
61
112
67
42
59
62
86
109
85
116
90
64
117
55
109
35
26
97
87
1
19
59
13
96
16
94
86
54
28
64
40
113
71
12
40
70
42
57
65
117
48
24
41
18
33
28
42
9
82
84
113
110
58
78
53
52
49
3
76
21
106
15
13
11
75
77
117
61
97
63
30
72
100
7
47
93
61
85
40
108
40
22
64
64
110
59
46
33
104
105
43
92
107
29
108
48
102
116
59
67
79
27
69
59
108
59
19
12
6
58
48
4
5
43
38
26
115
104
