161
80
144
96
136
151
134
112
146
127
97
94
159
131
103
143
129
132
102
103
103
115
136
133
117
152
156
131
124
125
157
108
98
124
141
120
94
107
153
155
83
130
95
85
139
153
151
126
152
137
85
116
108
136
100
101
132
110
101
153
137
148
104
97
91
112
87
105
159
157
133
148
87
149
101
89
114
137
132
134
119
105
154
110
140
138
147
159
124
113
89
145
143
84
118
121
121
121
128
155
128
114
108
147
158
139
143
134
115
86
93
126
135
85
89
113
124
108
136
147
116
86
126
89
129
136
155
146
99
86
108
134
154
89
99
130
147
94
137
86
152
87
158
124
132
80
100
118
134
105
102
95
119
144
154
87
157
117
125
93
147
99
105
