300
100
199
135
101
133
168
146
103
155
175
184
136
197
137
117
150
141
149
163
130
132
191
152
127
193
178
103
180
112
113
101
113
136
110
193
136
143
160
149
185
125
155
153
146
195
167
144
135
144
178
185
125
175
166
103
197
111
108
198
170
140
138
172
173
163
189
199
181
157
193
115
178
110
145
150
184
180
111
107
169
184
120
127
184
190
111
154
154
123
120
119
102
172
142
125
184
134
152
151
198
135
143
189
192
123
199
108
171
116
110
119
195
168
184
101
106
163
140
195
158
156
170
125
176
116
169
158
170
167
160
187
139
143
145
126
140
191
140
185
135
127
179
128
151
124
136
194
136
161
113
167
145
175
135
109
199
191
139
157
120
174
110
107
118
166
104
109
119
127
185
171
166
108
183
119
145
165
190
154
108
100
193
108
191
167
155
195
154
130
187
105
120
100
189
121
149
138
166
196
147
100
165
135
138
185
158
172
141
130
154
189
169
191
131
197
144
176
142
198
153
184
116
120
123
183
121
126
129
186
196
151
110
170
193
140
138
128
198
153
140
112
140
114
182
145
159
130
189
129
123
116
157
183
156
135
159
102
115
184
196
167
186
151
169
188
168
134
196
176
109
196
135
199
138
133
192
141
138
104
125
142
118
150
126
175
194
160
188
160
183
181
162
188
135
156
111
122
114
127
165
165
