1500
100
81
132
188
41
53
55
37
88
125
186
7
192
120
27
40
131
35
86
147
45
93
48
13
148
116
63
11
154
93
117
7
99
121
98
145
4
193
64
19
27
49
134
122
9
80
67
81
115
34
110
82
166
197
98
175
13
177
68
178
126
84
132
178
112
190
139
158
35
20
161
52
90
116
6
102
114
53
53
131
165
19
141
82
180
4
105
155
115
143
69
188
162
77
165
165
19
149
24
153
91
40
102
36
110
56
15
84
68
110
65
127
112
165
126
31
81
111
8
68
157
154
80
150
161
181
34
58
24
15
195
117
174
121
177
126
71
30
138
36
80
117
186
160
124
3
123
160
118
160
164
131
68
130
199
69
78
107
12
172
168
165
116
42
122
65
180
77
5
80
109
51
194
55
196
9
160
76
152
170
116
114
150
184
162
114
151
85
178
168
121
1
127
117
65
17
187
197
188
169
141
91
101
30
174
85
51
52
77
23
97
34
82
50
2
177
188
163
188
184
13
33
150
129
61
4
63
123
196
82
165
61
42
6
160
87
148
81
134
151
18
163
147
176
100
188
148
76
157
24
145
54
29
23
131
143
122
191
185
140
102
150
185
80
21
23
39
27
124
95
34
42
129
166
75
151
18
19
16
35
4
140
106
127
123
131
100
102
183
54
140
194
138
110
136
135
65
174
59
92
30
144
55
102
11
106
25
142
134
71
127
82
90
118
52
162
26
77
112
51
55
51
179
117
148
115
111
196
123
86
133
156
37
140
49
49
78
121
92
28
63
197
97
83
87
170
124
181
17
111
53
118
199
73
163
140
160
78
21
163
91
80
60
168
1
29
160
147
149
35
192
67
54
70
14
97
196
86
47
58
13
182
42
147
72
194
54
102
167
113
19
14
115
196
7
2
3
164
56
120
9
99
62
185
62
97
118
79
43
101
141
44
141
42
182
152
88
89
44
56
119
40
141
105
90
177
7
57
118
60
172
134
107
98
151
80
54
4
84
51
61
10
46
38
197
96
44
101
66
124
175
191
42
35
197
96
88
87
115
120
69
179
139
146
83
181
73
84
131
173
40
198
187
26
166
71
16
16
36
186
23
59
167
30
138
166
92
158
160
167
183
67
96
43
139
156
12
53
192
31
72
1
33
129
63
84
48
24
3
140
146
163
34
139
139
16
27
129
75
79
87
14
70
118
29
25
127
11
48
73
150
159
189
8
66
2
107
77
23
176
160
151
175
59
175
18
116
71
169
36
90
125
173
37
179
47
96
50
69
13
90
88
118
77
170
93
190
191
112
67
4
90
103
28
5
79
108
41
114
103
156
199
36
161
1
164
156
170
193
114
19
132
184
152
114
119
40
194
7
54
132
59
19
181
102
23
199
3
59
184
95
149
3
177
98
145
69
20
69
149
173
47
156
158
166
19
13
61
58
37
165
148
43
4
193
55
161
136
3
195
142
124
149
152
149
19
157
187
28
76
6
77
19
50
7
111
195
132
75
72
188
157
181
103
38
46
85
133
163
62
142
48
104
37
140
168
132
134
93
82
96
112
165
60
5
170
185
122
32
150
8
161
109
11
98
183
12
130
170
55
199
181
45
32
12
139
193
166
95
195
177
154
116
51
42
74
114
17
154
98
195
90
183
126
99
100
113
153
191
43
42
196
193
190
90
126
97
163
184
24
141
67
182
104
36
174
198
172
38
114
50
89
172
99
7
109
120
188
139
173
76
61
146
59
142
31
165
188
171
67
98
183
52
195
135
28
190
164
103
5
50
135
128
179
82
158
192
16
112
194
104
103
64
137
105
42
176
146
20
198
159
32
81
72
130
90
10
3
26
199
5
18
61
196
43
189
26
83
125
90
184
185
22
85
82
144
177
162
159
121
98
30
184
49
137
130
61
4
168
5
142
173
36
2
46
3
123
116
39
147
166
36
54
192
51
170
196
38
41
72
62
161
73
157
90
127
51
25
70
85
157
73
162
146
130
110
130
21
134
170
144
81
21
64
46
3
113
66
91
66
182
79
153
22
117
160
63
143
87
93
191
3
107
93
143
29
5
140
70
172
17
50
171
191
20
28
190
32
53
30
102
79
51
94
145
178
6
175
180
91
82
11
168
152
99
49
159
174
80
164
30
111
17
104
82
187
198
36
163
128
73
169
129
61
126
55
14
114
144
80
14
64
37
49
167
176
14
63
118
165
22
122
130
63
55
27
89
197
171
90
180
87
1
120
121
94
118
149
166
83
11
7
171
103
29
51
25
17
89
6
192
90
187
112
47
181
101
130
74
18
99
151
191
177
5
96
109
23
81
93
176
7
196
137
39
4
185
113
14
68
164
162
192
12
94
24
69
35
89
119
62
107
45
26
171
72
16
135
133
9
189
82
8
71
115
90
39
192
47
101
58
35
169
122
195
108
102
100
190
123
164
185
71
168
170
62
163
85
76
36
130
87
13
149
130
156
182
43
166
26
196
29
95
83
52
150
103
186
146
99
149
18
145
117
8
70
148
171
138
56
195
79
6
66
88
141
178
121
132
116
113
3
1
123
102
185
153
3
62
194
27
15
143
35
134
47
13
164
14
10
59
12
127
54
36
62
149
166
18
198
72
184
2
187
93
187
10
149
112
92
181
135
53
155
164
96
151
164
53
46
194
106
109
38
148
90
124
114
127
98
114
41
138
7
132
15
151
111
94
74
130
93
133
115
80
37
77
46
95
77
82
133
143
61
99
157
193
181
192
37
99
149
186
87
65
145
5
94
146
133
84
137
95
11
71
198
183
188
11
91
191
108
42
19
19
110
12
171
5
50
146
161
70
66
2
169
157
33
187
16
114
193
117
171
42
147
145
122
172
104
125
159
193
125
57
49
51
34
95
2
135
146
150
163
5
138
93
180
125
58
47
145
124
182
59
198
149
133
141
138
179
34
115
119
55
62
138
127
95
74
145
20
20
143
10
80
115
187
21
119
177
108
128
88
96
142
185
127
158
148
26
185
54
195
34
126
78
90
80
147
43
63
28
116
81
45
87
37
94
193
19
6
98
124
182
98
61
180
80
178
134
114
79
188
126
62
192
185
39
41
30
20
120
95
172
113
11
137
180
63
189
112
1
123
43
176
32
87
95
34
185
167
148
123
188
132
59
159
94
84
63
165
85
122
26
40
150
151
89
49
197
67
20
196
74
137
105
155
61
37
198
53
42
140
40
176
171
84
94
56
105
27
90
65
20
143
30
191
87
187
122
34
198
58
98
14
122
146
194
38
139
168
115
29
117
156
181
98
37
92
58
74
64
17
37
122
166
194
68
75
5
23
42
188
148
70
31
128
186
169
105
72
99
154
180
155
60
158
85
15
138
15
4
130
159
66
170
56
194
29
138
136
116
5
57
21
158
125
16
58
150
