1500
100
168
159
192
72
24
22
183
136
60
24
139
183
23
26
127
192
7
108
2
131
92
157
17
32
162
104
196
78
14
73
135
85
40
135
89
123
160
31
178
155
89
82
80
54
123
148
50
173
158
160
95
39
66
11
75
184
17
122
159
153
90
94
183
167
26
68
180
165
60
121
194
40
15
158
106
180
57
138
144
150
152
124
129
195
157
119
123
15
168
172
151
105
106
68
129
171
165
118
88
129
185
125
151
137
145
181
141
37
107
68
15
124
188
131
28
188
72
146
32
17
196
10
107
27
50
169
4
51
59
196
151
137
90
115
82
164
91
193
156
53
192
96
116
195
113
14
14
52
166
145
11
8
18
192
37
108
186
4
100
124
44
173
172
177
6
151
23
171
132
162
151
158
129
27
182
147
106
69
162
152
98
24
90
109
156
113
110
21
26
132
125
129
23
44
167
11
80
65
178
48
112
62
44
63
137
77
178
169
106
105
89
90
130
69
114
53
108
78
143
31
47
108
89
102
142
72
117
57
20
58
191
41
194
35
97
157
70
86
188
94
196
11
61
111
102
162
192
144
87
57
193
131
88
132
143
153
116
70
4
94
160
109
167
5
28
149
121
193
184
178
56
47
48
121
121
99
65
102
179
120
35
39
190
196
170
116
72
128
110
88
73
45
198
51
93
57
17
179
117
137
189
141
123
25
61
12
80
61
69
185
49
36
145
12
187
111
4
37
149
13
17
160
186
93
69
184
137
199
188
43
64
128
181
2
32
197
190
131
198
194
168
82
180
102
18
92
67
158
15
142
64
34
11
26
55
59
110
113
193
117
33
143
127
96
40
64
12
143
148
135
87
118
81
69
9
171
184
57
82
154
115
48
177
102
156
198
118
177
24
111
76
145
117
186
14
116
70
71
164
156
106
128
4
41
17
19
197
6
106
148
101
185
150
77
184
169
76
15
142
38
53
16
170
100
51
153
34
15
100
67
104
125
79
188
58
131
65
15
164
50
72
107
7
86
95
173
33
180
114
35
70
77
113
35
177
50
128
4
106
102
106
179
175
31
71
10
160
90
120
81
120
93
196
3
130
140
114
100
172
143
55
165
78
118
129
189
122
31
185
59
63
149
124
52
92
173
72
38
182
130
109
52
78
44
69
37
110
181
158
111
74
134
43
180
104
96
170
80
1
114
38
52
105
140
35
123
113
80
128
98
111
148
131
171
146
195
141
195
120
66
186
134
171
59
187
190
181
158
124
29
40
184
150
65
52
135
69
52
177
52
11
179
32
167
186
192
19
28
82
158
199
82
125
83
120
50
14
120
194
196
80
103
186
96
74
193
44
162
136
8
190
113
111
41
41
67
128
48
44
61
111
21
41
86
92
31
79
102
108
92
120
71
105
166
27
118
1
142
130
131
65
29
84
171
21
6
57
101
56
18
195
107
99
94
160
35
41
8
195
99
120
85
96
126
153
9
186
3
134
191
197
76
196
57
5
7
170
35
156
180
63
84
118
7
118
199
112
12
188
30
150
199
21
36
32
180
34
23
3
93
78
46
198
45
16
47
25
7
197
32
36
75
16
18
196
59
150
70
139
51
110
3
77
124
199
33
1
33
25
108
132
48
136
161
143
89
190
152
2
133
68
66
21
74
20
77
107
152
18
15
118
100
166
1
82
130
122
25
95
95
78
84
29
138
70
13
59
165
178
15
136
155
110
27
52
44
164
149
52
66
158
53
39
185
59
7
113
131
145
19
147
1
158
80
41
110
63
14
112
21
36
114
97
169
36
146
193
10
117
67
57
190
94
65
97
71
157
12
25
56
24
34
70
149
191
20
61
32
187
15
148
163
117
89
123
129
97
87
46
148
161
101
53
59
162
149
47
116
103
41
132
191
160
22
55
33
95
6
82
181
120
5
51
10
131
75
17
52
101
131
138
148
172
135
60
66
77
117
101
164
173
175
3
8
184
100
114
75
81
46
89
60
87
40
12
197
155
93
129
152
133
41
162
156
180
129
24
42
69
129
18
94
48
108
100
65
1
137
44
78
180
141
19
5
10
85
42
139
192
119
121
125
13
71
181
135
130
74
139
45
172
169
166
179
37
135
109
63
33
85
134
92
175
5
77
83
149
172
19
120
60
91
195
5
8
199
90
117
21
114
109
174
61
137
46
142
181
29
115
106
14
184
63
5
18
18
189
146
162
6
123
35
31
101
130
168
134
97
107
55
3
139
1
46
192
132
46
146
68
36
174
69
146
83
90
109
156
30
90
109
189
39
9
30
150
119
69
32
191
129
163
157
60
57
55
25
99
83
154
45
131
108
146
158
49
43
118
173
40
32
64
45
136
61
139
20
18
6
45
78
13
165
137
62
76
145
175
142
174
52
122
86
172
36
90
47
137
24
133
26
146
74
28
3
142
157
178
197
120
54
77
111
97
155
37
45
135
11
153
142
189
40
20
122
42
184
153
103
81
130
48
16
32
175
49
47
162
158
21
94
60
95
117
151
41
156
181
97
47
73
153
95
141
161
95
174
154
16
152
130
9
160
119
143
108
160
101
176
59
64
41
174
43
113
96
123
184
27
34
134
95
153
128
27
11
196
192
44
22
119
196
180
95
88
119
144
165
162
148
26
59
52
128
136
158
121
72
130
80
4
141
34
192
170
133
177
75
67
28
140
106
165
19
99
23
100
175
78
21
187
139
65
171
82
166
50
29
150
172
192
87
141
33
61
97
15
6
169
104
11
40
147
134
18
54
121
71
170
178
66
161
140
123
46
50
79
4
75
23
164
61
132
153
44
47
32
27
144
160
129
165
157
26
190
163
195
137
140
89
183
192
10
90
182
174
180
134
47
65
101
89
104
107
81
106
148
51
89
91
84
5
159
59
25
5
64
116
185
179
187
179
68
59
131
152
115
67
9
195
188
20
51
113
151
31
146
30
9
115
121
28
63
27
83
179
187
74
110
117
12
15
122
90
187
162
176
136
146
27
116
197
52
26
154
144
100
172
71
151
192
61
8
70
17
163
53
118
88
172
92
24
51
132
100
99
157
132
136
2
101
196
27
152
196
111
27
169
119
148
92
54
16
50
1
139
173
141
138
18
93
48
68
149
142
128
102
193
79
43
56
10
180
69
66
133
47
96
138
91
94
21
128
166
195
58
79
187
175
83
104
60
146
79
52
99
27
139
111
66
167
110
120
125
185
145
16
119
46
54
21
19
40
142
139
161
71
195
72
146
184
148
32
20
6
173
165
194
75
30
84
68
90
87
170
17
179
101
160
136
40
16
146
14
97
185
126
95
21
187
140
19
132
79
37
7
50
80
28
27
159
172
28
191
66
52
90
176
198
167
70
195
119
124
66
123
135
152
90
51
162
167
194
43
63
108
58
145
76
13
132
