240
80
96
99
101
100
104
96
97
100
102
100
97
103
101
100
103
96
102
98
95
99
97
101
95
104
97
100
95
101
97
96
104
98
103
103
103
100
104
100
98
104
105
97
103
95
103
103
105
102
96
97
103
100
100
104
95
104
101
96
105
98
98
97
101
95
95
104
102
95
102
99
105
96
103
97
105
102
101
99
95
105
100
97
98
96
103
100
95
102
102
100
98
100
101
98
102
98
96
100
95
101
95
102
98
104
103
105
97
99
96
95
100
98
97
100
100
100
99
100
102
96
98
101
99
98
97
101
98
97
99
105
99
100
105
104
103
96
99
100
104
97
96
99
95
99
98
103
97
99
104
97
101
104
105
100
103
105
105
102
101
98
102
103
96
98
104
104
96
95
98
102
99
104
105
98
97
101
101
103
98
101
102
98
95
96
99
103
103
95
96
102
98
104
96
103
104
96
96
99
102
102
99
104
97
102
95
103
98
102
95
95
105
97
102
103
105
95
100
102
105
95
101
103
95
98
96
101
99
105
98
100
99
103
105
98
98
104
105
102
97
100
