201
100
97
103
98
105
95
99
103
100
103
101
104
99
96
98
97
102
95
98
96
95
99
104
98
103
100
97
102
103
98
102
97
101
104
99
99
103
103
100
102
102
104
95
101
97
95
95
102
101
96
95
102
105
98
105
104
105
102
97
105
101
97
105
102
96
96
98
105
95
97
95
100
105
101
101
99
100
105
102
101
98
99
103
95
97
95
98
102
104
99
95
95
100
96
103
100
104
96
97
97
99
98
102
100
96
98
95
97
102
96
97
98
102
102
101
101
104
105
105
96
96
98
105
99
101
103
101
104
105
101
100
103
96
100
100
103
99
98
102
102
98
104
100
96
105
96
101
104
96
102
103
100
98
104
96
97
99
103
100
98
103
98
100
104
103
95
103
98
104
100
103
105
100
100
97
97
105
97
105
99
102
97
96
100
100
97
100
105
98
103
99
99
100
105
97
105
104
98
100
102
102
98
