900
60
8958
1716
7667
5132
4400
4921
7039
1558
3153
4361
8173
7658
2047
7071
4631
2364
5742
4913
7081
5011
7739
3614
2197
1861
3414
7424
443
2416
3900
2985
6001
2399
2661
5385
7022
4439
2744
2456
2168
878
3724
1298
6987
8588
1766
2919
5371
7421
6035
7333
5666
476
5001
3009
6075
994
6842
3768
6766
5720
731
3617
4713
5009
8532
6852
1761
3107
6456
106
1102
5274
4041
212
3583
1691
460
2770
8806
7686
7728
8183
2636
2054
3452
7821
940
8703
3811
8283
2507
4316
8536
7025
2913
5679
5269
6062
7971
3041
7444
5046
1108
2034
1988
6279
7321
2061
5866
7712
5159
3609
1572
7216
1973
7336
163
1678
4923
2120
2667
8576
4736
6520
416
7029
1349
5016
5504
2179
3533
5031
5250
5102
3839
1743
7906
3896
4463
4476
839
1876
6618
6514
1227
5010
7141
1420
8639
5969
3912
6724
4483
944
1415
787
6281
7910
7989
146
4298
2856
4096
5479
1617
7424
6430
2592
914
1651
2382
4149
1356
8144
816
5761
1910
5910
8697
1965
6155
7762
3993
7388
7850
3370
4793
7758
1105
8846
335
5434
1359
5518
1425
6672
2057
301
3556
2606
2362
8810
348
6260
5219
5733
7755
989
8771
2444
2627
6996
6457
8228
4198
6147
2838
3327
5776
3131
118
7042
5704
4574
5856
4018
6946
6528
395
3912
2568
4105
5121
5639
5812
1104
8552
5560
7153
6982
7384
7062
2658
5684
3892
7536
7640
8956
4728
6461
6005
4652
1839
580
1300
4423
3991
507
377
5304
5251
7269
2947
6021
5822
64
7800
7409
3202
3682
7081
693
7850
1914
7211
7812
4537
5232
5055
6616
6000
926
1086
7261
1859
6347
6519
2825
2506
8195
3113
8952
6228
8061
2874
2104
6545
7324
7407
1814
167
5056
2193
3377
552
2049
8497
4270
1740
1275
3283
5857
1895
5637
6036
3619
4122
2665
4060
24
5621
8792
8806
6492
5644
3467
972
2822
3623
3568
2406
5302
3229
8785
1312
4287
555
8853
8216
573
3617
4923
3238
7292
3387
6908
7422
3722
7855
2146
4920
5036
6105
4037
5729
7426
5092
8065
5917
5312
9000
8944
66
5540
7648
6546
4055
5506
4159
1987
8930
6619
5639
6619
8927
7313
6646
2189
6792
1818
6364
4614
2142
3285
4066
5239
6875
6944
6469
4079
1253
2955
3530
4366
4425
4035
8277
7732
7598
3058
2455
8145
491
6344
5929
1678
7613
4926
4907
6020
2446
793
5746
5687
3480
3107
7306
8035
822
935
191
2760
5977
6425
1535
5964
1243
1487
2676
3978
7290
2140
6671
8679
3949
6646
8405
3474
1398
2787
6419
4724
3179
3383
6342
8286
2883
335
3904
4193
1995
2193
7677
2396
417
4125
4428
1268
1471
932
4848
6846
3308
2771
7368
7242
1455
320
4721
1896
5632
3298
102
6894
6638
4985
3439
2564
8289
1179
1842
4934
5253
7850
1988
8458
4820
4964
441
2599
6341
3182
2912
7535
6790
8805
6500
4405
3252
3668
1158
7874
1720
335
6212
8131
7330
4451
4040
4992
6614
5873
6216
3706
7309
4257
2713
2118
8028
4700
5833
512
4951
7531
1684
1758
8457
8974
320
2718
2407
3978
1771
4321
5
7835
8933
7733
2293
6015
963
7897
4994
8383
3481
7764
7084
1020
2191
8798
2350
5899
3878
8507
1471
7605
7967
57
1899
5491
3235
4569
3865
3243
7476
812
4241
3999
8137
994
5410
3450
49
4325
457
8550
2263
961
8791
4915
3019
5833
6824
5475
2668
1765
5091
7301
4401
6194
5793
5149
1401
6814
6854
7990
3383
4609
6160
5599
6524
7431
3074
2752
5280
8938
4094
6663
1196
4785
2040
3251
8643
1914
4202
6201
2382
7747
5639
2875
6789
2201
1874
864
533
2846
3322
47
586
1222
7309
8455
2117
8449
715
4605
3139
3314
5621
2043
1467
2497
8710
2469
1542
5465
2332
2775
2807
643
2823
4864
3754
3701
345
8449
8792
6386
7216
7669
6298
6883
5937
606
1696
5930
4011
1214
2994
6824
5437
523
2558
3241
4579
8741
7481
937
4591
2360
6634
7180
1393
7908
3350
7603
8632
8827
4072
7349
5591
1367
2362
4082
4018
6122
3971
2941
5667
2576
3700
518
3157
5298
3887
5336
4415
8856
3094
4028
8207
3192
8786
5376
2923
6499
1614
5505
3917
2945
5508
1338
4184
8599
6180
7625
7142
221
3186
5576
2747
6865
2958
1176
6457
6171
8502
5765
6468
5904
2691
93
7669
1542
6767
8247
211
753
3803
8811
3855
4431
2523
7360
7773
2665
4264
4289
1294
3480
4569
442
7843
4519
206
5396
3434
7248
6962
7489
2610
6316
2421
5333
3908
1172
8834
1138
6921
4745
4092
3932
1455
6712
3222
6268
8236
3196
1387
699
5081
5
741
7222
5293
6770
6732
8368
5017
7207
202
1690
5305
5995
5893
6161
4856
5081
5106
6277
1820
3638
2337
5432
1681
540
5176
6039
3427
8543
6034
7597
1499
2739
6849
822
6414
7829
102
2685
483
2677
837
8838
6388
7211
7790
4993
7270
4073
1264
2926
3487
989
3882
6618
7307
7052
8629
5334
3516
2476
3961
5369
3967
668
7527
1204
1851
5573
6805
4212
2615
4155
3125
7546
2962
7354
3370
5504
1490
2871
6375
2028
4273
3640
7711
7425
2059
1915
5387
1049
5411
7896
3325
5290
6611
1345
7754
5641
773
2104
3408
7329
7474
3168
3654
3078
6485
4129
