270
90
32
24
26
50
87
65
35
13
64
95
51
3
27
98
37
29
8
60
68
66
9
74
2
57
84
35
74
37
27
34
75
49
33
42
64
46
24
19
63
76
31
36
74
76
56
88
39
50
24
60
11
45
65
54
6
14
21
1
93
73
55
20
7
16
76
23
5
89
52
76
59
36
58
14
21
41
35
12
80
92
100
46
60
62
16
79
29
98
18
87
91
35
37
5
25
70
90
41
77
48
12
51
93
6
19
45
5
22
55
78
78
34
21
2
72
12
87
63
9
4
64
84
26
52
45
80
31
13
24
51
48
74
12
87
21
98
82
89
74
2
47
56
10
21
72
17
27
7
61
39
74
86
46
86
52
97
93
15
69
83
41
2
63
78
84
34
94
25
6
39
21
15
45
67
100
37
36
6
59
32
10
12
52
62
80
16
60
10
82
89
26
86
21
61
41
56
65
27
92
30
1
51
30
87
38
83
17
16
64
91
64
71
45
72
30
11
54
47
27
98
8
96
54
49
97
13
20
78
88
59
35
25
6
6
37
67
95
95
16
56
9
27
99
80
100
21
96
26
44
75
73
27
88
74
3
57
78
8
23
35
3
91
83
5
86
4
64
95
52
60
