500
100
99
98
101
103
102
95
103
98
95
98
104
105
103
99
101
103
99
99
100
96
96
103
97
102
100
101
97
101
95
100
95
95
99
105
104
96
105
101
95
97
98
104
98
95
102
98
104
101
99
100
96
97
102
95
104
98
104
97
98
97
101
101
95
95
99
99
100
99
103
97
97
105
103
98
99
105
103
104
100
105
105
98
104
99
100
103
102
105
97
95
98
100
98
104
96
102
99
99
102
98
101
95
102
97
100
100
98
105
99
102
97
102
103
95
98
95
101
97
97
105
103
104
103
98
97
101
96
99
102
105
97
105
100
102
105
102
95
97
96
96
97
97
105
96
98
96
103
99
98
95
101
96
97
101
103
104
101
96
104
103
101
99
99
96
102
101
102
103
95
96
99
98
103
98
95
103
101
102
98
102
99
99
102
103
102
105
95
100
104
97
98
105
99
99
104
100
102
100
98
104
99
103
104
99
104
100
100
97
95
100
102
96
105
105
100
104
99
98
104
98
104
103
99
95
102
100
100
101
95
101
98
103
105
96
101
95
95
104
102
100
101
96
105
105
95
97
97
98
97
98
95
101
104
98
103
95
104
97
95
99
95
103
103
102
95
96
95
102
95
104
102
99
100
98
96
97
97
95
96
103
104
103
98
103
96
96
104
96
99
96
105
105
102
105
104
95
103
97
99
101
102
104
101
101
100
102
103
100
105
97
103
98
105
101
97
100
96
101
100
105
101
101
98
96
99
96
103
98
101
100
100
100
95
101
95
97
96
99
102
101
100
101
105
102
98
100
99
98
101
103
96
102
104
105
96
99
96
100
97
105
103
95
101
98
103
105
104
105
98
104
103
99
103
105
101
105
104
96
97
105
104
98
101
98
100
104
104
95
98
104
102
99
103
105
102
103
96
97
104
95
96
97
95
97
98
104
99
100
105
105
101
104
101
102
101
104
102
98
97
99
105
95
101
98
97
101
102
98
97
101
95
103
103
105
100
99
101
96
102
100
105
97
103
99
97
97
100
101
102
100
96
103
96
99
102
97
97
98
102
97
103
97
95
103
102
105
96
96
96
98
97
95
99
100
95
98
105
98
103
96
101
98
98
105
105
95
96
99
101
101
97
102
103
99
95
100
98
97
101
102
