300
20
25
23
38
36
32
38
21
21
36
24
22
27
36
32
35
38
31
35
28
37
26
34
28
24
26
39
33
39
20
25
31
36
25
28
27
32
39
36
35
35
31
24
33
35
32
28
39
32
28
28
34
29
33
32
33
25
23
22
31
32
28
23
20
29
24
33
23
27
38
36
37
34
34
22
32
35
27
22
33
30
28
28
22
31
37
33
37
23
21
21
24
39
22
25
29
37
34
34
31
39
27
38
32
24
34
25
32
25
38
29
31
37
24
33
21
36
39
32
21
26
31
39
26
27
35
34
26
31
29
33
30
37
32
39
25
28
21
30
31
30
23
38
27
27
35
31
33
25
26
28
26
23
35
22
21
28
27
29
30
38
39
36
29
32
34
20
23
29
29
37
38
24
25
23
26
36
20
25
23
33
24
32
32
24
30
36
37
36
39
27
33
30
25
26
29
36
37
23
31
27
35
31
33
22
23
21
22
26
26
34
28
30
23
22
38
37
37
26
23
28
23
35
30
37
27
23
29
21
38
37
28
34
29
25
24
26
22
25
25
26
33
22
30
20
26
28
27
21
29
20
28
37
28
32
21
38
29
26
34
34
32
37
37
23
37
32
21
25
28
20
36
32
35
37
24
35
28
21
35
23
23
20
26
27
24
32
26
35
25
39
38
37
31
38
26
37
25
28
28
37
