240
80
91
108
117
118
148
106
117
126
140
157
136
80
145
144
90
127
108
127
120
150
116
101
118
109
153
121
137
148
149
138
135
101
91
126
130
152
129
139
143
121
98
96
104
150
84
153
134
145
88
105
115
112
105
123
109
113
107
143
116
104
101
120
155
114
106
145
140
113
125
108
82
84
107
118
130
103
141
115
133
150
157
81
136
111
90
111
92
115
147
152
89
150
142
113
102
138
80
125
84
150
120
125
129
104
137
148
140
129
107
110
122
119
144
100
145
93
127
149
133
126
133
90
150
114
89
102
100
146
130
115
83
80
123
158
117
145
91
111
124
113
111
115
113
122
105
159
84
96
155
119
88
100
142
154
159
109
112
155
126
117
102
113
118
137
135
144
119
106
140
84
123
141
146
151
139
96
146
87
143
109
146
117
132
100
115
147
142
86
154
136
146
124
94
127
115
128
105
148
139
139
142
126
157
113
113
81
111
94
92
93
146
139
111
91
139
102
122
128
97
112
101
114
118
147
139
100
80
134
139
82
102
94
143
122
155
98
112
88
84
111
