270
90
98
101
96
103
97
98
98
95
104
98
104
100
98
98
95
97
99
105
101
95
102
96
102
97
105
99
95
97
101
103
105
101
102
99
105
97
100
102
103
102
96
98
102
100
101
104
95
101
103
104
96
104
96
95
101
105
102
97
105
105
95
97
96
96
103
99
104
95
105
100
98
100
96
96
102
101
98
105
95
105
101
100
103
100
98
105
102
98
97
95
104
100
97
103
102
95
103
96
100
97
95
100
101
98
104
98
97
97
99
101
105
95
96
96
101
98
101
102
103
98
97
104
98
102
100
102
97
101
96
105
102
99
101
101
102
102
96
103
95
104
98
101
105
97
99
98
96
103
97
103
96
97
104
103
101
99
104
103
98
105
99
97
103
102
95
103
101
100
101
96
98
95
104
98
100
100
98
100
96
101
101
105
105
100
99
101
95
104
95
99
99
104
98
97
101
103
99
97
105
102
95
102
96
101
102
96
99
95
96
95
100
97
98
104
99
100
100
102
101
96
97
95
95
103
100
102
103
95
99
102
97
101
103
99
95
104
95
102
100
104
103
101
105
105
96
99
100
96
97
97
96
96
103
102
102
97
99
97
96
104
102
104
98
101
103
98
98
104
100
102
