1050
70
99
100
124
74
87
74
126
74
75
112
72
85
111
93
93
135
70
83
96
86
103
124
138
105
91
80
137
89
125
133
76
117
115
104
97
131
127
84
90
83
138
138
114
91
79
78
119
135
102
95
128
108
83
86
93
106
99
94
70
126
124
83
72
87
117
139
125
126
101
119
120
117
72
77
128
94
114
120
74
106
83
94
116
130
73
103
121
128
120
105
107
131
89
88
123
88
94
104
107
88
131
98
94
138
90
88
78
104
117
131
73
89
106
75
85
134
117
118
82
120
77
101
87
78
79
123
95
94
100
137
116
95
108
86
114
71
114
127
108
108
102
137
111
74
80
127
129
78
71
114
96
136
82
97
138
71
100
135
120
79
76
116
120
131
76
132
72
122
136
117
106
113
105
95
137
108
98
134
93
138
100
109
80
108
91
95
108
111
99
100
76
101
72
109
105
92
88
113
136
105
71
102
109
96
74
73
81
111
84
131
113
116
92
91
129
70
139
130
89
86
98
100
124
87
100
111
127
91
97
90
108
90
86
105
81
82
86
135
102
97
77
116
120
96
94
95
92
104
134
116
76
79
79
83
71
106
120
93
118
76
107
114
92
115
132
86
91
133
137
128
112
100
128
128
84
109
80
99
88
87
117
98
85
73
112
117
110
88
131
99
76
101
112
137
123
97
75
118
134
96
115
139
104
91
115
77
102
108
100
70
85
120
74
126
100
111
90
137
130
83
125
93
113
96
113
103
130
86
115
75
70
131
131
71
118
104
86
98
133
105
92
134
124
110
101
128
129
109
99
137
109
137
109
87
82
74
106
123
84
136
119
139
74
87
93
95
107
72
97
84
94
131
90
129
88
90
74
82
97
116
119
128
120
98
82
79
103
80
123
95
114
101
71
82
133
114
70
73
102
124
90
133
74
126
104
135
120
99
84
87
80
138
90
109
100
97
136
121
122
110
95
90
94
112
94
89
89
83
80
113
132
114
95
132
113
133
129
136
128
88
111
76
116
76
97
135
95
127
92
107
86
82
78
127
85
129
82
73
127
117
91
136
75
133
136
82
98
106
131
83
135
82
97
102
124
74
101
125
104
124
76
83
99
123
94
73
133
117
73
78
108
104
78
75
131
91
138
97
73
92
134
134
118
89
97
122
83
121
126
99
126
99
121
109
138
87
99
133
80
86
127
127
90
101
89
137
88
106
105
128
128
123
118
124
91
83
85
117
127
85
83
83
131
118
75
93
95
112
133
120
118
109
73
120
121
132
110
113
133
131
124
78
135
78
124
133
81
129
136
104
130
121
72
139
92
134
123
122
90
137
77
77
85
124
132
125
93
138
111
119
103
128
102
80
110
110
125
86
103
85
130
93
81
92
79
75
117
109
79
134
117
77
75
74
106
91
127
127
77
77
94
139
139
124
139
123
139
127
126
74
128
81
98
97
85
110
134
139
134
73
133
76
130
86
95
79
105
82
94
76
139
74
100
75
121
124
72
88
76
106
96
99
126
137
138
130
118
74
92
122
81
122
110
89
101
132
71
122
109
125
116
83
106
118
119
87
129
139
118
87
123
93
112
78
87
108
128
70
88
97
90
90
88
96
80
94
112
81
79
134
72
88
109
136
94
77
138
139
101
74
130
103
135
125
77
81
119
87
114
70
114
106
133
124
87
138
98
102
85
134
77
77
103
104
111
80
101
129
90
113
120
139
138
78
103
71
116
123
125
80
104
101
130
120
107
130
101
81
81
136
104
136
85
73
82
136
137
114
131
95
78
135
110
99
113
82
71
117
106
134
85
114
98
88
86
88
103
80
84
136
123
100
102
108
128
91
113
114
131
122
105
131
133
138
86
103
126
130
130
90
127
112
116
74
121
102
127
131
94
78
135
70
102
84
115
70
85
80
99
122
95
124
76
123
133
117
123
94
78
107
118
99
71
135
99
128
119
136
107
92
76
95
79
138
83
96
106
111
112
134
136
118
105
108
73
115
139
84
111
71
72
106
114
108
80
101
115
115
103
131
102
126
105
138
106
121
126
120
87
100
113
97
103
128
113
108
136
130
126
116
75
70
126
120
87
111
91
73
121
97
81
127
96
113
83
88
107
112
78
138
129
109
121
72
114
102
137
106
101
134
110
125
118
132
138
120
95
106
89
137
94
120
105
75
97
94
103
103
89
87
137
91
124
95
80
136
73
101
82
86
114
128
85
131
84
100
72
94
122
98
130
125
109
97
109
91
104
130
89
137
75
134
81
85
98
107
85
97
128
122
73
72
104
72
94
72
131
91
87
119
75
113
94
127
95
87
79
79
98
130
85
135
109
116
112
119
134
120
73
78
91
98
122
80
92
85
80
109
93
85
133
139
71
102
119
128
127
90
82
125
