161
80
125
36
60
137
99
66
22
9
94
103
9
108
155
155
52
51
111
57
150
79
68
68
110
136
145
149
98
41
100
71
136
49
143
22
74
23
33
27
126
48
120
52
59
119
110
159
73
71
144
47
61
136
106
57
111
113
79
41
81
131
94
73
116
112
112
14
48
103
121
21
4
141
37
78
62
138
20
121
66
122
127
155
20
127
153
152
64
36
78
64
45
15
116
2
52
1
33
122
22
96
34
61
73
130
43
120
43
75
107
55
154
98
74
74
14
108
41
17
128
102
22
10
2
158
129
27
141
90
108
8
20
35
49
103
84
29
56
42
155
138
120
1
88
70
7
118
10
70
31
115
155
94
65
58
99
87
6
61
90
107
33
