800
80
80
154
134
86
106
96
132
146
156
128
93
104
114
139
107
118
150
119
86
120
116
147
157
83
141
130
97
123
158
119
156
144
100
119
125
149
116
149
127
157
114
145
114
154
116
114
89
85
132
95
94
103
117
143
117
83
150
124
97
102
91
136
125
109
121
122
132
104
81
130
126
156
142
93
140
116
120
124
136
106
150
124
95
98
92
88
98
81
102
120
102
100
140
133
150
103
106
84
111
140
137
135
142
142
157
97
151
128
109
104
130
81
123
114
122
113
83
157
96
152
138
151
151
151
100
96
91
151
90
139
97
140
144
86
136
99
109
98
106
130
112
159
103
132
93
88
88
152
159
103
125
108
81
158
158
140
93
157
125
132
87
105
124
157
108
110
93
119
122
96
156
144
128
103
121
120
115
103
96
81
129
117
123
105
103
110
154
157
147
94
120
91
132
107
119
144
132
141
134
86
134
81
134
96
86
117
82
97
159
133
121
97
137
94
130
158
92
100
128
133
159
148
103
97
146
123
143
108
98
138
141
117
143
126
146
89
98
102
102
141
130
81
108
108
159
96
125
102
144
95
134
94
98
96
99
152
80
114
136
89
153
96
122
127
136
125
138
150
131
136
104
92
96
116
104
143
132
139
153
120
99
118
158
117
109
132
89
135
126
101
115
93
123
146
136
87
148
112
84
149
122
151
141
115
119
157
116
144
115
83
118
113
125
85
112
109
102
132
120
110
81
92
86
147
135
94
152
157
109
131
80
105
88
143
122
105
120
130
107
144
152
107
84
150
122
132
158
125
134
158
108
154
132
97
80
93
105
115
141
143
132
131
141
80
145
133
86
120
132
82
159
109
93
134
85
146
131
141
127
84
142
121
90
89
85
115
107
104
141
134
159
150
155
112
139
134
92
82
123
138
121
134
142
117
128
115
149
121
148
96
95
99
114
93
126
145
109
109
85
87
145
114
146
134
108
148
96
124
101
157
89
96
99
102
124
119
96
155
91
103
140
131
91
95
135
158
105
108
120
99
86
101
122
130
113
114
150
152
102
117
83
136
102
139
124
95
111
81
89
93
130
83
127
97
146
159
134
117
159
150
92
87
143
114
98
99
152
119
134
127
88
127
125
149
125
85
140
88
85
84
112
133
158
130
106
155
93
104
81
98
148
117
82
111
156
149
144
144
141
159
81
98
141
99
112
118
135
144
93
154
157
118
135
158
116
120
111
118
102
128
82
90
83
90
102
116
123
155
118
96
100
111
133
124
116
143
101
135
151
114
151
144
158
159
124
114
112
91
96
136
98
89
101
156
93
88
110
124
133
133
96
99
129
88
153
144
87
105
135
127
81
139
82
143
110
153
117
85
81
136
114
151
103
97
153
132
125
152
94
145
139
95
97
110
113
82
150
127
80
159
134
132
152
89
123
93
126
117
87
80
128
151
135
112
93
152
125
149
89
147
151
119
152
140
92
148
102
129
118
155
121
156
102
102
156
102
150
138
97
143
111
84
116
110
113
133
104
81
136
117
127
150
119
122
130
94
113
144
103
91
155
146
148
151
136
145
142
129
101
153
140
144
92
119
80
82
151
111
82
144
98
121
80
109
127
110
80
149
115
110
126
131
83
91
144
148
86
136
108
116
82
112
147
112
143
159
153
95
128
102
149
118
139
121
99
145
105
87
85
155
103
145
113
96
122
102
89
136
100
88
119
126
146
81
88
134
118
142
152
84
99
132
96
98
118
128
88
86
110
139
127
106
148
124
144
108
125
87
90
115
139
144
101
93
138
87
137
134
94
97
83
137
131
132
141
128
118
112
138
136
