180
60
4
13
35
97
51
89
16
22
11
28
95
27
17
62
74
77
43
90
14
86
90
72
35
65
7
64
45
62
70
27
71
9
61
13
60
9
77
3
89
66
74
100
64
54
90
18
28
87
16
70
4
13
84
45
42
55
28
4
55
28
81
41
10
5
88
49
27
29
27
17
73
88
67
21
13
88
98
20
64
84
2
77
12
24
79
44
76
17
49
96
35
70
49
16
40
85
58
46
19
27
31
81
61
39
93
10
31
92
88
18
15
51
76
93
62
77
92
52
66
18
42
78
20
86
45
25
22
63
99
92
36
44
54
45
35
5
66
96
38
83
97
91
25
60
96
93
50
45
61
2
16
9
32
6
5
7
80
80
59
84
95
56
96
59
65
62
1
57
82
79
58
57
84
27
18
75
99
84
70
22
