300
20
24
39
34
24
39
39
23
39
35
26
36
38
36
20
29
25
37
25
24
21
25
34
36
32
27
32
30
39
32
31
34
34
28
37
25
29
24
26
21
21
33
25
23
20
28
26
29
37
22
38
20
24
36
34
39
30
32
27
30
25
37
39
34
38
21
35
26
35
25
35
28
35
38
20
36
28
38
31
26
32
29
39
28
27
32
27
27
38
33
39
39
26
29
28
24
21
24
26
23
33
24
27
24
35
25
20
24
26
24
34
21
39
30
25
28
31
22
24
31
23
33
31
38
25
29
38
38
25
21
36
31
28
20
39
25
39
26
26
36
36
20
34
32
35
30
26
33
36
29
27
33
39
30
27
33
30
25
31
33
33
36
33
35
28
21
24
39
36
35
28
20
23
36
38
26
30
25
33
29
28
24
30
20
25
33
39
26
27
23
20
29
39
39
31
30
37
20
38
33
34
33
29
36
37
27
24
38
27
39
39
27
33
24
32
37
35
38
34
38
37
23
35
30
36
21
25
36
29
34
38
38
20
25
37
36
32
33
36
30
30
25
30
36
37
35
38
33
22
39
27
25
21
26
22
22
37
28
22
38
32
25
21
37
32
21
29
34
30
32
34
33
21
29
24
30
24
22
37
23
37
21
35
26
38
37
21
35
29
25
27
39
25
33
38
34
27
26
24
23
35
